900.000000 1.500000 0.133742 -1.378337
1800.000000 1.500000 0.133742 -1.378337
2700.000000 1.500000 0.133742 -1.378337
3600.000000 1.500000 0.133742 -1.378337
4500.000000 1.500000 0.133742 -1.378337
5400.000000 1.500000 0.133742 -1.378337
6300.000000 1.500000 0.133742 -1.378337
7200.000000 1.500000 0.133742 -1.378337
8100.000000 1.500000 0.133742 -1.378337
9000.000000 1.500000 0.133742 -1.378337
9900.000000 1.500000 0.133742 -1.378337
10800.000000 1.500000 0.133742 -1.378337
11700.000000 1.500000 0.133742 -1.378337
12600.000000 1.500000 0.133742 -1.378337
13500.000000 1.500000 0.133742 -1.378337
14400.000000 1.500000 0.133742 -1.378337
15300.000000 1.500000 0.133742 -1.378337
16200.000000 1.500000 0.133742 -1.378337
17100.000000 1.500000 0.133742 -1.378337
18000.000000 1.500000 0.133742 -1.378337
18900.000000 1.500000 0.133742 -1.378337
19800.000000 1.500000 0.133742 -1.378337
20700.000000 1.500000 0.133742 -1.378337
21600.000000 1.500000 0.133742 -1.378337
22500.000000 1.500000 0.133742 -1.378337
23400.000000 1.500000 0.133742 -1.378337
24300.000000 1.500000 0.133742 -1.378337
25200.000000 1.500000 0.133742 -1.378337
26100.000000 1.500000 0.133742 -1.378337
27000.000000 1.500000 0.133742 -1.378337
27900.000000 1.500000 0.133742 -1.378337
28800.000000 1.500000 0.133742 -1.378337
29700.000000 1.500000 0.133742 -1.378337
30600.000000 1.500000 0.133742 -1.378337
31500.000000 1.500000 0.133742 -1.378337
32400.000000 1.500000 0.133742 -1.378337
33300.000000 1.500000 0.133742 -1.378337
34200.000000 1.500000 0.133742 -1.378337
35100.000000 1.500000 0.133742 -1.378337
36000.000000 1.500000 0.133742 -1.378337
36900.000000 1.500000 0.133742 -1.378337
37800.000000 1.500000 0.133742 -1.378337
38700.000000 1.500000 0.133742 -1.378337
39600.000000 1.500000 0.133742 -1.378337
40500.000000 1.500000 0.133742 -1.378337
41400.000000 1.500000 0.133742 -1.378337
42300.000000 1.500000 0.133742 -1.378337
43200.000000 1.500000 0.133742 -1.378337
44100.000000 1.500000 0.133742 -1.378337
45000.000000 1.500000 0.133742 -1.378337
45900.000000 1.500000 0.133742 -1.378337
46800.000000 1.500000 0.133742 -1.378337
47700.000000 1.500000 0.133742 -1.378337
48600.000000 1.500000 0.133742 -1.378337
49500.000000 1.500000 0.133742 -1.378337
50400.000000 1.500000 0.133742 -1.378337
51300.000000 1.500000 0.251272 -0.971854
52200.000000 1.500000 0.247219 -0.983471
53100.000000 1.500000 0.247219 -0.983471
54000.000000 1.500000 0.247219 -0.983471
54900.000000 1.500000 0.247219 -0.983471
55800.000000 1.500000 0.243167 -0.995145
56700.000000 1.500000 0.243167 -0.995145
57600.000000 1.500000 0.243167 -0.995145
58500.000000 1.500000 0.239114 -1.006886
59400.000000 1.500000 0.239114 -1.006886
60300.000000 1.500000 0.239114 -1.006886
61200.000000 1.500000 0.239114 -1.006886
62100.000000 1.500000 0.235061 -1.018706
63000.000000 1.500000 0.235061 -1.018706
63900.000000 1.500000 0.235061 -1.018706
64800.000000 1.500000 0.231008 -1.030614
65700.000000 1.500000 0.231008 -1.030614
66600.000000 1.500000 0.231008 -1.030614
67500.000000 1.500000 0.231008 -1.030614
68400.000000 1.500000 0.226956 -1.042621
69300.000000 1.500000 0.226956 -1.042621
70200.000000 1.500000 0.226956 -1.042621
71100.000000 1.500000 0.222903 -1.054739
72000.000000 1.500000 0.222903 -1.054739
72900.000000 1.500000 0.222903 -1.054739
73800.000000 1.500000 0.222903 -1.054739
74700.000000 1.500000 0.218850 -1.066978
75600.000000 1.500000 0.218850 -1.066978
76500.000000 1.500000 0.218850 -1.066978
77400.000000 1.500000 0.218850 -1.066978
78300.000000 1.500000 0.214797 -1.079350
79200.000000 1.500000 0.214797 -1.079350
80100.000000 1.500000 0.214797 -1.079350
81000.000000 1.500000 0.210745 -1.091867
81900.000000 1.500000 0.210745 -1.091867
82800.000000 1.500000 0.210745 -1.091867
83700.000000 1.500000 0.210745 -1.091867
84600.000000 1.500000 0.210745 -1.091867
85500.000000 1.500000 0.206692 -1.104541
86400.000000 1.500000 0.206692 -1.104541
