900.000000 0.600000 0.073020 -1.436100 0.073020 -1.436100
1800.000000 0.600000 0.073020 -1.436100 0.073020 -1.436100
2700.000000 0.600000 0.073020 -1.436100 0.073020 -1.436100
3600.000000 0.600000 0.073020 -1.436100 0.073020 -1.436100
4500.000000 0.600000 0.073020 -1.436100 0.073020 -1.436100
5400.000000 0.600000 0.073020 -1.436100 0.073020 -1.436100
6300.000000 0.600000 0.073020 -1.436100 0.073020 -1.436100
7200.000000 0.600000 0.073020 -1.436100 0.073020 -1.436100
8100.000000 0.600000 0.073020 -1.436100 0.073020 -1.436100
9000.000000 0.600000 0.073020 -1.436100 0.073020 -1.436100
9900.000000 0.600000 0.073020 -1.436100 0.073020 -1.436100
10800.000000 0.600000 0.073020 -1.436100 0.073020 -1.436100
11700.000000 0.600000 0.073020 -1.436100 0.073020 -1.436100
12600.000000 0.600000 0.073020 -1.436100 0.073020 -1.436100
13500.000000 0.600000 0.073020 -1.436100 0.073020 -1.436100
14400.000000 0.600000 0.073020 -1.436100 0.073020 -1.436100
15300.000000 0.600000 0.073020 -1.436100 0.073020 -1.436100
16200.000000 0.600000 0.073020 -1.436100 0.073020 -1.436100
17100.000000 0.600000 0.073020 -1.436100 0.073020 -1.436100
18000.000000 0.600000 0.073020 -1.436100 0.073020 -1.436100
18900.000000 0.600000 0.081133 -1.369613 0.170378 -0.948773
19800.000000 0.600000 0.154152 -1.002358 0.178491 -0.923957
20700.000000 0.600000 0.194718 -0.877514 0.202831 -0.855638
21600.000000 0.600000 0.210944 -0.834519 0.210944 -0.834519
22500.000000 0.600000 0.210944 -0.834519 0.081133 -1.369613
23400.000000 0.600000 0.210944 -0.834519 0.073020 -1.436100
24300.000000 0.600000 0.210944 -0.834519 0.073020 -1.436100
25200.000000 0.600000 0.210944 -0.834519 0.073020 -1.436100
26100.000000 0.600000 0.210944 -0.834519 0.073020 -1.436100
27000.000000 0.600000 0.210944 -0.834519 0.073020 -1.436100
27900.000000 0.600000 0.202831 -0.855638 0.073020 -1.436100
28800.000000 0.600000 0.202831 -0.855638 0.073020 -1.436100
29700.000000 0.600000 0.202831 -0.855638 0.073020 -1.436100
30600.000000 0.600000 0.202831 -0.855638 0.073020 -1.436100
31500.000000 0.600000 0.194718 -0.877514 0.073020 -1.436100
32400.000000 0.600000 0.194718 -0.877514 0.073020 -1.436100
33300.000000 0.600000 0.194718 -0.877514 0.073020 -1.436100
34200.000000 0.600000 0.194718 -0.877514 0.073020 -1.436100
35100.000000 0.600000 0.194718 -0.877514 0.073020 -1.436100
36000.000000 0.600000 0.194718 -0.877514 0.073020 -1.436100
36900.000000 0.600000 0.186604 -0.900248 0.073020 -1.436100
37800.000000 0.600000 0.186604 -0.900248 0.073020 -1.436100
38700.000000 0.600000 0.178491 -0.923957 0.073020 -1.436100
39600.000000 0.600000 0.178491 -0.923957 0.073020 -1.436100
40500.000000 0.600000 0.178491 -0.923957 0.073020 -1.436100
41400.000000 0.600000 0.170378 -0.948773 0.073020 -1.436100
42300.000000 0.600000 0.170378 -0.948773 0.073020 -1.436100
43200.000000 0.600000 0.170378 -0.948773 0.073020 -1.436100
44100.000000 0.600000 0.162265 -0.974847 0.073020 -1.436100
45000.000000 0.600000 0.162265 -0.974847 0.073020 -1.436100
45900.000000 0.600000 0.162265 -0.974847 0.073020 -1.436100
46800.000000 0.600000 0.162265 -0.974847 0.073020 -1.436100
47700.000000 0.600000 0.154152 -1.002358 0.073020 -1.436100
48600.000000 0.600000 0.154152 -1.002358 0.073020 -1.436100
49500.000000 0.600000 0.154152 -1.002358 0.073020 -1.436100
50400.000000 0.600000 0.154152 -1.002358 0.073020 -1.436100
51300.000000 0.600000 0.154152 -1.002358 0.073020 -1.436100
52200.000000 0.600000 0.146038 -1.031513 0.073020 -1.436100
53100.000000 0.600000 0.146038 -1.031513 0.073020 -1.436100
54000.000000 0.600000 0.146038 -1.031513 0.073020 -1.436100
54900.000000 0.600000 0.146038 -1.031513 0.073020 -1.436100
55800.000000 0.600000 0.146038 -1.031513 0.073020 -1.436100
56700.000000 0.600000 0.146038 -1.031513 0.073020 -1.436100
57600.000000 0.600000 0.137925 -1.062561 0.073020 -1.436100
58500.000000 0.600000 0.137925 -1.062561 0.073020 -1.436100
59400.000000 0.600000 0.137925 -1.062561 0.073020 -1.436100
60300.000000 0.600000 0.137925 -1.062561 0.073020 -1.436100
61200.000000 0.600000 0.137925 -1.062561 0.073020 -1.436100
62100.000000 0.600000 0.137925 -1.062561 0.073020 -1.436100
63000.000000 0.600000 0.137925 -1.062561 0.073020 -1.436100
63900.000000 0.600000 0.129812 -1.095800 0.073020 -1.436100
64800.000000 0.600000 0.129812 -1.095800 0.073020 -1.436100
65700.000000 0.600000 0.129812 -1.095800 0.073020 -1.436100
66600.000000 0.600000 0.129812 -1.095800 0.073020 -1.436100
67500.000000 0.600000 0.129812 -1.095800 0.073020 -1.436100
68400.000000 0.600000 0.129812 -1.095800 0.073020 -1.436100
69300.000000 0.600000 0.129812 -1.095800 0.073020 -1.436100
70200.000000 0.600000 0.129812 -1.095800 0.073020 -1.436100
71100.000000 0.600000 0.129812 -1.095800 0.073020 -1.436100
72000.000000 0.600000 0.121699 -1.131595 0.073020 -1.436100
72900.000000 0.600000 0.121699 -1.131595 0.073020 -1.436100
73800.000000 0.600000 0.121699 -1.131595 0.073020 -1.436100
74700.000000 0.600000 0.121699 -1.131595 0.073020 -1.436100
75600.000000 0.600000 0.121699 -1.131595 0.073020 -1.436100
76500.000000 0.600000 0.121699 -1.131595 0.073020 -1.436100
77400.000000 0.600000 0.121699 -1.131595 0.073020 -1.436100
78300.000000 0.600000 0.121699 -1.131595 0.073020 -1.436100
79200.000000 0.600000 0.121699 -1.131595 0.073020 -1.436100
80100.000000 0.600000 0.121699 -1.131595 0.073020 -1.436100
81000.000000 0.600000 0.121699 -1.131595 0.073020 -1.436100
81900.000000 0.600000 0.121699 -1.131595 0.073020 -1.436100
82800.000000 0.600000 0.113586 -1.170395 0.073020 -1.436100
83700.000000 0.600000 0.113586 -1.170395 0.073020 -1.436100
84600.000000 0.600000 0.113586 -1.170395 0.073020 -1.436100
85500.000000 0.600000 0.113586 -1.170395 0.073020 -1.436100
86400.000000 0.600000 0.113586 -1.170395 0.073020 -1.436100
