* control data
          11           2           2           3
           2
* PEST parameter data
  -6.993369836736889E-001  -0.7415479498659838
  -7.638538909515322E-001  -0.7638538909515322
* base parameter data
 thetar       -1000000   9.9999997999999993E-03   1.0000000000000000E-02   2.0000000000000000E-02    1.000000000000000        0.000000000000000
 thetas       -1000002   0.4000000000000000       0.4000000000000000       0.5000000000000000        1.000000000000000        0.000000000000000
 alpha        -1000002    5.000000000000000        1.000000000000000        5.000000000000000        1.000000000000000        0.000000000000000
 n            -1000002    1.100000000000000        1.100000000000000        10.00000000000000        1.000000000000000        0.000000000000000
 ksat         -1000002   1.0000000000000000E-03   9.9999999999999995E-08   1.0000000000000000E-03    1.000000000000000        0.000000000000000
 l            -1000000   0.5000000000000000       0.4500000000000000       0.5500000000000000        1.000000000000000        0.000000000000000
 ihead               0    146.4758534018868        50.00000000000000        250.0000000000000        1.000000000000000        0.000000000000000
 start        -1000000    300.0000000000000        120.0000000000000        360.0000000000000        1.000000000000000        0.000000000000000
 inten        -1000000    4.000000000000000        1.000000000000000        15.00000000000000        1.000000000000000        0.000000000000000
 durat        -1000000    60.00000000000000        30.00000000000000        240.0000000000000        1.000000000000000        0.000000000000000
 pulse               0    26.04140417706199        10.00000000000000        40.00000000000000        1.000000000000000        0.000000000000000
* model input files
 TO.IN.ptf  TO.IN
 pre_TO.IN.ptf  pre_TO.IN
* eigenvector matrix
   1.000000000000000       0.000000000000000
   0.000000000000000       1.000000000000000
* scale factor matrix
   1.000000000000000       1.000000000000000       1.000000000000000       1.000000000000000       1.000000000000000
   1.000000000000000       50.00000000000000       1.000000000000000       1.000000000000000       1.000000000000000
   7.500000000000000
