#YYYY MM DD HH MM  P(mm)  PET(mm)
2009  5  7  0  0   0  0
2009  5  7  0  15  0  0
2009  5  7  0  30  0  0
2009  5  7  0  45  0  0
2009  5  7  1  0   0  0
2009  5  7  1  15  0  0
2009  5  7  1  30  0  0
2009  5  7  1  45  0  0
2009  5  7  2  0   0  0
2009  5  7  2  15  0  0
2009  5  7  2  30  0  0
2009  5  7  2  45  0  0
2009  5  7  3  0   0  0
2009  5  7  3  15  0  0
2009  5  7  3  30  0  0
2009  5  7  3  45  0  0
2009  5  7  4  0   0  0
2009  5  7  4  15  0  0
2009  5  7  4  30  0  0
2009  5  7  4  45  0  0
2009  5  7  5  0   0  0
2009  5  7  5  15  35  0
2009  5  7  5  30  35  0
2009  5  7  5  45  35  0


