  double point
        thetar    5.0000000000000003E-02     1.000000         0.000000    
        thetas    0.4300000000000000         1.000000         0.000000    
         alpha     3.807595900000000         1.000000         0.000000    
             n     1.484400790000000         1.000000         0.000000    
          ksat    5.3283499999999995E-04     1.000000         0.000000    
             l    0.5000000000000000         1.000000         0.000000    
         ihead     145.0000000000000         1.000000         0.000000    
         start     300.0000000000000         1.000000         0.000000    
         inten     4.000000000000000         1.000000         0.000000    
         durat     60.00000000000000         1.000000         0.000000    
         pulse     31.00000000000000         1.000000         0.000000    
