  double point
        thetar    5.0000000000000003E-02     1.000000         0.000000    
        thetas    0.4300000000000000         1.000000         0.000000    
         alpha     2.120700000000000         1.000000         0.000000    
             n     3.800000000000000         1.000000         0.000000    
          ksat    7.2475999999999997E-04     1.000000         0.000000    
             l    0.5000000000000000         1.000000         0.000000    
         ihead     90.00000000000000         1.000000         0.000000    
         start     300.0000000000000         1.000000         0.000000    
         inten     4.000000000000000         1.000000         0.000000    
         durat     60.00000000000000         1.000000         0.000000    
         pulse     31.00000000000000         1.000000         0.000000    
