 double  point
 bins                100.0000        1.000000        0.000000    
 thetar             1.0000000E-07    1.000000        0.000000    
 thetas             0.4300000        1.000000        0.000000    
 alpha               2.090239        1.000000        0.000000    
 n                   3.894817        1.000000        0.000000    
 ksat               8.5000000E-04    1.000000        0.000000    
 l                  0.5000000        1.000000        0.000000    
 ihead               145.0000        1.000000        0.000000    
 start               300.0000        1.000000        0.000000    
 inten               4.000000        1.000000        0.000000    
 durat               60.00000        1.000000        0.000000    
 pulse               150.0000        1.000000        0.000000    
