  double point
          bins     53.99295310000000         1.000000         0.000000    
        thetar    9.9999999999999995E-07     1.000000         0.000000    
        thetas    0.4300000000000000         1.000000         0.000000    
         alpha     1.405356680000000         1.000000         0.000000    
             n     3.438456840000000         1.000000         0.000000    
          ksat    6.0999999999999999E-05     1.000000         0.000000    
             l    0.5000000000000000         1.000000         0.000000    
         ihead     145.0000000000000         1.000000         0.000000    
         start     300.0000000000000         1.000000         0.000000    
         inten     4.000000000000000         1.000000         0.000000    
         durat     60.00000000000000         1.000000         0.000000    
         pulse     150.0000000000000         1.000000         0.000000    
