  double point
        thetar    9.9999999999999995E-07     1.000000         0.000000    
        thetas    0.4300000000000000         1.000000         0.000000    
         alpha     2.299941290000000         1.000000         0.000000    
             n     3.722153110000000         1.000000         0.000000    
          ksat    1.0000000000000000E-03     1.000000         0.000000    
             l    0.5000000000000000         1.000000         0.000000    
         ihead     144.9670000000000         1.000000         0.000000    
         start     300.0000000000000         1.000000         0.000000    
         inten     4.000000000000000         1.000000         0.000000    
         durat     60.00000000000000         1.000000         0.000000    
         pulse     31.00000000000000         1.000000         0.000000    
