  double point
        thetar    5.0000000000000003E-02     1.000000         0.000000    
        thetas    0.4300000000000000         1.000000         0.000000    
         alpha     3.095998580000000         1.000000         0.000000    
             n     1.471432740000000         1.000000         0.000000    
          ksat    1.7508600000000000E-04     1.000000         0.000000    
             l    0.5000000000000000         1.000000         0.000000    
         ihead     130.0000000000000         1.000000         0.000000    
         start     300.0000000000000         1.000000         0.000000    
         inten     4.000000000000000         1.000000         0.000000    
         durat     60.00000000000000         1.000000         0.000000    
         pulse     31.00000000000000         1.000000         0.000000    
