 Name                 Group          Measured         Modelled         Residual         Weight       Weight*Measured    Weight*Modelled  Weight*Residual  Measurement_sd   Natural_weight
 ten1                 tensio        -1.464409        -1.752568        0.2881593         1.000000        -1.464409        -1.752568        0.2881593        0.1730918         5.777281    
 ten2                 tensio        -1.460964        -1.752568        0.2916036         1.000000        -1.460964        -1.752568        0.2916036        0.1730918         5.777281    
 ten3                 tensio        -1.458668        -1.752568        0.2938998         1.000000        -1.458668        -1.752568        0.2938998        0.1730918         5.777281    
 ten4                 tensio        -1.459816        -1.752568        0.2927517         1.000000        -1.459816        -1.752568        0.2927517        0.1730918         5.777281    
 ten5                 tensio        -1.456946        -1.752568        0.2956220         1.000000        -1.456946        -1.752568        0.2956220        0.1730918         5.777281    
 ten6                 tensio        -1.461538        -1.752568        0.2910295         1.000000        -1.461538        -1.752568        0.2910295        0.1730918         5.777281    
 ten7                 tensio        -1.460390        -1.752568        0.2921776         1.000000        -1.460390        -1.752568        0.2921776        0.1730918         5.777281    
 ten8                 tensio        -1.458668        -1.752568        0.2938998         1.000000        -1.458668        -1.752568        0.2938998        0.1730918         5.777281    
 ten9                 tensio        -1.462113        -1.752568        0.2904555         1.000000        -1.462113        -1.752568        0.2904555        0.1730918         5.777281    
 ten10                tensio        -1.453502        -1.752568        0.2990663         1.000000        -1.453502        -1.752568        0.2990663        0.1730918         5.777281    
 ten11                tensio        -1.454076        -1.752568        0.2984922         1.000000        -1.454076        -1.752568        0.2984922        0.1730918         5.777281    
 ten12                tensio        -1.451780        -1.752568        0.3007884         1.000000        -1.451780        -1.752568        0.3007884        0.1730918         5.777281    
 ten13                tensio        -1.452354        -1.752568        0.3002144         1.000000        -1.452354        -1.752568        0.3002144        0.1730918         5.777281    
 ten14                tensio        -1.458668        -1.752568        0.2938998         1.000000        -1.458668        -1.752568        0.2938998        0.1730918         5.777281    
 ten15                tensio        -1.452354        -1.752568        0.3002144         1.000000        -1.452354        -1.752568        0.3002144        0.1730918         5.777281    
 ten16                tensio        -1.448909        -1.752568        0.3036587         1.000000        -1.448909        -1.752568        0.3036587        0.1730918         5.777281    
 ten17                tensio        -1.449483        -1.752568        0.3030846         1.000000        -1.449483        -1.752568        0.3030846        0.1730918         5.777281    
 ten18                tensio        -1.430540        -1.752568        0.3220284         1.000000        -1.430540        -1.752568        0.3220284        0.1730918         5.777281    
 ten19                tensio        -1.404133        -1.752568        0.3484348         1.000000        -1.404133        -1.752568        0.3484348        0.1730918         5.777281    
 ten20                tensio        -1.320321        -1.752568        0.4322465         1.000000        -1.320321        -1.752568        0.4322465        0.1730918         5.777281    
 ten21                tensio        -1.060276        -1.130608        7.0332455E-02     1.000000        -1.060276        -1.130608        7.0332455E-02    0.1730918         5.777281    
 ten22                tensio       -0.7824340        -1.025769        0.2433350         1.000000       -0.7824340        -1.025769        0.2433350        0.1730918         5.777281    
 ten23                tensio       -0.7169920       -0.9714640        0.2544720         1.000000       -0.7169920       -0.9714640        0.2544720        0.1730918         5.777281    
 ten24                tensio       -0.7112514       -0.9714640        0.2602126         1.000000       -0.7112514       -0.9714640        0.2602126        0.1730918         5.777281    
 ten25                tensio       -0.7123995       -0.9714640        0.2590645         1.000000       -0.7123995       -0.9714640        0.2590645        0.1730918         5.777281    
 ten26                tensio       -0.7152698       -0.9714640        0.2561942         1.000000       -0.7152698       -0.9714640        0.2561942        0.1730918         5.777281    
 ten27                tensio       -0.7169920       -0.9751420        0.2581500         1.000000       -0.7169920       -0.9751420        0.2581500        0.1730918         5.777281    
 ten28                tensio       -0.7307692       -0.9751420        0.2443728         1.000000       -0.7307692       -0.9751420        0.2443728        0.1730918         5.777281    
 ten29                tensio       -0.7669346       -0.9751420        0.2082074         1.000000       -0.7669346       -0.9751420        0.2082074        0.1730918         5.777281    
 ten30                tensio       -0.7887486       -0.9788490        0.1901004         1.000000       -0.7887486       -0.9788490        0.1901004        0.1730918         5.777281    
 ten31                tensio       -0.8088404       -0.9788490        0.1700086         1.000000       -0.8088404       -0.9788490        0.1700086        0.1730918         5.777281    
 ten32                tensio       -0.8283582       -0.9788490        0.1504908         1.000000       -0.8283582       -0.9788490        0.1504908        0.1730918         5.777281    
 ten33                tensio       -0.8467279       -0.9825860        0.1358581         1.000000       -0.8467279       -0.9825860        0.1358581        0.1730918         5.777281    
 ten34                tensio       -0.8639495       -0.9825860        0.1186365         1.000000       -0.8639495       -0.9825860        0.1186365        0.1730918         5.777281    
 ten35                tensio       -0.8828932       -0.9825860        9.9692774E-02     1.000000       -0.8828932       -0.9825860        9.9692774E-02    0.1730918         5.777281    
 ten36                tensio       -0.8960964       -0.9863530        9.0256559E-02     1.000000       -0.8960964       -0.9863530        9.0256559E-02    0.1730918         5.777281    
 ten37                tensio       -0.9064294       -0.9863530        7.9923608E-02     1.000000       -0.9064294       -0.9863530        7.9923608E-02    0.1730918         5.777281    
 ten38                tensio       -0.9173364       -0.9863530        6.9016605E-02     1.000000       -0.9173364       -0.9863530        6.9016605E-02    0.1730918         5.777281    
 ten39                tensio       -0.9282434       -0.9901500        6.1906602E-02     1.000000       -0.9282434       -0.9901500        6.1906602E-02    0.1730918         5.777281    
 ten40                tensio       -0.9380023       -0.9901500        5.2147704E-02     1.000000       -0.9380023       -0.9901500        5.2147704E-02    0.1730918         5.777281    
 ten41                tensio       -0.9477612       -0.9901500        4.2388806E-02     1.000000       -0.9477612       -0.9901500        4.2388806E-02    0.1730918         5.777281    
 ten42                tensio       -0.9552239       -0.9939780        3.8754119E-02     1.000000       -0.9552239       -0.9939780        3.8754119E-02    0.1730918         5.777281    
 ten43                tensio       -0.9632606       -0.9939780        3.0717380E-02     1.000000       -0.9632606       -0.9939780        3.0717380E-02    0.1730918         5.777281    
 ten44                tensio       -0.9712974       -0.9978380        2.6540641E-02     1.000000       -0.9712974       -0.9978380        2.6540641E-02    0.1730918         5.777281    
 ten45                tensio       -0.9799082       -0.9978380        1.7929848E-02     1.000000       -0.9799082       -0.9978380        1.7929848E-02    0.1730918         5.777281    
 ten46                tensio       -0.9862227        -1.001729        1.5506268E-02     1.000000       -0.9862227        -1.001729        1.5506268E-02    0.1730918         5.777281    
 ten47                tensio       -0.9936854        -1.001729        8.0435809E-03     1.000000       -0.9936854        -1.001729        8.0435809E-03    0.1730918         5.777281    
 ten48                tensio        -1.000574        -1.001729        1.1549472E-03     1.000000        -1.000574        -1.001729        1.1549472E-03    0.1730918         5.777281    
 ten49                tensio        -1.006889        -1.005653       -1.2356338E-03     1.000000        -1.006889        -1.005653       -1.2356338E-03    0.1730918         5.777281    
 ten50                tensio        -1.013203        -1.005653       -7.5502147E-03     1.000000        -1.013203        -1.005653       -7.5502147E-03    0.1730918         5.777281    
 ten51                tensio        -1.020092        -1.013598       -6.4938484E-03     1.000000        -1.020092        -1.013598       -6.4938484E-03    0.1730918         5.777281    
 ten52                tensio        -1.025832        -1.021678       -4.1543766E-03     1.000000        -1.025832        -1.021678       -4.1543766E-03    0.1730918         5.777281    
 ten53                tensio        -1.030999        -1.029895       -1.1038519E-03     1.000000        -1.030999        -1.029895       -1.1038519E-03    0.1730918         5.777281    
 ten54                tensio        -1.035591        -1.038254        2.6627256E-03     1.000000        -1.035591        -1.038254        2.6627256E-03    0.1730918         5.777281    
 ten55                tensio        -1.039610        -1.042487        2.8773559E-03     1.000000        -1.039610        -1.042487        2.8773559E-03    0.1730918         5.777281    
 ten56                tensio        -1.044202        -1.051066        6.8639334E-03     1.000000        -1.044202        -1.051066        6.8639334E-03    0.1730918         5.777281    
 ten57                tensio        -1.049943        -1.059798        9.8554053E-03     1.000000        -1.049943        -1.059798        9.8554053E-03    0.1730918         5.777281    
 ten58                tensio        -1.052813        -1.064221        1.1408141E-02     1.000000        -1.052813        -1.064221        1.1408141E-02    0.1730918         5.777281    
 ten59                tensio        -1.056257        -1.073189        1.6931824E-02     1.000000        -1.056257        -1.073189        1.6931824E-02    0.1730918         5.777281    
 ten60                tensio        -1.060850        -1.077734        1.6884402E-02     1.000000        -1.060850        -1.077734        1.6884402E-02    0.1730918         5.777281    
 ten61                tensio        -1.063720        -1.082320        1.8600138E-02     1.000000        -1.063720        -1.082320        1.8600138E-02    0.1730918         5.777281    
 ten62                tensio        -1.068312        -1.091620        2.3307715E-02     1.000000        -1.068312        -1.091620        2.3307715E-02    0.1730918         5.777281    
 ten63                tensio        -1.072331        -1.096334        2.4003346E-02     1.000000        -1.072331        -1.096334        2.4003346E-02    0.1730918         5.777281    
 ten64                tensio        -1.075775        -1.101093        2.5318029E-02     1.000000        -1.075775        -1.101093        2.5318029E-02    0.1730918         5.777281    
 ten65                tensio        -1.078071        -1.105896        2.7824817E-02     1.000000        -1.078071        -1.105896        2.7824817E-02    0.1730918         5.777281    
 ten66                tensio        -1.082090        -1.115640        3.3550448E-02     1.000000        -1.082090        -1.115640        3.3550448E-02    0.1730918         5.777281    
 ten67                tensio        -1.085534        -1.120581        3.5047131E-02     1.000000        -1.085534        -1.120581        3.5047131E-02    0.1730918         5.777281    
 ten68                tensio        -1.088404        -1.125571        3.7166867E-02     1.000000        -1.088404        -1.125571        3.7166867E-02    0.1730918         5.777281    
 ten69                tensio        -1.091274        -1.130608        3.9333603E-02     1.000000        -1.091274        -1.130608        3.9333603E-02    0.1730918         5.777281    
 ten70                tensio        -1.092423        -1.135695        4.3272497E-02     1.000000        -1.092423        -1.135695        4.3272497E-02    0.1730918         5.777281    
 ten71                tensio        -1.097015        -1.140831        4.3816075E-02     1.000000        -1.097015        -1.140831        4.3816075E-02    0.1730918         5.777281    
 ten72                tensio        -1.100459        -1.146018        4.5558758E-02     1.000000        -1.100459        -1.146018        4.5558758E-02    0.1730918         5.777281    
 ten73                tensio        -1.102181        -1.151256        4.9074599E-02     1.000000        -1.102181        -1.151256        4.9074599E-02    0.1730918         5.777281    
 ten74                tensio        -1.105052        -1.156547        5.1495335E-02     1.000000        -1.105052        -1.156547        5.1495335E-02    0.1730918         5.777281    
 ten75                tensio        -1.107348        -1.161891        5.4543124E-02     1.000000        -1.107348        -1.161891        5.4543124E-02    0.1730918         5.777281    
 ten76                tensio        -1.109644        -1.161891        5.2246913E-02     1.000000        -1.109644        -1.161891        5.2246913E-02    0.1730918         5.777281    
 ten77                tensio        -1.113088        -1.167289        5.4200596E-02     1.000000        -1.113088        -1.167289        5.4200596E-02    0.1730918         5.777281    
 ten78                tensio        -1.114237        -1.172742        5.8505490E-02     1.000000        -1.114237        -1.172742        5.8505490E-02    0.1730918         5.777281    
 ten79                tensio        -1.117107        -1.178250        6.1143226E-02     1.000000        -1.117107        -1.178250        6.1143226E-02    0.1730918         5.777281    
 ten80                tensio        -1.120551        -1.183816        6.3264909E-02     1.000000        -1.120551        -1.183816        6.3264909E-02    0.1730918         5.777281    
 ten81                tensio        -1.122847        -1.189438        6.6590698E-02     1.000000        -1.122847        -1.189438        6.6590698E-02    0.1730918         5.777281    
 ten82                tensio        -1.125144        -1.189438        6.4294487E-02     1.000000        -1.125144        -1.189438        6.4294487E-02    0.1730918         5.777281    
 ten83                tensio        -1.128014        -1.195120        6.7106223E-02     1.000000        -1.128014        -1.195120        6.7106223E-02    0.1730918         5.777281    
 ten84                tensio        -1.130310        -1.200861        7.0551011E-02     1.000000        -1.130310        -1.200861        7.0551011E-02    0.1730918         5.777281    
 ten85                tensio        -1.131458        -1.200861        6.9402906E-02     1.000000        -1.131458        -1.200861        6.9402906E-02    0.1730918         5.777281    
 ten86                tensio        -1.135476        -1.206663        7.1186536E-02     1.000000        -1.135476        -1.206663        7.1186536E-02    0.1730918         5.777281    
 ten87                tensio        -1.137199        -1.212527        7.5328378E-02     1.000000        -1.137199        -1.212527        7.5328378E-02    0.1730918         5.777281    
 ten88                tensio        -1.137773        -1.212527        7.4754325E-02     1.000000        -1.137773        -1.212527        7.4754325E-02    0.1730918         5.777281    
 ten89                tensio        -1.139495        -1.218453        7.8958166E-02     1.000000        -1.139495        -1.218453        7.8958166E-02    0.1730918         5.777281    
 ten90                tensio        -1.142939        -1.224444        8.1504850E-02     1.000000        -1.142939        -1.224444        8.1504850E-02    0.1730918         5.777281    
 ten91                tensio        -1.144661        -1.224444        7.9782691E-02     1.000000        -1.144661        -1.224444        7.9782691E-02    0.1730918         5.777281    
 ten92                tensio        -1.146958        -1.230499        8.3541480E-02     1.000000        -1.146958        -1.230499        8.3541480E-02    0.1730918         5.777281    
 ten93                tensio        -1.148106        -1.236620        8.8514374E-02     1.000000        -1.148106        -1.236620        8.8514374E-02    0.1730918         5.777281    
 ten94                tensio        -1.150402        -1.236620        8.6218163E-02     1.000000        -1.150402        -1.236620        8.6218163E-02    0.1730918         5.777281    
 ten95                tensio        -1.157290        -1.242809        8.5518529E-02     1.000000        -1.157290        -1.242809        8.5518529E-02    0.1730918         5.777281    
 ten96                tensio        -1.153846        -1.242809        8.8962846E-02     1.000000        -1.153846        -1.242809        8.8962846E-02    0.1730918         5.777281    
