 Name                 Group          Measured         Modelled         Residual         Weight       Weight*Measured    Weight*Modelled  Weight*Residual  Measurement_sd   Natural_weight
 ten1                 tensio        -1.464409        -1.737810        0.2734013         1.000000        -1.464409        -1.737810        0.2734013        0.1539687         6.494826    
 ten2                 tensio        -1.460964        -1.737810        0.2768456         1.000000        -1.460964        -1.737810        0.2768456        0.1539687         6.494826    
 ten3                 tensio        -1.458668        -1.737810        0.2791418         1.000000        -1.458668        -1.737810        0.2791418        0.1539687         6.494826    
 ten4                 tensio        -1.459816        -1.737810        0.2779937         1.000000        -1.459816        -1.737810        0.2779937        0.1539687         6.494826    
 ten5                 tensio        -1.456946        -1.737810        0.2808640         1.000000        -1.456946        -1.737810        0.2808640        0.1539687         6.494826    
 ten6                 tensio        -1.461538        -1.737810        0.2762715         1.000000        -1.461538        -1.737810        0.2762715        0.1539687         6.494826    
 ten7                 tensio        -1.460390        -1.737810        0.2774196         1.000000        -1.460390        -1.737810        0.2774196        0.1539687         6.494826    
 ten8                 tensio        -1.458668        -1.737810        0.2791418         1.000000        -1.458668        -1.737810        0.2791418        0.1539687         6.494826    
 ten9                 tensio        -1.462113        -1.737810        0.2756975         1.000000        -1.462113        -1.737810        0.2756975        0.1539687         6.494826    
 ten10                tensio        -1.453502        -1.737810        0.2843083         1.000000        -1.453502        -1.737810        0.2843083        0.1539687         6.494826    
 ten11                tensio        -1.454076        -1.737810        0.2837342         1.000000        -1.454076        -1.737810        0.2837342        0.1539687         6.494826    
 ten12                tensio        -1.451780        -1.737810        0.2860304         1.000000        -1.451780        -1.737810        0.2860304        0.1539687         6.494826    
 ten13                tensio        -1.452354        -1.737810        0.2854564         1.000000        -1.452354        -1.737810        0.2854564        0.1539687         6.494826    
 ten14                tensio        -1.458668        -1.737810        0.2791418         1.000000        -1.458668        -1.737810        0.2791418        0.1539687         6.494826    
 ten15                tensio        -1.452354        -1.737810        0.2854564         1.000000        -1.452354        -1.737810        0.2854564        0.1539687         6.494826    
 ten16                tensio        -1.448909        -1.737810        0.2889007         1.000000        -1.448909        -1.737810        0.2889007        0.1539687         6.494826    
 ten17                tensio        -1.449483        -1.737810        0.2883266         1.000000        -1.449483        -1.737810        0.2883266        0.1539687         6.494826    
 ten18                tensio        -1.430540        -1.737810        0.3072704         1.000000        -1.430540        -1.737810        0.3072704        0.1539687         6.494826    
 ten19                tensio        -1.404133        -1.737810        0.3336768         1.000000        -1.404133        -1.737810        0.3336768        0.1539687         6.494826    
 ten20                tensio        -1.320321        -1.737810        0.4174885         1.000000        -1.320321        -1.737810        0.4174885        0.1539687         6.494826    
 ten21                tensio        -1.060276        -1.059354       -9.2154535E-04     1.000000        -1.060276        -1.059354       -9.2154535E-04    0.1539687         6.494826    
 ten22                tensio       -0.7824340       -0.9229910        0.1405570         1.000000       -0.7824340       -0.9229910        0.1405570        0.1539687         6.494826    
 ten23                tensio       -0.7169920       -0.8739230        0.1569310         1.000000       -0.7169920       -0.8739230        0.1569310        0.1539687         6.494826    
 ten24                tensio       -0.7112514       -0.8739230        0.1626716         1.000000       -0.7112514       -0.8739230        0.1626716        0.1539687         6.494826    
 ten25                tensio       -0.7123995       -0.8739230        0.1615235         1.000000       -0.7123995       -0.8739230        0.1615235        0.1539687         6.494826    
 ten26                tensio       -0.7152698       -0.8739230        0.1586532         1.000000       -0.7152698       -0.8739230        0.1586532        0.1539687         6.494826    
 ten27                tensio       -0.7169920       -0.8772540        0.1602620         1.000000       -0.7169920       -0.8772540        0.1602620        0.1539687         6.494826    
 ten28                tensio       -0.7307692       -0.8772540        0.1464848         1.000000       -0.7307692       -0.8772540        0.1464848        0.1539687         6.494826    
 ten29                tensio       -0.7669346       -0.8772540        0.1103194         1.000000       -0.7669346       -0.8772540        0.1103194        0.1539687         6.494826    
 ten30                tensio       -0.7887486       -0.8806100        9.1861435E-02     1.000000       -0.7887486       -0.8806100        9.1861435E-02    0.1539687         6.494826    
 ten31                tensio       -0.8088404       -0.8806100        7.1769587E-02     1.000000       -0.8088404       -0.8806100        7.1769587E-02    0.1539687         6.494826    
 ten32                tensio       -0.8283582       -0.8806100        5.2251791E-02     1.000000       -0.8283582       -0.8806100        5.2251791E-02    0.1539687         6.494826    
 ten33                tensio       -0.8467279       -0.8839920        3.7264101E-02     1.000000       -0.8467279       -0.8839920        3.7264101E-02    0.1539687         6.494826    
 ten34                tensio       -0.8639495       -0.8839920        2.0042517E-02     1.000000       -0.8639495       -0.8839920        2.0042517E-02    0.1539687         6.494826    
 ten35                tensio       -0.8828932       -0.8839920        1.0987738E-03     1.000000       -0.8828932       -0.8839920        1.0987738E-03    0.1539687         6.494826    
 ten36                tensio       -0.8960964       -0.8874010       -8.6954409E-03     1.000000       -0.8960964       -0.8874010       -8.6954409E-03    0.1539687         6.494826    
 ten37                tensio       -0.9064294       -0.8874010       -1.9028392E-02     1.000000       -0.9064294       -0.8874010       -1.9028392E-02    0.1539687         6.494826    
 ten38                tensio       -0.9173364       -0.8908350       -2.6501395E-02     1.000000       -0.9173364       -0.8908350       -2.6501395E-02    0.1539687         6.494826    
 ten39                tensio       -0.9282434       -0.8908350       -3.7408398E-02     1.000000       -0.9282434       -0.8908350       -3.7408398E-02    0.1539687         6.494826    
 ten40                tensio       -0.9380023       -0.8908350       -4.7167296E-02     1.000000       -0.9380023       -0.8908350       -4.7167296E-02    0.1539687         6.494826    
 ten41                tensio       -0.9477612       -0.8942960       -5.3465194E-02     1.000000       -0.9477612       -0.8942960       -5.3465194E-02    0.1539687         6.494826    
 ten42                tensio       -0.9552239       -0.8942960       -6.0927881E-02     1.000000       -0.9552239       -0.8942960       -6.0927881E-02    0.1539687         6.494826    
 ten43                tensio       -0.9632606       -0.8977850       -6.5475620E-02     1.000000       -0.9632606       -0.8977850       -6.5475620E-02    0.1539687         6.494826    
 ten44                tensio       -0.9712974       -0.8977850       -7.3512359E-02     1.000000       -0.9712974       -0.8977850       -7.3512359E-02    0.1539687         6.494826    
 ten45                tensio       -0.9799082       -0.9013000       -7.8608152E-02     1.000000       -0.9799082       -0.9013000       -7.8608152E-02    0.1539687         6.494826    
 ten46                tensio       -0.9862227       -0.9013000       -8.4922732E-02     1.000000       -0.9862227       -0.9013000       -8.4922732E-02    0.1539687         6.494826    
 ten47                tensio       -0.9936854       -0.9048440       -8.8841419E-02     1.000000       -0.9936854       -0.9048440       -8.8841419E-02    0.1539687         6.494826    
 ten48                tensio        -1.000574       -0.9048440       -9.5730053E-02     1.000000        -1.000574       -0.9048440       -9.5730053E-02    0.1539687         6.494826    
 ten49                tensio        -1.006889       -0.9048440       -0.1020446         1.000000        -1.006889       -0.9048440       -0.1020446        0.1539687         6.494826    
 ten50                tensio        -1.013203       -0.9156450       -9.7558215E-02     1.000000        -1.013203       -0.9156450       -9.7558215E-02    0.1539687         6.494826    
 ten51                tensio        -1.020092       -0.9229910       -9.7100848E-02     1.000000        -1.020092       -0.9229910       -9.7100848E-02    0.1539687         6.494826    
 ten52                tensio        -1.025832       -0.9304570       -9.5375377E-02     1.000000        -1.025832       -0.9304570       -9.5375377E-02    0.1539687         6.494826    
 ten53                tensio        -1.030999       -0.9380470       -9.2951852E-02     1.000000        -1.030999       -0.9380470       -9.2951852E-02    0.1539687         6.494826    
 ten54                tensio        -1.035591       -0.9457630       -8.9828274E-02     1.000000        -1.035591       -0.9457630       -8.9828274E-02    0.1539687         6.494826    
 ten55                tensio        -1.039610       -0.9536090       -8.6000644E-02     1.000000        -1.039610       -0.9536090       -8.6000644E-02    0.1539687         6.494826    
 ten56                tensio        -1.044202       -0.9615890       -8.2613067E-02     1.000000        -1.044202       -0.9615890       -8.2613067E-02    0.1539687         6.494826    
 ten57                tensio        -1.049943       -0.9656300       -8.4312595E-02     1.000000        -1.049943       -0.9656300       -8.4312595E-02    0.1539687         6.494826    
 ten58                tensio        -1.052813       -0.9738170       -7.8995859E-02     1.000000        -1.052813       -0.9738170       -7.8995859E-02    0.1539687         6.494826    
 ten59                tensio        -1.056257       -0.9779650       -7.8292176E-02     1.000000        -1.056257       -0.9779650       -7.8292176E-02    0.1539687         6.494826    
 ten60                tensio        -1.060850       -0.9863680       -7.4481598E-02     1.000000        -1.060850       -0.9863680       -7.4481598E-02    0.1539687         6.494826    
 ten61                tensio        -1.063720       -0.9906250       -7.3094862E-02     1.000000        -1.063720       -0.9906250       -7.3094862E-02    0.1539687         6.494826    
 ten62                tensio        -1.068312       -0.9992540       -6.9058285E-02     1.000000        -1.068312       -0.9992540       -6.9058285E-02    0.1539687         6.494826    
 ten63                tensio        -1.072331        -1.003627       -6.8703654E-02     1.000000        -1.072331        -1.003627       -6.8703654E-02    0.1539687         6.494826    
 ten64                tensio        -1.075775        -1.008039       -6.7735971E-02     1.000000        -1.075775        -1.008039       -6.7735971E-02    0.1539687         6.494826    
 ten65                tensio        -1.078071        -1.016984       -6.1087183E-02     1.000000        -1.078071        -1.016984       -6.1087183E-02    0.1539687         6.494826    
 ten66                tensio        -1.082090        -1.021519       -6.0570552E-02     1.000000        -1.082090        -1.021519       -6.0570552E-02    0.1539687         6.494826    
 ten67                tensio        -1.085534        -1.026095       -5.9438869E-02     1.000000        -1.085534        -1.026095       -5.9438869E-02    0.1539687         6.494826    
 ten68                tensio        -1.088404        -1.030713       -5.7691133E-02     1.000000        -1.088404        -1.030713       -5.7691133E-02    0.1539687         6.494826    
 ten69                tensio        -1.091274        -1.035375       -5.5899397E-02     1.000000        -1.091274        -1.035375       -5.5899397E-02    0.1539687         6.494826    
 ten70                tensio        -1.092423        -1.040081       -5.2341503E-02     1.000000        -1.092423        -1.040081       -5.2341503E-02    0.1539687         6.494826    
 ten71                tensio        -1.097015        -1.044831       -5.2183925E-02     1.000000        -1.097015        -1.044831       -5.2183925E-02    0.1539687         6.494826    
 ten72                tensio        -1.100459        -1.049626       -5.0833242E-02     1.000000        -1.100459        -1.049626       -5.0833242E-02    0.1539687         6.494826    
 ten73                tensio        -1.102181        -1.054467       -4.7714401E-02     1.000000        -1.102181        -1.054467       -4.7714401E-02    0.1539687         6.494826    
 ten74                tensio        -1.105052        -1.059354       -4.5697665E-02     1.000000        -1.105052        -1.059354       -4.5697665E-02    0.1539687         6.494826    
 ten75                tensio        -1.107348        -1.064289       -4.3058876E-02     1.000000        -1.107348        -1.064289       -4.3058876E-02    0.1539687         6.494826    
 ten76                tensio        -1.109644        -1.069272       -4.0372087E-02     1.000000        -1.109644        -1.069272       -4.0372087E-02    0.1539687         6.494826    
 ten77                tensio        -1.113088        -1.074303       -3.8785404E-02     1.000000        -1.113088        -1.074303       -3.8785404E-02    0.1539687         6.494826    
 ten78                tensio        -1.114237        -1.079384       -3.4852510E-02     1.000000        -1.114237        -1.079384       -3.4852510E-02    0.1539687         6.494826    
 ten79                tensio        -1.117107        -1.084515       -3.2591774E-02     1.000000        -1.117107        -1.084515       -3.2591774E-02    0.1539687         6.494826    
 ten80                tensio        -1.120551        -1.084515       -3.6036091E-02     1.000000        -1.120551        -1.084515       -3.6036091E-02    0.1539687         6.494826    
 ten81                tensio        -1.122847        -1.089698       -3.3149302E-02     1.000000        -1.122847        -1.089698       -3.3149302E-02    0.1539687         6.494826    
 ten82                tensio        -1.125144        -1.094932       -3.0211513E-02     1.000000        -1.125144        -1.094932       -3.0211513E-02    0.1539687         6.494826    
 ten83                tensio        -1.128014        -1.100219       -2.7794777E-02     1.000000        -1.128014        -1.100219       -2.7794777E-02    0.1539687         6.494826    
 ten84                tensio        -1.130310        -1.105559       -2.4750989E-02     1.000000        -1.130310        -1.105559       -2.4750989E-02    0.1539687         6.494826    
 ten85                tensio        -1.131458        -1.105559       -2.5899094E-02     1.000000        -1.131458        -1.105559       -2.5899094E-02    0.1539687         6.494826    
 ten86                tensio        -1.135476        -1.110954       -2.4522464E-02     1.000000        -1.135476        -1.110954       -2.4522464E-02    0.1539687         6.494826    
 ten87                tensio        -1.137199        -1.116405       -2.0793622E-02     1.000000        -1.137199        -1.116405       -2.0793622E-02    0.1539687         6.494826    
 ten88                tensio        -1.137773        -1.116405       -2.1367675E-02     1.000000        -1.137773        -1.116405       -2.1367675E-02    0.1539687         6.494826    
 ten89                tensio        -1.139495        -1.121911       -1.7583834E-02     1.000000        -1.139495        -1.121911       -1.7583834E-02    0.1539687         6.494826    
 ten90                tensio        -1.142939        -1.127475       -1.5464150E-02     1.000000        -1.142939        -1.127475       -1.5464150E-02    0.1539687         6.494826    
 ten91                tensio        -1.144661        -1.127475       -1.7186309E-02     1.000000        -1.144661        -1.127475       -1.7186309E-02    0.1539687         6.494826    
 ten92                tensio        -1.146958        -1.133097       -1.3860520E-02     1.000000        -1.146958        -1.133097       -1.3860520E-02    0.1539687         6.494826    
 ten93                tensio        -1.148106        -1.138777       -9.3286257E-03     1.000000        -1.148106        -1.138777       -9.3286257E-03    0.1539687         6.494826    
 ten94                tensio        -1.150402        -1.138777       -1.1624837E-02     1.000000        -1.150402        -1.138777       -1.1624837E-02    0.1539687         6.494826    
 ten95                tensio        -1.157290        -1.144519       -1.2771471E-02     1.000000        -1.157290        -1.144519       -1.2771471E-02    0.1539687         6.494826    
 ten96                tensio        -1.153846        -1.150321       -3.5251539E-03     1.000000        -1.153846        -1.150321       -3.5251539E-03    0.1539687         6.494826    
