 Name                 Group          Measured         Modelled         Residual         Weight       Weight*Measured    Weight*Modelled  Weight*Residual  Measurement_sd   Natural_weight
 ten1                 tensio        -1.464409        -1.743111        0.2787023         1.000000        -1.464409        -1.743111        0.2787023        0.1572726         6.358387    
 ten2                 tensio        -1.460964        -1.743111        0.2821466         1.000000        -1.460964        -1.743111        0.2821466        0.1572726         6.358387    
 ten3                 tensio        -1.458668        -1.743111        0.2844428         1.000000        -1.458668        -1.743111        0.2844428        0.1572726         6.358387    
 ten4                 tensio        -1.459816        -1.743111        0.2832947         1.000000        -1.459816        -1.743111        0.2832947        0.1572726         6.358387    
 ten5                 tensio        -1.456946        -1.743111        0.2861650         1.000000        -1.456946        -1.743111        0.2861650        0.1572726         6.358387    
 ten6                 tensio        -1.461538        -1.743111        0.2815725         1.000000        -1.461538        -1.743111        0.2815725        0.1572726         6.358387    
 ten7                 tensio        -1.460390        -1.743111        0.2827206         1.000000        -1.460390        -1.743111        0.2827206        0.1572726         6.358387    
 ten8                 tensio        -1.458668        -1.743111        0.2844428         1.000000        -1.458668        -1.743111        0.2844428        0.1572726         6.358387    
 ten9                 tensio        -1.462113        -1.743111        0.2809985         1.000000        -1.462113        -1.743111        0.2809985        0.1572726         6.358387    
 ten10                tensio        -1.453502        -1.743111        0.2896093         1.000000        -1.453502        -1.743111        0.2896093        0.1572726         6.358387    
 ten11                tensio        -1.454076        -1.743111        0.2890352         1.000000        -1.454076        -1.743111        0.2890352        0.1572726         6.358387    
 ten12                tensio        -1.451780        -1.743111        0.2913314         1.000000        -1.451780        -1.743111        0.2913314        0.1572726         6.358387    
 ten13                tensio        -1.452354        -1.743111        0.2907574         1.000000        -1.452354        -1.743111        0.2907574        0.1572726         6.358387    
 ten14                tensio        -1.458668        -1.743111        0.2844428         1.000000        -1.458668        -1.743111        0.2844428        0.1572726         6.358387    
 ten15                tensio        -1.452354        -1.743111        0.2907574         1.000000        -1.452354        -1.743111        0.2907574        0.1572726         6.358387    
 ten16                tensio        -1.448909        -1.743111        0.2942017         1.000000        -1.448909        -1.743111        0.2942017        0.1572726         6.358387    
 ten17                tensio        -1.449483        -1.743111        0.2936276         1.000000        -1.449483        -1.743111        0.2936276        0.1572726         6.358387    
 ten18                tensio        -1.430540        -1.743111        0.3125714         1.000000        -1.430540        -1.743111        0.3125714        0.1572726         6.358387    
 ten19                tensio        -1.404133        -1.743111        0.3389778         1.000000        -1.404133        -1.743111        0.3389778        0.1572726         6.358387    
 ten20                tensio        -1.320321        -1.743111        0.4227895         1.000000        -1.320321        -1.743111        0.4227895        0.1572726         6.358387    
 ten21                tensio        -1.060276        -1.111037        5.0761455E-02     1.000000        -1.060276        -1.111037        5.0761455E-02    0.1572726         6.358387    
 ten22                tensio       -0.7824340       -0.9831100        0.2006760         1.000000       -0.7824340       -0.9831100        0.2006760        0.1572726         6.358387    
 ten23                tensio       -0.7169920       -0.9228310        0.2058390         1.000000       -0.7169920       -0.9228310        0.2058390        0.1572726         6.358387    
 ten24                tensio       -0.7112514       -0.9228310        0.2115796         1.000000       -0.7112514       -0.9228310        0.2115796        0.1572726         6.358387    
 ten25                tensio       -0.7123995       -0.9228310        0.2104315         1.000000       -0.7123995       -0.9228310        0.2104315        0.1572726         6.358387    
 ten26                tensio       -0.7152698       -0.9228310        0.2075612         1.000000       -0.7152698       -0.9228310        0.2075612        0.1572726         6.358387    
 ten27                tensio       -0.7169920       -0.9263750        0.2093830         1.000000       -0.7169920       -0.9263750        0.2093830        0.1572726         6.358387    
 ten28                tensio       -0.7307692       -0.9263750        0.1956058         1.000000       -0.7307692       -0.9263750        0.1956058        0.1572726         6.358387    
 ten29                tensio       -0.7669346       -0.9263750        0.1594404         1.000000       -0.7669346       -0.9263750        0.1594404        0.1572726         6.358387    
 ten30                tensio       -0.7887486       -0.9299480        0.1411994         1.000000       -0.7887486       -0.9299480        0.1411994        0.1572726         6.358387    
 ten31                tensio       -0.8088404       -0.9299480        0.1211076         1.000000       -0.8088404       -0.9299480        0.1211076        0.1572726         6.358387    
 ten32                tensio       -0.8283582       -0.9299480        0.1015898         1.000000       -0.8283582       -0.9299480        0.1015898        0.1572726         6.358387    
 ten33                tensio       -0.8467279       -0.9335490        8.6821101E-02     1.000000       -0.8467279       -0.9335490        8.6821101E-02    0.1572726         6.358387    
 ten34                tensio       -0.8639495       -0.9335490        6.9599517E-02     1.000000       -0.8639495       -0.9335490        6.9599517E-02    0.1572726         6.358387    
 ten35                tensio       -0.8828932       -0.9335490        5.0655774E-02     1.000000       -0.8828932       -0.9335490        5.0655774E-02    0.1572726         6.358387    
 ten36                tensio       -0.8960964       -0.9371780        4.1081559E-02     1.000000       -0.8960964       -0.9371780        4.1081559E-02    0.1572726         6.358387    
 ten37                tensio       -0.9064294       -0.9371780        3.0748608E-02     1.000000       -0.9064294       -0.9371780        3.0748608E-02    0.1572726         6.358387    
 ten38                tensio       -0.9173364       -0.9371780        1.9841605E-02     1.000000       -0.9173364       -0.9371780        1.9841605E-02    0.1572726         6.358387    
 ten39                tensio       -0.9282434       -0.9408370        1.2593602E-02     1.000000       -0.9282434       -0.9408370        1.2593602E-02    0.1572726         6.358387    
 ten40                tensio       -0.9380023       -0.9408370        2.8347038E-03     1.000000       -0.9380023       -0.9408370        2.8347038E-03    0.1572726         6.358387    
 ten41                tensio       -0.9477612       -0.9408370       -6.9241940E-03     1.000000       -0.9477612       -0.9408370       -6.9241940E-03    0.1572726         6.358387    
 ten42                tensio       -0.9552239       -0.9445250       -1.0698881E-02     1.000000       -0.9552239       -0.9445250       -1.0698881E-02    0.1572726         6.358387    
 ten43                tensio       -0.9632606       -0.9445250       -1.8735620E-02     1.000000       -0.9632606       -0.9445250       -1.8735620E-02    0.1572726         6.358387    
 ten44                tensio       -0.9712974       -0.9482430       -2.3054359E-02     1.000000       -0.9712974       -0.9482430       -2.3054359E-02    0.1572726         6.358387    
 ten45                tensio       -0.9799082       -0.9482430       -3.1665152E-02     1.000000       -0.9799082       -0.9482430       -3.1665152E-02    0.1572726         6.358387    
 ten46                tensio       -0.9862227       -0.9482430       -3.7979732E-02     1.000000       -0.9862227       -0.9482430       -3.7979732E-02    0.1572726         6.358387    
 ten47                tensio       -0.9936854       -0.9519900       -4.1695419E-02     1.000000       -0.9936854       -0.9519900       -4.1695419E-02    0.1572726         6.358387    
 ten48                tensio        -1.000574       -0.9519900       -4.8584053E-02     1.000000        -1.000574       -0.9519900       -4.8584053E-02    0.1572726         6.358387    
 ten49                tensio        -1.006889       -0.9557690       -5.1119634E-02     1.000000        -1.006889       -0.9557690       -5.1119634E-02    0.1572726         6.358387    
 ten50                tensio        -1.013203       -0.9557690       -5.7434215E-02     1.000000        -1.013203       -0.9557690       -5.7434215E-02    0.1572726         6.358387    
 ten51                tensio        -1.020092       -0.9595780       -6.0513848E-02     1.000000        -1.020092       -0.9595780       -6.0513848E-02    0.1572726         6.358387    
 ten52                tensio        -1.025832       -0.9672920       -5.8540377E-02     1.000000        -1.025832       -0.9672920       -5.8540377E-02    0.1572726         6.358387    
 ten53                tensio        -1.030999       -0.9751350       -5.5863852E-02     1.000000        -1.030999       -0.9751350       -5.5863852E-02    0.1572726         6.358387    
 ten54                tensio        -1.035591       -0.9831100       -5.2481274E-02     1.000000        -1.035591       -0.9831100       -5.2481274E-02    0.1572726         6.358387    
 ten55                tensio        -1.039610       -0.9912220       -4.8387644E-02     1.000000        -1.039610       -0.9912220       -4.8387644E-02    0.1572726         6.358387    
 ten56                tensio        -1.044202       -0.9994740       -4.4728067E-02     1.000000        -1.044202       -0.9994740       -4.4728067E-02    0.1572726         6.358387    
 ten57                tensio        -1.049943        -1.003653       -4.6289595E-02     1.000000        -1.049943        -1.003653       -4.6289595E-02    0.1572726         6.358387    
 ten58                tensio        -1.052813        -1.012123       -4.0689859E-02     1.000000        -1.052813        -1.012123       -4.0689859E-02    0.1572726         6.358387    
 ten59                tensio        -1.056257        -1.016414       -3.9843176E-02     1.000000        -1.056257        -1.016414       -3.9843176E-02    0.1572726         6.358387    
 ten60                tensio        -1.060850        -1.025110       -3.5739598E-02     1.000000        -1.060850        -1.025110       -3.5739598E-02    0.1572726         6.358387    
 ten61                tensio        -1.063720        -1.029517       -3.4202862E-02     1.000000        -1.063720        -1.029517       -3.4202862E-02    0.1572726         6.358387    
 ten62                tensio        -1.068312        -1.038451       -2.9861285E-02     1.000000        -1.068312        -1.038451       -2.9861285E-02    0.1572726         6.358387    
 ten63                tensio        -1.072331        -1.042979       -2.9351654E-02     1.000000        -1.072331        -1.042979       -2.9351654E-02    0.1572726         6.358387    
 ten64                tensio        -1.075775        -1.047548       -2.8226971E-02     1.000000        -1.075775        -1.047548       -2.8226971E-02    0.1572726         6.358387    
 ten65                tensio        -1.078071        -1.052160       -2.5911183E-02     1.000000        -1.078071        -1.052160       -2.5911183E-02    0.1572726         6.358387    
 ten66                tensio        -1.082090        -1.061513       -2.0576552E-02     1.000000        -1.082090        -1.061513       -2.0576552E-02    0.1572726         6.358387    
 ten67                tensio        -1.085534        -1.066255       -1.9278869E-02     1.000000        -1.085534        -1.066255       -1.9278869E-02    0.1572726         6.358387    
 ten68                tensio        -1.088404        -1.071042       -1.7362133E-02     1.000000        -1.088404        -1.071042       -1.7362133E-02    0.1572726         6.358387    
 ten69                tensio        -1.091274        -1.075875       -1.5399397E-02     1.000000        -1.091274        -1.075875       -1.5399397E-02    0.1572726         6.358387    
 ten70                tensio        -1.092423        -1.080754       -1.1668503E-02     1.000000        -1.092423        -1.080754       -1.1668503E-02    0.1572726         6.358387    
 ten71                tensio        -1.097015        -1.085679       -1.1335925E-02     1.000000        -1.097015        -1.085679       -1.1335925E-02    0.1572726         6.358387    
 ten72                tensio        -1.100459        -1.090652       -9.8072422E-03     1.000000        -1.100459        -1.090652       -9.8072422E-03    0.1572726         6.358387    
 ten73                tensio        -1.102181        -1.095674       -6.5074007E-03     1.000000        -1.102181        -1.095674       -6.5074007E-03    0.1572726         6.358387    
 ten74                tensio        -1.105052        -1.100745       -4.3066647E-03     1.000000        -1.105052        -1.100745       -4.3066647E-03    0.1572726         6.358387    
 ten75                tensio        -1.107348        -1.105866       -1.4818760E-03     1.000000        -1.107348        -1.105866       -1.4818760E-03    0.1572726         6.358387    
 ten76                tensio        -1.109644        -1.111037        1.3929127E-03     1.000000        -1.109644        -1.111037        1.3929127E-03    0.1572726         6.358387    
 ten77                tensio        -1.113088        -1.116260        3.1715959E-03     1.000000        -1.113088        -1.116260        3.1715959E-03    0.1572726         6.358387    
 ten78                tensio        -1.114237        -1.116260        2.0234902E-03     1.000000        -1.114237        -1.116260        2.0234902E-03    0.1572726         6.358387    
 ten79                tensio        -1.117107        -1.121535        4.4282262E-03     1.000000        -1.117107        -1.121535        4.4282262E-03    0.1572726         6.358387    
 ten80                tensio        -1.120551        -1.126864        6.3129093E-03     1.000000        -1.120551        -1.126864        6.3129093E-03    0.1572726         6.358387    
 ten81                tensio        -1.122847        -1.132247        9.3996980E-03     1.000000        -1.122847        -1.132247        9.3996980E-03    0.1572726         6.358387    
 ten82                tensio        -1.125144        -1.137684        1.2540487E-02     1.000000        -1.125144        -1.137684        1.2540487E-02    0.1572726         6.358387    
 ten83                tensio        -1.128014        -1.137684        9.6702227E-03     1.000000        -1.128014        -1.137684        9.6702227E-03    0.1572726         6.358387    
 ten84                tensio        -1.130310        -1.143178        1.2868011E-02     1.000000        -1.130310        -1.143178        1.2868011E-02    0.1572726         6.358387    
 ten85                tensio        -1.131458        -1.148728        1.7269906E-02     1.000000        -1.131458        -1.148728        1.7269906E-02    0.1572726         6.358387    
 ten86                tensio        -1.135476        -1.154336        1.8859536E-02     1.000000        -1.135476        -1.154336        1.8859536E-02    0.1572726         6.358387    
 ten87                tensio        -1.137199        -1.154336        1.7137378E-02     1.000000        -1.137199        -1.154336        1.7137378E-02    0.1572726         6.358387    
 ten88                tensio        -1.137773        -1.160002        2.2229325E-02     1.000000        -1.137773        -1.160002        2.2229325E-02    0.1572726         6.358387    
 ten89                tensio        -1.139495        -1.165729        2.6234166E-02     1.000000        -1.139495        -1.165729        2.6234166E-02    0.1572726         6.358387    
 ten90                tensio        -1.142939        -1.165729        2.2789850E-02     1.000000        -1.142939        -1.165729        2.2789850E-02    0.1572726         6.358387    
 ten91                tensio        -1.144661        -1.171516        2.6854691E-02     1.000000        -1.144661        -1.171516        2.6854691E-02    0.1572726         6.358387    
 ten92                tensio        -1.146958        -1.177365        3.0407480E-02     1.000000        -1.146958        -1.177365        3.0407480E-02    0.1572726         6.358387    
 ten93                tensio        -1.148106        -1.177365        2.9259374E-02     1.000000        -1.148106        -1.177365        2.9259374E-02    0.1572726         6.358387    
 ten94                tensio        -1.150402        -1.183276        3.2874163E-02     1.000000        -1.150402        -1.183276        3.2874163E-02    0.1572726         6.358387    
 ten95                tensio        -1.157290        -1.183276        2.5985529E-02     1.000000        -1.157290        -1.183276        2.5985529E-02    0.1572726         6.358387    
 ten96                tensio        -1.153846        -1.189252        3.5405846E-02     1.000000        -1.153846        -1.189252        3.5405846E-02    0.1572726         6.358387    
