 Name                 Group          Measured         Modelled         Residual         Weight       Weight*Measured    Weight*Modelled  Weight*Residual  Measurement_sd   Natural_weight
 ten1                 tensio        -1.464409        -1.754068        0.2896593         1.000000        -1.464409        -1.754068        0.2896593        0.1859951         5.376484    
 ten2                 tensio        -1.460964        -1.754068        0.2931036         1.000000        -1.460964        -1.754068        0.2931036        0.1859951         5.376484    
 ten3                 tensio        -1.458668        -1.754068        0.2953998         1.000000        -1.458668        -1.754068        0.2953998        0.1859951         5.376484    
 ten4                 tensio        -1.459816        -1.754068        0.2942517         1.000000        -1.459816        -1.754068        0.2942517        0.1859951         5.376484    
 ten5                 tensio        -1.456946        -1.754068        0.2971220         1.000000        -1.456946        -1.754068        0.2971220        0.1859951         5.376484    
 ten6                 tensio        -1.461538        -1.754068        0.2925295         1.000000        -1.461538        -1.754068        0.2925295        0.1859951         5.376484    
 ten7                 tensio        -1.460390        -1.754068        0.2936776         1.000000        -1.460390        -1.754068        0.2936776        0.1859951         5.376484    
 ten8                 tensio        -1.458668        -1.754068        0.2953998         1.000000        -1.458668        -1.754068        0.2953998        0.1859951         5.376484    
 ten9                 tensio        -1.462113        -1.754068        0.2919555         1.000000        -1.462113        -1.754068        0.2919555        0.1859951         5.376484    
 ten10                tensio        -1.453502        -1.754068        0.3005663         1.000000        -1.453502        -1.754068        0.3005663        0.1859951         5.376484    
 ten11                tensio        -1.454076        -1.754068        0.2999922         1.000000        -1.454076        -1.754068        0.2999922        0.1859951         5.376484    
 ten12                tensio        -1.451780        -1.754068        0.3022884         1.000000        -1.451780        -1.754068        0.3022884        0.1859951         5.376484    
 ten13                tensio        -1.452354        -1.754068        0.3017144         1.000000        -1.452354        -1.754068        0.3017144        0.1859951         5.376484    
 ten14                tensio        -1.458668        -1.754068        0.2953998         1.000000        -1.458668        -1.754068        0.2953998        0.1859951         5.376484    
 ten15                tensio        -1.452354        -1.754068        0.3017144         1.000000        -1.452354        -1.754068        0.3017144        0.1859951         5.376484    
 ten16                tensio        -1.448909        -1.754068        0.3051587         1.000000        -1.448909        -1.754068        0.3051587        0.1859951         5.376484    
 ten17                tensio        -1.449483        -1.754068        0.3045846         1.000000        -1.449483        -1.754068        0.3045846        0.1859951         5.376484    
 ten18                tensio        -1.430540        -1.754068        0.3235284         1.000000        -1.430540        -1.754068        0.3235284        0.1859951         5.376484    
 ten19                tensio        -1.404133        -1.754068        0.3499348         1.000000        -1.404133        -1.754068        0.3499348        0.1859951         5.376484    
 ten20                tensio        -1.320321        -1.754068        0.4337465         1.000000        -1.320321        -1.754068        0.4337465        0.1859951         5.376484    
 ten21                tensio        -1.060276        -1.143320        8.3044455E-02     1.000000        -1.060276        -1.143320        8.3044455E-02    0.1859951         5.376484    
 ten22                tensio       -0.7824340        -1.051986        0.2695520         1.000000       -0.7824340        -1.051986        0.2695520        0.1859951         5.376484    
 ten23                tensio       -0.7169920        -1.000567        0.2835750         1.000000       -0.7169920        -1.000567        0.2835750        0.1859951         5.376484    
 ten24                tensio       -0.7112514        -1.000567        0.2893156         1.000000       -0.7112514        -1.000567        0.2893156        0.1859951         5.376484    
 ten25                tensio       -0.7123995        -1.000567        0.2881675         1.000000       -0.7123995        -1.000567        0.2881675        0.1859951         5.376484    
 ten26                tensio       -0.7152698        -1.000567        0.2852972         1.000000       -0.7152698        -1.000567        0.2852972        0.1859951         5.376484    
 ten27                tensio       -0.7169920        -1.004332        0.2873400         1.000000       -0.7169920        -1.004332        0.2873400        0.1859951         5.376484    
 ten28                tensio       -0.7307692        -1.004332        0.2735628         1.000000       -0.7307692        -1.004332        0.2735628        0.1859951         5.376484    
 ten29                tensio       -0.7669346        -1.004332        0.2373974         1.000000       -0.7669346        -1.004332        0.2373974        0.1859951         5.376484    
 ten30                tensio       -0.7887486        -1.008126        0.2193774         1.000000       -0.7887486        -1.008126        0.2193774        0.1859951         5.376484    
 ten31                tensio       -0.8088404        -1.008126        0.1992856         1.000000       -0.8088404        -1.008126        0.1992856        0.1859951         5.376484    
 ten32                tensio       -0.8283582        -1.008126        0.1797678         1.000000       -0.8283582        -1.008126        0.1797678        0.1859951         5.376484    
 ten33                tensio       -0.8467279        -1.011952        0.1652241         1.000000       -0.8467279        -1.011952        0.1652241        0.1859951         5.376484    
 ten34                tensio       -0.8639495        -1.011952        0.1480025         1.000000       -0.8639495        -1.011952        0.1480025        0.1859951         5.376484    
 ten35                tensio       -0.8828932        -1.011952        0.1290588         1.000000       -0.8828932        -1.011952        0.1290588        0.1859951         5.376484    
 ten36                tensio       -0.8960964        -1.015808        0.1197116         1.000000       -0.8960964        -1.015808        0.1197116        0.1859951         5.376484    
 ten37                tensio       -0.9064294        -1.015808        0.1093786         1.000000       -0.9064294        -1.015808        0.1093786        0.1859951         5.376484    
 ten38                tensio       -0.9173364        -1.015808        9.8471605E-02     1.000000       -0.9173364        -1.015808        9.8471605E-02    0.1859951         5.376484    
 ten39                tensio       -0.9282434        -1.019696        9.1452602E-02     1.000000       -0.9282434        -1.019696        9.1452602E-02    0.1859951         5.376484    
 ten40                tensio       -0.9380023        -1.019696        8.1693704E-02     1.000000       -0.9380023        -1.019696        8.1693704E-02    0.1859951         5.376484    
 ten41                tensio       -0.9477612        -1.019696        7.1934806E-02     1.000000       -0.9477612        -1.019696        7.1934806E-02    0.1859951         5.376484    
 ten42                tensio       -0.9552239        -1.023616        6.8392119E-02     1.000000       -0.9552239        -1.023616        6.8392119E-02    0.1859951         5.376484    
 ten43                tensio       -0.9632606        -1.023616        6.0355380E-02     1.000000       -0.9632606        -1.023616        6.0355380E-02    0.1859951         5.376484    
 ten44                tensio       -0.9712974        -1.027568        5.6270641E-02     1.000000       -0.9712974        -1.027568        5.6270641E-02    0.1859951         5.376484    
 ten45                tensio       -0.9799082        -1.027568        4.7659848E-02     1.000000       -0.9799082        -1.027568        4.7659848E-02    0.1859951         5.376484    
 ten46                tensio       -0.9862227        -1.027568        4.1345268E-02     1.000000       -0.9862227        -1.027568        4.1345268E-02    0.1859951         5.376484    
 ten47                tensio       -0.9936854        -1.031553        3.7867581E-02     1.000000       -0.9936854        -1.031553        3.7867581E-02    0.1859951         5.376484    
 ten48                tensio        -1.000574        -1.031553        3.0978947E-02     1.000000        -1.000574        -1.031553        3.0978947E-02    0.1859951         5.376484    
 ten49                tensio        -1.006889        -1.035571        2.8682366E-02     1.000000        -1.006889        -1.035571        2.8682366E-02    0.1859951         5.376484    
 ten50                tensio        -1.013203        -1.035571        2.2367785E-02     1.000000        -1.013203        -1.035571        2.2367785E-02    0.1859951         5.376484    
 ten51                tensio        -1.020092        -1.043709        2.3617152E-02     1.000000        -1.020092        -1.043709        2.3617152E-02    0.1859951         5.376484    
 ten52                tensio        -1.025832        -1.051986        2.6153623E-02     1.000000        -1.025832        -1.051986        2.6153623E-02    0.1859951         5.376484    
 ten53                tensio        -1.030999        -1.060405        2.9406148E-02     1.000000        -1.030999        -1.060405        2.9406148E-02    0.1859951         5.376484    
 ten54                tensio        -1.035591        -1.064669        2.9077726E-02     1.000000        -1.035591        -1.064669        2.9077726E-02    0.1859951         5.376484    
 ten55                tensio        -1.039610        -1.073310        3.3700356E-02     1.000000        -1.039610        -1.073310        3.3700356E-02    0.1859951         5.376484    
 ten56                tensio        -1.044202        -1.082104        3.7901933E-02     1.000000        -1.044202        -1.082104        3.7901933E-02    0.1859951         5.376484    
 ten57                tensio        -1.049943        -1.086559        3.6616405E-02     1.000000        -1.049943        -1.086559        3.6616405E-02    0.1859951         5.376484    
 ten58                tensio        -1.052813        -1.095591        4.2778141E-02     1.000000        -1.052813        -1.095591        4.2778141E-02    0.1859951         5.376484    
 ten59                tensio        -1.056257        -1.100168        4.3910824E-02     1.000000        -1.056257        -1.100168        4.3910824E-02    0.1859951         5.376484    
 ten60                tensio        -1.060850        -1.109448        4.8598402E-02     1.000000        -1.060850        -1.109448        4.8598402E-02    0.1859951         5.376484    
 ten61                tensio        -1.063720        -1.114153        5.0433138E-02     1.000000        -1.063720        -1.114153        5.0433138E-02    0.1859951         5.376484    
 ten62                tensio        -1.068312        -1.123693        5.5380715E-02     1.000000        -1.068312        -1.123693        5.5380715E-02    0.1859951         5.376484    
 ten63                tensio        -1.072331        -1.128531        5.6200346E-02     1.000000        -1.072331        -1.128531        5.6200346E-02    0.1859951         5.376484    
 ten64                tensio        -1.075775        -1.133414        5.7639029E-02     1.000000        -1.075775        -1.133414        5.7639029E-02    0.1859951         5.376484    
 ten65                tensio        -1.078071        -1.138344        6.0272817E-02     1.000000        -1.078071        -1.138344        6.0272817E-02    0.1859951         5.376484    
 ten66                tensio        -1.082090        -1.143320        6.1230448E-02     1.000000        -1.082090        -1.143320        6.1230448E-02    0.1859951         5.376484    
 ten67                tensio        -1.085534        -1.148345        6.2811131E-02     1.000000        -1.085534        -1.148345        6.2811131E-02    0.1859951         5.376484    
 ten68                tensio        -1.088404        -1.153418        6.5013867E-02     1.000000        -1.088404        -1.153418        6.5013867E-02    0.1859951         5.376484    
 ten69                tensio        -1.091274        -1.163714        7.2439603E-02     1.000000        -1.091274        -1.163714        7.2439603E-02    0.1859951         5.376484    
 ten70                tensio        -1.092423        -1.168938        7.6515497E-02     1.000000        -1.092423        -1.168938        7.6515497E-02    0.1859951         5.376484    
 ten71                tensio        -1.097015        -1.174214        7.7199075E-02     1.000000        -1.097015        -1.174214        7.7199075E-02    0.1859951         5.376484    
 ten72                tensio        -1.100459        -1.174214        7.3754758E-02     1.000000        -1.100459        -1.174214        7.3754758E-02    0.1859951         5.376484    
 ten73                tensio        -1.102181        -1.179542        7.7360599E-02     1.000000        -1.102181        -1.179542        7.7360599E-02    0.1859951         5.376484    
 ten74                tensio        -1.105052        -1.184924        7.9872335E-02     1.000000        -1.105052        -1.184924        7.9872335E-02    0.1859951         5.376484    
 ten75                tensio        -1.107348        -1.190360        8.3012124E-02     1.000000        -1.107348        -1.190360        8.3012124E-02    0.1859951         5.376484    
 ten76                tensio        -1.109644        -1.195852        8.6207913E-02     1.000000        -1.109644        -1.195852        8.6207913E-02    0.1859951         5.376484    
 ten77                tensio        -1.113088        -1.201400        8.8311596E-02     1.000000        -1.113088        -1.201400        8.8311596E-02    0.1859951         5.376484    
 ten78                tensio        -1.114237        -1.207005        9.2768490E-02     1.000000        -1.114237        -1.207005        9.2768490E-02    0.1859951         5.376484    
 ten79                tensio        -1.117107        -1.207005        8.9898226E-02     1.000000        -1.117107        -1.207005        8.9898226E-02    0.1859951         5.376484    
 ten80                tensio        -1.120551        -1.212669        9.2117909E-02     1.000000        -1.120551        -1.212669        9.2117909E-02    0.1859951         5.376484    
 ten81                tensio        -1.122847        -1.218391        9.5543698E-02     1.000000        -1.122847        -1.218391        9.5543698E-02    0.1859951         5.376484    
 ten82                tensio        -1.125144        -1.224174        9.9030487E-02     1.000000        -1.125144        -1.224174        9.9030487E-02    0.1859951         5.376484    
 ten83                tensio        -1.128014        -1.224174        9.6160223E-02     1.000000        -1.128014        -1.224174        9.6160223E-02    0.1859951         5.376484    
 ten84                tensio        -1.130310        -1.230017        9.9707011E-02     1.000000        -1.130310        -1.230017        9.9707011E-02    0.1859951         5.376484    
 ten85                tensio        -1.131458        -1.235923        0.1044649         1.000000        -1.131458        -1.235923        0.1044649        0.1859951         5.376484    
 ten86                tensio        -1.135476        -1.235923        0.1004465         1.000000        -1.135476        -1.235923        0.1004465        0.1859951         5.376484    
 ten87                tensio        -1.137199        -1.241893        0.1046944         1.000000        -1.137199        -1.241893        0.1046944        0.1859951         5.376484    
 ten88                tensio        -1.137773        -1.247926        0.1101533         1.000000        -1.137773        -1.247926        0.1101533        0.1859951         5.376484    
 ten89                tensio        -1.139495        -1.247926        0.1084312         1.000000        -1.139495        -1.247926        0.1084312        0.1859951         5.376484    
 ten90                tensio        -1.142939        -1.254026        0.1110868         1.000000        -1.142939        -1.254026        0.1110868        0.1859951         5.376484    
 ten91                tensio        -1.144661        -1.260192        0.1155307         1.000000        -1.144661        -1.260192        0.1155307        0.1859951         5.376484    
 ten92                tensio        -1.146958        -1.260192        0.1132345         1.000000        -1.146958        -1.260192        0.1132345        0.1859951         5.376484    
 ten93                tensio        -1.148106        -1.266426        0.1183204         1.000000        -1.148106        -1.266426        0.1183204        0.1859951         5.376484    
 ten94                tensio        -1.150402        -1.266426        0.1160242         1.000000        -1.150402        -1.266426        0.1160242        0.1859951         5.376484    
 ten95                tensio        -1.157290        -1.272729        0.1154385         1.000000        -1.157290        -1.272729        0.1154385        0.1859951         5.376484    
 ten96                tensio        -1.153846        -1.279102        0.1252558         1.000000        -1.153846        -1.279102        0.1252558        0.1859951         5.376484    
