 Name                 Group          Measured         Modelled         Residual         Weight       Weight*Measured    Weight*Modelled  Weight*Residual  Measurement_sd   Natural_weight
 ten1                 tensio        -1.464409        -1.747400        0.2829913         1.000000        -1.464409        -1.747400        0.2829913        0.2055889         4.864077    
 ten2                 tensio        -1.460964        -1.747400        0.2864356         1.000000        -1.460964        -1.747400        0.2864356        0.2055889         4.864077    
 ten3                 tensio        -1.458668        -1.747400        0.2887318         1.000000        -1.458668        -1.747400        0.2887318        0.2055889         4.864077    
 ten4                 tensio        -1.459816        -1.747400        0.2875837         1.000000        -1.459816        -1.747400        0.2875837        0.2055889         4.864077    
 ten5                 tensio        -1.456946        -1.747400        0.2904540         1.000000        -1.456946        -1.747400        0.2904540        0.2055889         4.864077    
 ten6                 tensio        -1.461538        -1.747400        0.2858615         1.000000        -1.461538        -1.747400        0.2858615        0.2055889         4.864077    
 ten7                 tensio        -1.460390        -1.747400        0.2870096         1.000000        -1.460390        -1.747400        0.2870096        0.2055889         4.864077    
 ten8                 tensio        -1.458668        -1.747400        0.2887318         1.000000        -1.458668        -1.747400        0.2887318        0.2055889         4.864077    
 ten9                 tensio        -1.462113        -1.747400        0.2852875         1.000000        -1.462113        -1.747400        0.2852875        0.2055889         4.864077    
 ten10                tensio        -1.453502        -1.747400        0.2938983         1.000000        -1.453502        -1.747400        0.2938983        0.2055889         4.864077    
 ten11                tensio        -1.454076        -1.747400        0.2933242         1.000000        -1.454076        -1.747400        0.2933242        0.2055889         4.864077    
 ten12                tensio        -1.451780        -1.747400        0.2956204         1.000000        -1.451780        -1.747400        0.2956204        0.2055889         4.864077    
 ten13                tensio        -1.452354        -1.747400        0.2950464         1.000000        -1.452354        -1.747400        0.2950464        0.2055889         4.864077    
 ten14                tensio        -1.458668        -1.747400        0.2887318         1.000000        -1.458668        -1.747400        0.2887318        0.2055889         4.864077    
 ten15                tensio        -1.452354        -1.747400        0.2950464         1.000000        -1.452354        -1.747400        0.2950464        0.2055889         4.864077    
 ten16                tensio        -1.448909        -1.747400        0.2984907         1.000000        -1.448909        -1.747400        0.2984907        0.2055889         4.864077    
 ten17                tensio        -1.449483        -1.747400        0.2979166         1.000000        -1.449483        -1.747400        0.2979166        0.2055889         4.864077    
 ten18                tensio        -1.430540        -1.747400        0.3168604         1.000000        -1.430540        -1.747400        0.3168604        0.2055889         4.864077    
 ten19                tensio        -1.404133        -1.747400        0.3432668         1.000000        -1.404133        -1.747400        0.3432668        0.2055889         4.864077    
 ten20                tensio        -1.320321        -1.747400        0.4270785         1.000000        -1.320321        -1.747400        0.4270785        0.2055889         4.864077    
 ten21                tensio        -1.060276        -1.152633        9.2357455E-02     1.000000        -1.060276        -1.152633        9.2357455E-02    0.2055889         4.864077    
 ten22                tensio       -0.7824340        -1.084755        0.3023210         1.000000       -0.7824340        -1.084755        0.3023210        0.2055889         4.864077    
 ten23                tensio       -0.7169920        -1.040269        0.3232770         1.000000       -0.7169920        -1.040269        0.3232770        0.2055889         4.864077    
 ten24                tensio       -0.7112514        -1.040269        0.3290176         1.000000       -0.7112514        -1.040269        0.3290176        0.2055889         4.864077    
 ten25                tensio       -0.7123995        -1.040269        0.3278695         1.000000       -0.7123995        -1.040269        0.3278695        0.2055889         4.864077    
 ten26                tensio       -0.7152698        -1.040269        0.3249992         1.000000       -0.7152698        -1.040269        0.3249992        0.2055889         4.864077    
 ten27                tensio       -0.7169920        -1.044149        0.3271570         1.000000       -0.7169920        -1.044149        0.3271570        0.2055889         4.864077    
 ten28                tensio       -0.7307692        -1.044149        0.3133798         1.000000       -0.7307692        -1.044149        0.3133798        0.2055889         4.864077    
 ten29                tensio       -0.7669346        -1.044149        0.2772144         1.000000       -0.7669346        -1.044149        0.2772144        0.2055889         4.864077    
 ten30                tensio       -0.7887486        -1.048060        0.2593114         1.000000       -0.7887486        -1.048060        0.2593114        0.2055889         4.864077    
 ten31                tensio       -0.8088404        -1.048060        0.2392196         1.000000       -0.8088404        -1.048060        0.2392196        0.2055889         4.864077    
 ten32                tensio       -0.8283582        -1.048060        0.2197018         1.000000       -0.8283582        -1.048060        0.2197018        0.2055889         4.864077    
 ten33                tensio       -0.8467279        -1.048060        0.2013321         1.000000       -0.8467279        -1.048060        0.2013321        0.2055889         4.864077    
 ten34                tensio       -0.8639495        -1.052004        0.1880545         1.000000       -0.8639495        -1.052004        0.1880545        0.2055889         4.864077    
 ten35                tensio       -0.8828932        -1.052004        0.1691108         1.000000       -0.8828932        -1.052004        0.1691108        0.2055889         4.864077    
 ten36                tensio       -0.8960964        -1.055980        0.1598836         1.000000       -0.8960964        -1.055980        0.1598836        0.2055889         4.864077    
 ten37                tensio       -0.9064294        -1.055980        0.1495506         1.000000       -0.9064294        -1.055980        0.1495506        0.2055889         4.864077    
 ten38                tensio       -0.9173364        -1.055980        0.1386436         1.000000       -0.9173364        -1.055980        0.1386436        0.2055889         4.864077    
 ten39                tensio       -0.9282434        -1.059988        0.1317446         1.000000       -0.9282434        -1.059988        0.1317446        0.2055889         4.864077    
 ten40                tensio       -0.9380023        -1.059988        0.1219857         1.000000       -0.9380023        -1.059988        0.1219857        0.2055889         4.864077    
 ten41                tensio       -0.9477612        -1.059988        0.1122268         1.000000       -0.9477612        -1.059988        0.1122268        0.2055889         4.864077    
 ten42                tensio       -0.9552239        -1.064030        0.1088061         1.000000       -0.9552239        -1.064030        0.1088061        0.2055889         4.864077    
 ten43                tensio       -0.9632606        -1.064030        0.1007694         1.000000       -0.9632606        -1.064030        0.1007694        0.2055889         4.864077    
 ten44                tensio       -0.9712974        -1.068106        9.6808641E-02     1.000000       -0.9712974        -1.068106        9.6808641E-02    0.2055889         4.864077    
 ten45                tensio       -0.9799082        -1.068106        8.8197848E-02     1.000000       -0.9799082        -1.068106        8.8197848E-02    0.2055889         4.864077    
 ten46                tensio       -0.9862227        -1.068106        8.1883268E-02     1.000000       -0.9862227        -1.068106        8.1883268E-02    0.2055889         4.864077    
 ten47                tensio       -0.9936854        -1.072215        7.8529581E-02     1.000000       -0.9936854        -1.072215        7.8529581E-02    0.2055889         4.864077    
 ten48                tensio        -1.000574        -1.072215        7.1640947E-02     1.000000        -1.000574        -1.072215        7.1640947E-02    0.2055889         4.864077    
 ten49                tensio        -1.006889        -1.076360        6.9471366E-02     1.000000        -1.006889        -1.076360        6.9471366E-02    0.2055889         4.864077    
 ten50                tensio        -1.013203        -1.076360        6.3156785E-02     1.000000        -1.013203        -1.076360        6.3156785E-02    0.2055889         4.864077    
 ten51                tensio        -1.020092        -1.084755        6.4663152E-02     1.000000        -1.020092        -1.084755        6.4663152E-02    0.2055889         4.864077    
 ten52                tensio        -1.025832        -1.093295        6.7462623E-02     1.000000        -1.025832        -1.093295        6.7462623E-02    0.2055889         4.864077    
 ten53                tensio        -1.030999        -1.101983        7.0984148E-02     1.000000        -1.030999        -1.101983        7.0984148E-02    0.2055889         4.864077    
 ten54                tensio        -1.035591        -1.106384        7.0792726E-02     1.000000        -1.035591        -1.106384        7.0792726E-02    0.2055889         4.864077    
 ten55                tensio        -1.039610        -1.115304        7.5694356E-02     1.000000        -1.039610        -1.115304        7.5694356E-02    0.2055889         4.864077    
 ten56                tensio        -1.044202        -1.124384        8.0181933E-02     1.000000        -1.044202        -1.124384        8.0181933E-02    0.2055889         4.864077    
 ten57                tensio        -1.049943        -1.128986        7.9043405E-02     1.000000        -1.049943        -1.128986        7.9043405E-02    0.2055889         4.864077    
 ten58                tensio        -1.052813        -1.138315        8.5502141E-02     1.000000        -1.052813        -1.138315        8.5502141E-02    0.2055889         4.864077    
 ten59                tensio        -1.056257        -1.143044        8.6786824E-02     1.000000        -1.056257        -1.143044        8.6786824E-02    0.2055889         4.864077    
 ten60                tensio        -1.060850        -1.152633        9.1783402E-02     1.000000        -1.060850        -1.152633        9.1783402E-02    0.2055889         4.864077    
 ten61                tensio        -1.063720        -1.157495        9.3775138E-02     1.000000        -1.063720        -1.157495        9.3775138E-02    0.2055889         4.864077    
 ten62                tensio        -1.068312        -1.162403        9.4090715E-02     1.000000        -1.068312        -1.162403        9.4090715E-02    0.2055889         4.864077    
 ten63                tensio        -1.072331        -1.172359        0.1000283         1.000000        -1.072331        -1.172359        0.1000283        0.2055889         4.864077    
 ten64                tensio        -1.075775        -1.177408        0.1016330         1.000000        -1.075775        -1.177408        0.1016330        0.2055889         4.864077    
 ten65                tensio        -1.078071        -1.182507        0.1044358         1.000000        -1.078071        -1.182507        0.1044358        0.2055889         4.864077    
 ten66                tensio        -1.082090        -1.187655        0.1055654         1.000000        -1.082090        -1.187655        0.1055654        0.2055889         4.864077    
 ten67                tensio        -1.085534        -1.192853        0.1073191         1.000000        -1.085534        -1.192853        0.1073191        0.2055889         4.864077    
 ten68                tensio        -1.088404        -1.198102        0.1096979         1.000000        -1.088404        -1.198102        0.1096979        0.2055889         4.864077    
 ten69                tensio        -1.091274        -1.203403        0.1121286         1.000000        -1.091274        -1.203403        0.1121286        0.2055889         4.864077    
 ten70                tensio        -1.092423        -1.208757        0.1163345         1.000000        -1.092423        -1.208757        0.1163345        0.2055889         4.864077    
 ten71                tensio        -1.097015        -1.214164        0.1171491         1.000000        -1.097015        -1.214164        0.1171491        0.2055889         4.864077    
 ten72                tensio        -1.100459        -1.219626        0.1191668         1.000000        -1.100459        -1.219626        0.1191668        0.2055889         4.864077    
 ten73                tensio        -1.102181        -1.225144        0.1229626         1.000000        -1.102181        -1.225144        0.1229626        0.2055889         4.864077    
 ten74                tensio        -1.105052        -1.230718        0.1256663         1.000000        -1.105052        -1.230718        0.1256663        0.2055889         4.864077    
 ten75                tensio        -1.107348        -1.236349        0.1290011         1.000000        -1.107348        -1.236349        0.1290011        0.2055889         4.864077    
 ten76                tensio        -1.109644        -1.236349        0.1267049         1.000000        -1.109644        -1.236349        0.1267049        0.2055889         4.864077    
 ten77                tensio        -1.113088        -1.242038        0.1289496         1.000000        -1.113088        -1.242038        0.1289496        0.2055889         4.864077    
 ten78                tensio        -1.114237        -1.247787        0.1335505         1.000000        -1.114237        -1.247787        0.1335505        0.2055889         4.864077    
 ten79                tensio        -1.117107        -1.253596        0.1364892         1.000000        -1.117107        -1.253596        0.1364892        0.2055889         4.864077    
 ten80                tensio        -1.120551        -1.259467        0.1389159         1.000000        -1.120551        -1.259467        0.1389159        0.2055889         4.864077    
 ten81                tensio        -1.122847        -1.259467        0.1366197         1.000000        -1.122847        -1.259467        0.1366197        0.2055889         4.864077    
 ten82                tensio        -1.125144        -1.265399        0.1402555         1.000000        -1.125144        -1.265399        0.1402555        0.2055889         4.864077    
 ten83                tensio        -1.128014        -1.271396        0.1433822         1.000000        -1.128014        -1.271396        0.1433822        0.2055889         4.864077    
 ten84                tensio        -1.130310        -1.271396        0.1410860         1.000000        -1.130310        -1.271396        0.1410860        0.2055889         4.864077    
 ten85                tensio        -1.131458        -1.277457        0.1459989         1.000000        -1.131458        -1.277457        0.1459989        0.2055889         4.864077    
 ten86                tensio        -1.135476        -1.283583        0.1481065         1.000000        -1.135476        -1.283583        0.1481065        0.2055889         4.864077    
 ten87                tensio        -1.137199        -1.283583        0.1463844         1.000000        -1.137199        -1.283583        0.1463844        0.2055889         4.864077    
 ten88                tensio        -1.137773        -1.289777        0.1520043         1.000000        -1.137773        -1.289777        0.1520043        0.2055889         4.864077    
 ten89                tensio        -1.139495        -1.296038        0.1565432         1.000000        -1.139495        -1.296038        0.1565432        0.2055889         4.864077    
 ten90                tensio        -1.142939        -1.296038        0.1530988         1.000000        -1.142939        -1.296038        0.1530988        0.2055889         4.864077    
 ten91                tensio        -1.144661        -1.302369        0.1577077         1.000000        -1.144661        -1.302369        0.1577077        0.2055889         4.864077    
 ten92                tensio        -1.146958        -1.302369        0.1554115         1.000000        -1.146958        -1.302369        0.1554115        0.2055889         4.864077    
 ten93                tensio        -1.148106        -1.308771        0.1606654         1.000000        -1.148106        -1.308771        0.1606654        0.2055889         4.864077    
 ten94                tensio        -1.150402        -1.315244        0.1648422         1.000000        -1.150402        -1.315244        0.1648422        0.2055889         4.864077    
 ten95                tensio        -1.157290        -1.315244        0.1579535         1.000000        -1.157290        -1.315244        0.1579535        0.2055889         4.864077    
 ten96                tensio        -1.153846        -1.321791        0.1679448         1.000000        -1.153846        -1.321791        0.1679448        0.2055889         4.864077    
