 Name                 Group          Measured         Modelled         Residual         Weight       Weight*Measured    Weight*Modelled  Weight*Residual  Measurement_sd   Natural_weight
 ten1                 tensio        -1.464409        -1.744663        0.2802543         1.000000        -1.464409        -1.744663        0.2802543        0.1573039         6.357120    
 ten2                 tensio        -1.460964        -1.744663        0.2836986         1.000000        -1.460964        -1.744663        0.2836986        0.1573039         6.357120    
 ten3                 tensio        -1.458668        -1.744663        0.2859948         1.000000        -1.458668        -1.744663        0.2859948        0.1573039         6.357120    
 ten4                 tensio        -1.459816        -1.744663        0.2848467         1.000000        -1.459816        -1.744663        0.2848467        0.1573039         6.357120    
 ten5                 tensio        -1.456946        -1.744663        0.2877170         1.000000        -1.456946        -1.744663        0.2877170        0.1573039         6.357120    
 ten6                 tensio        -1.461538        -1.744663        0.2831245         1.000000        -1.461538        -1.744663        0.2831245        0.1573039         6.357120    
 ten7                 tensio        -1.460390        -1.744663        0.2842726         1.000000        -1.460390        -1.744663        0.2842726        0.1573039         6.357120    
 ten8                 tensio        -1.458668        -1.744663        0.2859948         1.000000        -1.458668        -1.744663        0.2859948        0.1573039         6.357120    
 ten9                 tensio        -1.462113        -1.744663        0.2825505         1.000000        -1.462113        -1.744663        0.2825505        0.1573039         6.357120    
 ten10                tensio        -1.453502        -1.744663        0.2911613         1.000000        -1.453502        -1.744663        0.2911613        0.1573039         6.357120    
 ten11                tensio        -1.454076        -1.744663        0.2905872         1.000000        -1.454076        -1.744663        0.2905872        0.1573039         6.357120    
 ten12                tensio        -1.451780        -1.744663        0.2928834         1.000000        -1.451780        -1.744663        0.2928834        0.1573039         6.357120    
 ten13                tensio        -1.452354        -1.744663        0.2923094         1.000000        -1.452354        -1.744663        0.2923094        0.1573039         6.357120    
 ten14                tensio        -1.458668        -1.744663        0.2859948         1.000000        -1.458668        -1.744663        0.2859948        0.1573039         6.357120    
 ten15                tensio        -1.452354        -1.744663        0.2923094         1.000000        -1.452354        -1.744663        0.2923094        0.1573039         6.357120    
 ten16                tensio        -1.448909        -1.744663        0.2957537         1.000000        -1.448909        -1.744663        0.2957537        0.1573039         6.357120    
 ten17                tensio        -1.449483        -1.744663        0.2951796         1.000000        -1.449483        -1.744663        0.2951796        0.1573039         6.357120    
 ten18                tensio        -1.430540        -1.744663        0.3141234         1.000000        -1.430540        -1.744663        0.3141234        0.1573039         6.357120    
 ten19                tensio        -1.404133        -1.744663        0.3405298         1.000000        -1.404133        -1.744663        0.3405298        0.1573039         6.357120    
 ten20                tensio        -1.320321        -1.744663        0.4243415         1.000000        -1.320321        -1.744663        0.4243415        0.1573039         6.357120    
 ten21                tensio        -1.060276        -1.108365        4.8089455E-02     1.000000        -1.060276        -1.108365        4.8089455E-02    0.1573039         6.357120    
 ten22                tensio       -0.7824340       -0.9758710        0.1934370         1.000000       -0.7824340       -0.9758710        0.1934370        0.1573039         6.357120    
 ten23                tensio       -0.7169920       -0.9193990        0.2024070         1.000000       -0.7169920       -0.9193990        0.2024070        0.1573039         6.357120    
 ten24                tensio       -0.7112514       -0.9158700        0.2046186         1.000000       -0.7112514       -0.9158700        0.2046186        0.1573039         6.357120    
 ten25                tensio       -0.7123995       -0.9158700        0.2034705         1.000000       -0.7123995       -0.9158700        0.2034705        0.1573039         6.357120    
 ten26                tensio       -0.7152698       -0.9158700        0.2006002         1.000000       -0.7152698       -0.9158700        0.2006002        0.1573039         6.357120    
 ten27                tensio       -0.7169920       -0.9193990        0.2024070         1.000000       -0.7169920       -0.9193990        0.2024070        0.1573039         6.357120    
 ten28                tensio       -0.7307692       -0.9193990        0.1886298         1.000000       -0.7307692       -0.9193990        0.1886298        0.1573039         6.357120    
 ten29                tensio       -0.7669346       -0.9193990        0.1524644         1.000000       -0.7669346       -0.9193990        0.1524644        0.1573039         6.357120    
 ten30                tensio       -0.7887486       -0.9229550        0.1342064         1.000000       -0.7887486       -0.9229550        0.1342064        0.1573039         6.357120    
 ten31                tensio       -0.8088404       -0.9229550        0.1141146         1.000000       -0.8088404       -0.9229550        0.1141146        0.1573039         6.357120    
 ten32                tensio       -0.8283582       -0.9229550        9.4596791E-02     1.000000       -0.8283582       -0.9229550        9.4596791E-02    0.1573039         6.357120    
 ten33                tensio       -0.8467279       -0.9229550        7.6227101E-02     1.000000       -0.8467279       -0.9229550        7.6227101E-02    0.1573039         6.357120    
 ten34                tensio       -0.8639495       -0.9265390        6.2589517E-02     1.000000       -0.8639495       -0.9265390        6.2589517E-02    0.1573039         6.357120    
 ten35                tensio       -0.8828932       -0.9265390        4.3645774E-02     1.000000       -0.8828932       -0.9265390        4.3645774E-02    0.1573039         6.357120    
 ten36                tensio       -0.8960964       -0.9301520        3.4055559E-02     1.000000       -0.8960964       -0.9301520        3.4055559E-02    0.1573039         6.357120    
 ten37                tensio       -0.9064294       -0.9301520        2.3722608E-02     1.000000       -0.9064294       -0.9301520        2.3722608E-02    0.1573039         6.357120    
 ten38                tensio       -0.9173364       -0.9301520        1.2815605E-02     1.000000       -0.9173364       -0.9301520        1.2815605E-02    0.1573039         6.357120    
 ten39                tensio       -0.9282434       -0.9337940        5.5506016E-03     1.000000       -0.9282434       -0.9337940        5.5506016E-03    0.1573039         6.357120    
 ten40                tensio       -0.9380023       -0.9337940       -4.2082962E-03     1.000000       -0.9380023       -0.9337940       -4.2082962E-03    0.1573039         6.357120    
 ten41                tensio       -0.9477612       -0.9337940       -1.3967194E-02     1.000000       -0.9477612       -0.9337940       -1.3967194E-02    0.1573039         6.357120    
 ten42                tensio       -0.9552239       -0.9374650       -1.7758881E-02     1.000000       -0.9552239       -0.9374650       -1.7758881E-02    0.1573039         6.357120    
 ten43                tensio       -0.9632606       -0.9374650       -2.5795620E-02     1.000000       -0.9632606       -0.9374650       -2.5795620E-02    0.1573039         6.357120    
 ten44                tensio       -0.9712974       -0.9411660       -3.0131359E-02     1.000000       -0.9712974       -0.9411660       -3.0131359E-02    0.1573039         6.357120    
 ten45                tensio       -0.9799082       -0.9411660       -3.8742152E-02     1.000000       -0.9799082       -0.9411660       -3.8742152E-02    0.1573039         6.357120    
 ten46                tensio       -0.9862227       -0.9411660       -4.5056732E-02     1.000000       -0.9862227       -0.9411660       -4.5056732E-02    0.1573039         6.357120    
 ten47                tensio       -0.9936854       -0.9448960       -4.8789419E-02     1.000000       -0.9936854       -0.9448960       -4.8789419E-02    0.1573039         6.357120    
 ten48                tensio        -1.000574       -0.9448960       -5.5678053E-02     1.000000        -1.000574       -0.9448960       -5.5678053E-02    0.1573039         6.357120    
 ten49                tensio        -1.006889       -0.9486570       -5.8231634E-02     1.000000        -1.006889       -0.9486570       -5.8231634E-02    0.1573039         6.357120    
 ten50                tensio        -1.013203       -0.9486570       -6.4546215E-02     1.000000        -1.013203       -0.9486570       -6.4546215E-02    0.1573039         6.357120    
 ten51                tensio        -1.020092       -0.9524490       -6.7642848E-02     1.000000        -1.020092       -0.9524490       -6.7642848E-02    0.1573039         6.357120    
 ten52                tensio        -1.025832       -0.9601270       -6.5705377E-02     1.000000        -1.025832       -0.9601270       -6.5705377E-02    0.1573039         6.357120    
 ten53                tensio        -1.030999       -0.9679330       -6.3065852E-02     1.000000        -1.030999       -0.9679330       -6.3065852E-02    0.1573039         6.357120    
 ten54                tensio        -1.035591       -0.9758710       -5.9720274E-02     1.000000        -1.035591       -0.9758710       -5.9720274E-02    0.1573039         6.357120    
 ten55                tensio        -1.039610       -0.9839450       -5.5664644E-02     1.000000        -1.039610       -0.9839450       -5.5664644E-02    0.1573039         6.357120    
 ten56                tensio        -1.044202       -0.9921570       -5.2045067E-02     1.000000        -1.044202       -0.9921570       -5.2045067E-02    0.1573039         6.357120    
 ten57                tensio        -1.049943       -0.9963170       -5.3625595E-02     1.000000        -1.049943       -0.9963170       -5.3625595E-02    0.1573039         6.357120    
 ten58                tensio        -1.052813        -1.004746       -4.8066859E-02     1.000000        -1.052813        -1.004746       -4.8066859E-02    0.1573039         6.357120    
 ten59                tensio        -1.056257        -1.009016       -4.7241176E-02     1.000000        -1.056257        -1.009016       -4.7241176E-02    0.1573039         6.357120    
 ten60                tensio        -1.060850        -1.017671       -4.3178598E-02     1.000000        -1.060850        -1.017671       -4.3178598E-02    0.1573039         6.357120    
 ten61                tensio        -1.063720        -1.022057       -4.1662862E-02     1.000000        -1.063720        -1.022057       -4.1662862E-02    0.1573039         6.357120    
 ten62                tensio        -1.068312        -1.030947       -3.7365285E-02     1.000000        -1.068312        -1.030947       -3.7365285E-02    0.1573039         6.357120    
 ten63                tensio        -1.072331        -1.035453       -3.6877654E-02     1.000000        -1.072331        -1.035453       -3.6877654E-02    0.1573039         6.357120    
 ten64                tensio        -1.075775        -1.040000       -3.5774971E-02     1.000000        -1.075775        -1.040000       -3.5774971E-02    0.1573039         6.357120    
 ten65                tensio        -1.078071        -1.044589       -3.3482183E-02     1.000000        -1.078071        -1.044589       -3.3482183E-02    0.1573039         6.357120    
 ten66                tensio        -1.082090        -1.053895       -2.8194552E-02     1.000000        -1.082090        -1.053895       -2.8194552E-02    0.1573039         6.357120    
 ten67                tensio        -1.085534        -1.058614       -2.6919869E-02     1.000000        -1.085534        -1.058614       -2.6919869E-02    0.1573039         6.357120    
 ten68                tensio        -1.088404        -1.063377       -2.5027133E-02     1.000000        -1.088404        -1.063377       -2.5027133E-02    0.1573039         6.357120    
 ten69                tensio        -1.091274        -1.068186       -2.3088397E-02     1.000000        -1.091274        -1.068186       -2.3088397E-02    0.1573039         6.357120    
 ten70                tensio        -1.092423        -1.073040       -1.9382503E-02     1.000000        -1.092423        -1.073040       -1.9382503E-02    0.1573039         6.357120    
 ten71                tensio        -1.097015        -1.077941       -1.9073925E-02     1.000000        -1.097015        -1.077941       -1.9073925E-02    0.1573039         6.357120    
 ten72                tensio        -1.100459        -1.082889       -1.7570242E-02     1.000000        -1.100459        -1.082889       -1.7570242E-02    0.1573039         6.357120    
 ten73                tensio        -1.102181        -1.087885       -1.4296401E-02     1.000000        -1.102181        -1.087885       -1.4296401E-02    0.1573039         6.357120    
 ten74                tensio        -1.105052        -1.092930       -1.2121665E-02     1.000000        -1.105052        -1.092930       -1.2121665E-02    0.1573039         6.357120    
 ten75                tensio        -1.107348        -1.098024       -9.3238760E-03     1.000000        -1.107348        -1.098024       -9.3238760E-03    0.1573039         6.357120    
 ten76                tensio        -1.109644        -1.103169       -6.4750873E-03     1.000000        -1.109644        -1.103169       -6.4750873E-03    0.1573039         6.357120    
 ten77                tensio        -1.113088        -1.108365       -4.7234041E-03     1.000000        -1.113088        -1.108365       -4.7234041E-03    0.1573039         6.357120    
 ten78                tensio        -1.114237        -1.108365       -5.8715098E-03     1.000000        -1.114237        -1.108365       -5.8715098E-03    0.1573039         6.357120    
 ten79                tensio        -1.117107        -1.113613       -3.4937738E-03     1.000000        -1.117107        -1.113613       -3.4937738E-03    0.1573039         6.357120    
 ten80                tensio        -1.120551        -1.118914       -1.6370907E-03     1.000000        -1.120551        -1.118914       -1.6370907E-03    0.1573039         6.357120    
 ten81                tensio        -1.122847        -1.124268        1.4206981E-03     1.000000        -1.122847        -1.124268        1.4206981E-03    0.1573039         6.357120    
 ten82                tensio        -1.125144        -1.129677        4.5334868E-03     1.000000        -1.125144        -1.129677        4.5334868E-03    0.1573039         6.357120    
 ten83                tensio        -1.128014        -1.129677        1.6632227E-03     1.000000        -1.128014        -1.129677        1.6632227E-03    0.1573039         6.357120    
 ten84                tensio        -1.130310        -1.135141        4.8310115E-03     1.000000        -1.130310        -1.135141        4.8310115E-03    0.1573039         6.357120    
 ten85                tensio        -1.131458        -1.140662        9.2039059E-03     1.000000        -1.131458        -1.140662        9.2039059E-03    0.1573039         6.357120    
 ten86                tensio        -1.135476        -1.146240        1.0763536E-02     1.000000        -1.135476        -1.146240        1.0763536E-02    0.1573039         6.357120    
 ten87                tensio        -1.137199        -1.146240        9.0413777E-03     1.000000        -1.137199        -1.146240        9.0413777E-03    0.1573039         6.357120    
 ten88                tensio        -1.137773        -1.151876        1.4103325E-02     1.000000        -1.137773        -1.151876        1.4103325E-02    0.1573039         6.357120    
 ten89                tensio        -1.139495        -1.157572        1.8077166E-02     1.000000        -1.139495        -1.157572        1.8077166E-02    0.1573039         6.357120    
 ten90                tensio        -1.142939        -1.157572        1.4632850E-02     1.000000        -1.142939        -1.157572        1.4632850E-02    0.1573039         6.357120    
 ten91                tensio        -1.144661        -1.163327        1.8665691E-02     1.000000        -1.144661        -1.163327        1.8665691E-02    0.1573039         6.357120    
 ten92                tensio        -1.146958        -1.163327        1.6369480E-02     1.000000        -1.146958        -1.163327        1.6369480E-02    0.1573039         6.357120    
 ten93                tensio        -1.148106        -1.169144        2.1038374E-02     1.000000        -1.148106        -1.169144        2.1038374E-02    0.1573039         6.357120    
 ten94                tensio        -1.150402        -1.175023        2.4621163E-02     1.000000        -1.150402        -1.175023        2.4621163E-02    0.1573039         6.357120    
 ten95                tensio        -1.157290        -1.175023        1.7732529E-02     1.000000        -1.157290        -1.175023        1.7732529E-02    0.1573039         6.357120    
 ten96                tensio        -1.153846        -1.180966        2.7119846E-02     1.000000        -1.153846        -1.180966        2.7119846E-02    0.1573039         6.357120    
