 Name                 Group          Measured         Modelled         Residual         Weight       Weight*Measured    Weight*Modelled  Weight*Residual  Measurement_sd   Natural_weight
 ten1                 tensio        -1.464409        -1.745613        0.2812043         1.000000        -1.464409        -1.745613        0.2812043        0.1575379         6.347678    
 ten2                 tensio        -1.460964        -1.745613        0.2846486         1.000000        -1.460964        -1.745613        0.2846486        0.1575379         6.347678    
 ten3                 tensio        -1.458668        -1.745613        0.2869448         1.000000        -1.458668        -1.745613        0.2869448        0.1575379         6.347678    
 ten4                 tensio        -1.459816        -1.745613        0.2857967         1.000000        -1.459816        -1.745613        0.2857967        0.1575379         6.347678    
 ten5                 tensio        -1.456946        -1.745613        0.2886670         1.000000        -1.456946        -1.745613        0.2886670        0.1575379         6.347678    
 ten6                 tensio        -1.461538        -1.745613        0.2840745         1.000000        -1.461538        -1.745613        0.2840745        0.1575379         6.347678    
 ten7                 tensio        -1.460390        -1.745613        0.2852226         1.000000        -1.460390        -1.745613        0.2852226        0.1575379         6.347678    
 ten8                 tensio        -1.458668        -1.745613        0.2869448         1.000000        -1.458668        -1.745613        0.2869448        0.1575379         6.347678    
 ten9                 tensio        -1.462113        -1.745613        0.2835005         1.000000        -1.462113        -1.745613        0.2835005        0.1575379         6.347678    
 ten10                tensio        -1.453502        -1.745613        0.2921113         1.000000        -1.453502        -1.745613        0.2921113        0.1575379         6.347678    
 ten11                tensio        -1.454076        -1.745613        0.2915372         1.000000        -1.454076        -1.745613        0.2915372        0.1575379         6.347678    
 ten12                tensio        -1.451780        -1.745613        0.2938334         1.000000        -1.451780        -1.745613        0.2938334        0.1575379         6.347678    
 ten13                tensio        -1.452354        -1.745613        0.2932594         1.000000        -1.452354        -1.745613        0.2932594        0.1575379         6.347678    
 ten14                tensio        -1.458668        -1.745613        0.2869448         1.000000        -1.458668        -1.745613        0.2869448        0.1575379         6.347678    
 ten15                tensio        -1.452354        -1.745613        0.2932594         1.000000        -1.452354        -1.745613        0.2932594        0.1575379         6.347678    
 ten16                tensio        -1.448909        -1.745613        0.2967037         1.000000        -1.448909        -1.745613        0.2967037        0.1575379         6.347678    
 ten17                tensio        -1.449483        -1.745613        0.2961296         1.000000        -1.449483        -1.745613        0.2961296        0.1575379         6.347678    
 ten18                tensio        -1.430540        -1.745613        0.3150734         1.000000        -1.430540        -1.745613        0.3150734        0.1575379         6.347678    
 ten19                tensio        -1.404133        -1.745613        0.3414798         1.000000        -1.404133        -1.745613        0.3414798        0.1575379         6.347678    
 ten20                tensio        -1.320321        -1.745613        0.4252915         1.000000        -1.320321        -1.745613        0.4252915        0.1575379         6.347678    
 ten21                tensio        -1.060276        -1.106977        4.6701455E-02     1.000000        -1.060276        -1.106977        4.6701455E-02    0.1575379         6.347678    
 ten22                tensio       -0.7824340       -0.9741710        0.1917370         1.000000       -0.7824340       -0.9741710        0.1917370        0.1575379         6.347678    
 ten23                tensio       -0.7169920       -0.9175890        0.2005970         1.000000       -0.7169920       -0.9175890        0.2005970        0.1575379         6.347678    
 ten24                tensio       -0.7112514       -0.9105460        0.1992946         1.000000       -0.7112514       -0.9105460        0.1992946        0.1575379         6.347678    
 ten25                tensio       -0.7123995       -0.9105460        0.1981465         1.000000       -0.7123995       -0.9105460        0.1981465        0.1575379         6.347678    
 ten26                tensio       -0.7152698       -0.9105460        0.1952762         1.000000       -0.7152698       -0.9105460        0.1952762        0.1575379         6.347678    
 ten27                tensio       -0.7169920       -0.9140540        0.1970620         1.000000       -0.7169920       -0.9140540        0.1970620        0.1575379         6.347678    
 ten28                tensio       -0.7307692       -0.9140540        0.1832848         1.000000       -0.7307692       -0.9140540        0.1832848        0.1575379         6.347678    
 ten29                tensio       -0.7669346       -0.9140540        0.1471194         1.000000       -0.7669346       -0.9140540        0.1471194        0.1575379         6.347678    
 ten30                tensio       -0.7887486       -0.9175890        0.1288404         1.000000       -0.7887486       -0.9175890        0.1288404        0.1575379         6.347678    
 ten31                tensio       -0.8088404       -0.9175890        0.1087486         1.000000       -0.8088404       -0.9175890        0.1087486        0.1575379         6.347678    
 ten32                tensio       -0.8283582       -0.9175890        8.9230791E-02     1.000000       -0.8283582       -0.9175890        8.9230791E-02    0.1575379         6.347678    
 ten33                tensio       -0.8467279       -0.9211510        7.4423101E-02     1.000000       -0.8467279       -0.9211510        7.4423101E-02    0.1575379         6.347678    
 ten34                tensio       -0.8639495       -0.9211510        5.7201517E-02     1.000000       -0.8639495       -0.9211510        5.7201517E-02    0.1575379         6.347678    
 ten35                tensio       -0.8828932       -0.9211510        3.8257774E-02     1.000000       -0.8828932       -0.9211510        3.8257774E-02    0.1575379         6.347678    
 ten36                tensio       -0.8960964       -0.9247420        2.8645559E-02     1.000000       -0.8960964       -0.9247420        2.8645559E-02    0.1575379         6.347678    
 ten37                tensio       -0.9064294       -0.9247420        1.8312608E-02     1.000000       -0.9064294       -0.9247420        1.8312608E-02    0.1575379         6.347678    
 ten38                tensio       -0.9173364       -0.9247420        7.4056051E-03     1.000000       -0.9173364       -0.9247420        7.4056051E-03    0.1575379         6.347678    
 ten39                tensio       -0.9282434       -0.9283620        1.1860161E-04     1.000000       -0.9282434       -0.9283620        1.1860161E-04    0.1575379         6.347678    
 ten40                tensio       -0.9380023       -0.9283620       -9.6402962E-03     1.000000       -0.9380023       -0.9283620       -9.6402962E-03    0.1575379         6.347678    
 ten41                tensio       -0.9477612       -0.9283620       -1.9399194E-02     1.000000       -0.9477612       -0.9283620       -1.9399194E-02    0.1575379         6.347678    
 ten42                tensio       -0.9552239       -0.9320110       -2.3212881E-02     1.000000       -0.9552239       -0.9320110       -2.3212881E-02    0.1575379         6.347678    
 ten43                tensio       -0.9632606       -0.9320110       -3.1249620E-02     1.000000       -0.9632606       -0.9320110       -3.1249620E-02    0.1575379         6.347678    
 ten44                tensio       -0.9712974       -0.9356880       -3.5609359E-02     1.000000       -0.9712974       -0.9356880       -3.5609359E-02    0.1575379         6.347678    
 ten45                tensio       -0.9799082       -0.9356880       -4.4220152E-02     1.000000       -0.9799082       -0.9356880       -4.4220152E-02    0.1575379         6.347678    
 ten46                tensio       -0.9862227       -0.9356880       -5.0534732E-02     1.000000       -0.9862227       -0.9356880       -5.0534732E-02    0.1575379         6.347678    
 ten47                tensio       -0.9936854       -0.9393960       -5.4289419E-02     1.000000       -0.9936854       -0.9393960       -5.4289419E-02    0.1575379         6.347678    
 ten48                tensio        -1.000574       -0.9393960       -6.1178053E-02     1.000000        -1.000574       -0.9393960       -6.1178053E-02    0.1575379         6.347678    
 ten49                tensio        -1.006889       -0.9431340       -6.3754634E-02     1.000000        -1.006889       -0.9431340       -6.3754634E-02    0.1575379         6.347678    
 ten50                tensio        -1.013203       -0.9431340       -7.0069215E-02     1.000000        -1.013203       -0.9431340       -7.0069215E-02    0.1575379         6.347678    
 ten51                tensio        -1.020092       -0.9469020       -7.3189848E-02     1.000000        -1.020092       -0.9469020       -7.3189848E-02    0.1575379         6.347678    
 ten52                tensio        -1.025832       -0.9545320       -7.1300377E-02     1.000000        -1.025832       -0.9545320       -7.1300377E-02    0.1575379         6.347678    
 ten53                tensio        -1.030999       -0.9622890       -6.8709852E-02     1.000000        -1.030999       -0.9622890       -6.8709852E-02    0.1575379         6.347678    
 ten54                tensio        -1.035591       -0.9701770       -6.5414274E-02     1.000000        -1.035591       -0.9701770       -6.5414274E-02    0.1575379         6.347678    
 ten55                tensio        -1.039610       -0.9781990       -6.1410644E-02     1.000000        -1.039610       -0.9781990       -6.1410644E-02    0.1575379         6.347678    
 ten56                tensio        -1.044202       -0.9863590       -5.7843067E-02     1.000000        -1.044202       -0.9863590       -5.7843067E-02    0.1575379         6.347678    
 ten57                tensio        -1.049943       -0.9904920       -5.9450595E-02     1.000000        -1.049943       -0.9904920       -5.9450595E-02    0.1575379         6.347678    
 ten58                tensio        -1.052813       -0.9988660       -5.3946859E-02     1.000000        -1.052813       -0.9988660       -5.3946859E-02    0.1575379         6.347678    
 ten59                tensio        -1.056257        -1.007388       -4.8869176E-02     1.000000        -1.056257        -1.007388       -4.8869176E-02    0.1575379         6.347678    
 ten60                tensio        -1.060850        -1.011705       -4.9144598E-02     1.000000        -1.060850        -1.011705       -4.9144598E-02    0.1575379         6.347678    
 ten61                tensio        -1.063720        -1.016062       -4.7657862E-02     1.000000        -1.063720        -1.016062       -4.7657862E-02    0.1575379         6.347678    
 ten62                tensio        -1.068312        -1.024892       -4.3420285E-02     1.000000        -1.068312        -1.024892       -4.3420285E-02    0.1575379         6.347678    
 ten63                tensio        -1.072331        -1.029368       -4.2962654E-02     1.000000        -1.072331        -1.029368       -4.2962654E-02    0.1575379         6.347678    
 ten64                tensio        -1.075775        -1.033884       -4.1890971E-02     1.000000        -1.075775        -1.033884       -4.1890971E-02    0.1575379         6.347678    
 ten65                tensio        -1.078071        -1.043042       -3.5029183E-02     1.000000        -1.078071        -1.043042       -3.5029183E-02    0.1575379         6.347678    
 ten66                tensio        -1.082090        -1.047684       -3.4405552E-02     1.000000        -1.082090        -1.047684       -3.4405552E-02    0.1575379         6.347678    
 ten67                tensio        -1.085534        -1.052370       -3.3163869E-02     1.000000        -1.085534        -1.052370       -3.3163869E-02    0.1575379         6.347678    
 ten68                tensio        -1.088404        -1.057101       -3.1303133E-02     1.000000        -1.088404        -1.057101       -3.1303133E-02    0.1575379         6.347678    
 ten69                tensio        -1.091274        -1.061875       -2.9399397E-02     1.000000        -1.091274        -1.061875       -2.9399397E-02    0.1575379         6.347678    
 ten70                tensio        -1.092423        -1.066695       -2.5727503E-02     1.000000        -1.092423        -1.066695       -2.5727503E-02    0.1575379         6.347678    
 ten71                tensio        -1.097015        -1.071562       -2.5452925E-02     1.000000        -1.097015        -1.071562       -2.5452925E-02    0.1575379         6.347678    
 ten72                tensio        -1.100459        -1.076475       -2.3984242E-02     1.000000        -1.100459        -1.076475       -2.3984242E-02    0.1575379         6.347678    
 ten73                tensio        -1.102181        -1.081435       -2.0746401E-02     1.000000        -1.102181        -1.081435       -2.0746401E-02    0.1575379         6.347678    
 ten74                tensio        -1.105052        -1.086444       -1.8607665E-02     1.000000        -1.105052        -1.086444       -1.8607665E-02    0.1575379         6.347678    
 ten75                tensio        -1.107348        -1.091502       -1.5845876E-02     1.000000        -1.107348        -1.091502       -1.5845876E-02    0.1575379         6.347678    
 ten76                tensio        -1.109644        -1.096609       -1.3035087E-02     1.000000        -1.109644        -1.096609       -1.3035087E-02    0.1575379         6.347678    
 ten77                tensio        -1.113088        -1.101768       -1.1320404E-02     1.000000        -1.113088        -1.101768       -1.1320404E-02    0.1575379         6.347678    
 ten78                tensio        -1.114237        -1.106977       -7.2595098E-03     1.000000        -1.114237        -1.106977       -7.2595098E-03    0.1575379         6.347678    
 ten79                tensio        -1.117107        -1.112239       -4.8677738E-03     1.000000        -1.117107        -1.112239       -4.8677738E-03    0.1575379         6.347678    
 ten80                tensio        -1.120551        -1.112239       -8.3120907E-03     1.000000        -1.120551        -1.112239       -8.3120907E-03    0.1575379         6.347678    
 ten81                tensio        -1.122847        -1.117554       -5.2933020E-03     1.000000        -1.122847        -1.117554       -5.2933020E-03    0.1575379         6.347678    
 ten82                tensio        -1.125144        -1.122922       -2.2215132E-03     1.000000        -1.125144        -1.122922       -2.2215132E-03    0.1575379         6.347678    
 ten83                tensio        -1.128014        -1.128346        3.3222273E-04     1.000000        -1.128014        -1.128346        3.3222273E-04    0.1575379         6.347678    
 ten84                tensio        -1.130310        -1.128346       -1.9639885E-03     1.000000        -1.130310        -1.128346       -1.9639885E-03    0.1575379         6.347678    
 ten85                tensio        -1.131458        -1.133825        2.3669059E-03     1.000000        -1.131458        -1.133825        2.3669059E-03    0.1575379         6.347678    
 ten86                tensio        -1.135476        -1.139361        3.8845362E-03     1.000000        -1.135476        -1.139361        3.8845362E-03    0.1575379         6.347678    
 ten87                tensio        -1.137199        -1.144954        7.7553777E-03     1.000000        -1.137199        -1.144954        7.7553777E-03    0.1575379         6.347678    
 ten88                tensio        -1.137773        -1.144954        7.1813249E-03     1.000000        -1.137773        -1.144954        7.1813249E-03    0.1575379         6.347678    
 ten89                tensio        -1.139495        -1.150606        1.1111166E-02     1.000000        -1.139495        -1.150606        1.1111166E-02    0.1575379         6.347678    
 ten90                tensio        -1.142939        -1.156318        1.3378850E-02     1.000000        -1.142939        -1.156318        1.3378850E-02    0.1575379         6.347678    
 ten91                tensio        -1.144661        -1.156318        1.1656691E-02     1.000000        -1.144661        -1.156318        1.1656691E-02    0.1575379         6.347678    
 ten92                tensio        -1.146958        -1.162090        1.5132480E-02     1.000000        -1.146958        -1.162090        1.5132480E-02    0.1575379         6.347678    
 ten93                tensio        -1.148106        -1.162090        1.3984374E-02     1.000000        -1.148106        -1.162090        1.3984374E-02    0.1575379         6.347678    
 ten94                tensio        -1.150402        -1.167923        1.7521163E-02     1.000000        -1.150402        -1.167923        1.7521163E-02    0.1575379         6.347678    
 ten95                tensio        -1.157290        -1.173819        1.6528529E-02     1.000000        -1.157290        -1.173819        1.6528529E-02    0.1575379         6.347678    
 ten96                tensio        -1.153846        -1.173819        1.9972846E-02     1.000000        -1.153846        -1.173819        1.9972846E-02    0.1575379         6.347678    
