 Name                 Group          Measured         Modelled         Residual         Weight       Weight*Measured    Weight*Modelled  Weight*Residual  Measurement_sd   Natural_weight
 ten1                 tensio        -1.464409        -1.746667        0.2822583         1.000000        -1.464409        -1.746667        0.2822583        0.2025374         4.937359    
 ten2                 tensio        -1.460964        -1.746667        0.2857026         1.000000        -1.460964        -1.746667        0.2857026        0.2025374         4.937359    
 ten3                 tensio        -1.458668        -1.746667        0.2879988         1.000000        -1.458668        -1.746667        0.2879988        0.2025374         4.937359    
 ten4                 tensio        -1.459816        -1.746667        0.2868507         1.000000        -1.459816        -1.746667        0.2868507        0.2025374         4.937359    
 ten5                 tensio        -1.456946        -1.746667        0.2897210         1.000000        -1.456946        -1.746667        0.2897210        0.2025374         4.937359    
 ten6                 tensio        -1.461538        -1.746667        0.2851285         1.000000        -1.461538        -1.746667        0.2851285        0.2025374         4.937359    
 ten7                 tensio        -1.460390        -1.746667        0.2862766         1.000000        -1.460390        -1.746667        0.2862766        0.2025374         4.937359    
 ten8                 tensio        -1.458668        -1.746667        0.2879988         1.000000        -1.458668        -1.746667        0.2879988        0.2025374         4.937359    
 ten9                 tensio        -1.462113        -1.746667        0.2845545         1.000000        -1.462113        -1.746667        0.2845545        0.2025374         4.937359    
 ten10                tensio        -1.453502        -1.746667        0.2931653         1.000000        -1.453502        -1.746667        0.2931653        0.2025374         4.937359    
 ten11                tensio        -1.454076        -1.746667        0.2925912         1.000000        -1.454076        -1.746667        0.2925912        0.2025374         4.937359    
 ten12                tensio        -1.451780        -1.746667        0.2948874         1.000000        -1.451780        -1.746667        0.2948874        0.2025374         4.937359    
 ten13                tensio        -1.452354        -1.746667        0.2943134         1.000000        -1.452354        -1.746667        0.2943134        0.2025374         4.937359    
 ten14                tensio        -1.458668        -1.746667        0.2879988         1.000000        -1.458668        -1.746667        0.2879988        0.2025374         4.937359    
 ten15                tensio        -1.452354        -1.746667        0.2943134         1.000000        -1.452354        -1.746667        0.2943134        0.2025374         4.937359    
 ten16                tensio        -1.448909        -1.746667        0.2977577         1.000000        -1.448909        -1.746667        0.2977577        0.2025374         4.937359    
 ten17                tensio        -1.449483        -1.746667        0.2971836         1.000000        -1.449483        -1.746667        0.2971836        0.2025374         4.937359    
 ten18                tensio        -1.430540        -1.746667        0.3161274         1.000000        -1.430540        -1.746667        0.3161274        0.2025374         4.937359    
 ten19                tensio        -1.404133        -1.746667        0.3425338         1.000000        -1.404133        -1.746667        0.3425338        0.2025374         4.937359    
 ten20                tensio        -1.320321        -1.746667        0.4263455         1.000000        -1.320321        -1.746667        0.4263455        0.2025374         4.937359    
 ten21                tensio        -1.060276        -1.150848        9.0572455E-02     1.000000        -1.060276        -1.150848        9.0572455E-02    0.2025374         4.937359    
 ten22                tensio       -0.7824340        -1.082900        0.3004660         1.000000       -0.7824340        -1.082900        0.3004660        0.2025374         4.937359    
 ten23                tensio       -0.7169920        -1.034524        0.3175320         1.000000       -0.7169920        -1.034524        0.3175320        0.2025374         4.937359    
 ten24                tensio       -0.7112514        -1.034524        0.3232726         1.000000       -0.7112514        -1.034524        0.3232726        0.2025374         4.937359    
 ten25                tensio       -0.7123995        -1.034524        0.3221245         1.000000       -0.7123995        -1.034524        0.3221245        0.2025374         4.937359    
 ten26                tensio       -0.7152698        -1.034524        0.3192542         1.000000       -0.7152698        -1.034524        0.3192542        0.2025374         4.937359    
 ten27                tensio       -0.7169920        -1.038376        0.3213840         1.000000       -0.7169920        -1.038376        0.3213840        0.2025374         4.937359    
 ten28                tensio       -0.7307692        -1.038376        0.3076068         1.000000       -0.7307692        -1.038376        0.3076068        0.2025374         4.937359    
 ten29                tensio       -0.7669346        -1.038376        0.2714414         1.000000       -0.7669346        -1.038376        0.2714414        0.2025374         4.937359    
 ten30                tensio       -0.7887486        -1.042259        0.2535104         1.000000       -0.7887486        -1.042259        0.2535104        0.2025374         4.937359    
 ten31                tensio       -0.8088404        -1.042259        0.2334186         1.000000       -0.8088404        -1.042259        0.2334186        0.2025374         4.937359    
 ten32                tensio       -0.8283582        -1.042259        0.2139008         1.000000       -0.8283582        -1.042259        0.2139008        0.2025374         4.937359    
 ten33                tensio       -0.8467279        -1.046173        0.1994451         1.000000       -0.8467279        -1.046173        0.1994451        0.2025374         4.937359    
 ten34                tensio       -0.8639495        -1.046173        0.1822235         1.000000       -0.8639495        -1.046173        0.1822235        0.2025374         4.937359    
 ten35                tensio       -0.8828932        -1.046173        0.1632798         1.000000       -0.8828932        -1.046173        0.1632798        0.2025374         4.937359    
 ten36                tensio       -0.8960964        -1.050120        0.1540236         1.000000       -0.8960964        -1.050120        0.1540236        0.2025374         4.937359    
 ten37                tensio       -0.9064294        -1.050120        0.1436906         1.000000       -0.9064294        -1.050120        0.1436906        0.2025374         4.937359    
 ten38                tensio       -0.9173364        -1.050120        0.1327836         1.000000       -0.9173364        -1.050120        0.1327836        0.2025374         4.937359    
 ten39                tensio       -0.9282434        -1.054099        0.1258556         1.000000       -0.9282434        -1.054099        0.1258556        0.2025374         4.937359    
 ten40                tensio       -0.9380023        -1.054099        0.1160967         1.000000       -0.9380023        -1.054099        0.1160967        0.2025374         4.937359    
 ten41                tensio       -0.9477612        -1.054099        0.1063378         1.000000       -0.9477612        -1.054099        0.1063378        0.2025374         4.937359    
 ten42                tensio       -0.9552239        -1.058111        0.1028871         1.000000       -0.9552239        -1.058111        0.1028871        0.2025374         4.937359    
 ten43                tensio       -0.9632606        -1.058111        9.4850380E-02     1.000000       -0.9632606        -1.058111        9.4850380E-02    0.2025374         4.937359    
 ten44                tensio       -0.9712974        -1.062156        9.0858641E-02     1.000000       -0.9712974        -1.062156        9.0858641E-02    0.2025374         4.937359    
 ten45                tensio       -0.9799082        -1.062156        8.2247848E-02     1.000000       -0.9799082        -1.062156        8.2247848E-02    0.2025374         4.937359    
 ten46                tensio       -0.9862227        -1.066236        8.0013268E-02     1.000000       -0.9862227        -1.066236        8.0013268E-02    0.2025374         4.937359    
 ten47                tensio       -0.9936854        -1.066236        7.2550581E-02     1.000000       -0.9936854        -1.066236        7.2550581E-02    0.2025374         4.937359    
 ten48                tensio        -1.000574        -1.066236        6.5661947E-02     1.000000        -1.000574        -1.066236        6.5661947E-02    0.2025374         4.937359    
 ten49                tensio        -1.006889        -1.070349        6.3460366E-02     1.000000        -1.006889        -1.070349        6.3460366E-02    0.2025374         4.937359    
 ten50                tensio        -1.013203        -1.070349        5.7145785E-02     1.000000        -1.013203        -1.070349        5.7145785E-02    0.2025374         4.937359    
 ten51                tensio        -1.020092        -1.078681        5.8589152E-02     1.000000        -1.020092        -1.078681        5.8589152E-02    0.2025374         4.937359    
 ten52                tensio        -1.025832        -1.087155        6.1322623E-02     1.000000        -1.025832        -1.087155        6.1322623E-02    0.2025374         4.937359    
 ten53                tensio        -1.030999        -1.095777        6.4778148E-02     1.000000        -1.030999        -1.095777        6.4778148E-02    0.2025374         4.937359    
 ten54                tensio        -1.035591        -1.104550        6.8958726E-02     1.000000        -1.035591        -1.104550        6.8958726E-02    0.2025374         4.937359    
 ten55                tensio        -1.039610        -1.113479        7.3869356E-02     1.000000        -1.039610        -1.113479        7.3869356E-02    0.2025374         4.937359    
 ten56                tensio        -1.044202        -1.118003        7.3800933E-02     1.000000        -1.044202        -1.118003        7.3800933E-02    0.2025374         4.937359    
 ten57                tensio        -1.049943        -1.127175        7.7232405E-02     1.000000        -1.049943        -1.127175        7.7232405E-02    0.2025374         4.937359    
 ten58                tensio        -1.052813        -1.131823        7.9010141E-02     1.000000        -1.052813        -1.131823        7.9010141E-02    0.2025374         4.937359    
 ten59                tensio        -1.056257        -1.141248        8.4990824E-02     1.000000        -1.056257        -1.141248        8.4990824E-02    0.2025374         4.937359    
 ten60                tensio        -1.060850        -1.146025        8.5175402E-02     1.000000        -1.060850        -1.146025        8.5175402E-02    0.2025374         4.937359    
 ten61                tensio        -1.063720        -1.150848        8.7128138E-02     1.000000        -1.063720        -1.150848        8.7128138E-02    0.2025374         4.937359    
 ten62                tensio        -1.068312        -1.160628        9.2315715E-02     1.000000        -1.068312        -1.160628        9.2315715E-02    0.2025374         4.937359    
 ten63                tensio        -1.072331        -1.165588        9.3257346E-02     1.000000        -1.072331        -1.165588        9.3257346E-02    0.2025374         4.937359    
 ten64                tensio        -1.075775        -1.170596        9.4821029E-02     1.000000        -1.075775        -1.170596        9.4821029E-02    0.2025374         4.937359    
 ten65                tensio        -1.078071        -1.175651        9.7579817E-02     1.000000        -1.078071        -1.175651        9.7579817E-02    0.2025374         4.937359    
 ten66                tensio        -1.082090        -1.180755        9.8665448E-02     1.000000        -1.082090        -1.180755        9.8665448E-02    0.2025374         4.937359    
 ten67                tensio        -1.085534        -1.191114        0.1055801         1.000000        -1.085534        -1.191114        0.1055801        0.2025374         4.937359    
 ten68                tensio        -1.088404        -1.196369        0.1079649         1.000000        -1.088404        -1.196369        0.1079649        0.2025374         4.937359    
 ten69                tensio        -1.091274        -1.201677        0.1104026         1.000000        -1.091274        -1.201677        0.1104026        0.2025374         4.937359    
 ten70                tensio        -1.092423        -1.207037        0.1146145         1.000000        -1.092423        -1.207037        0.1146145        0.2025374         4.937359    
 ten71                tensio        -1.097015        -1.212452        0.1154371         1.000000        -1.097015        -1.212452        0.1154371        0.2025374         4.937359    
 ten72                tensio        -1.100459        -1.217921        0.1174618         1.000000        -1.100459        -1.217921        0.1174618        0.2025374         4.937359    
 ten73                tensio        -1.102181        -1.217921        0.1157396         1.000000        -1.102181        -1.217921        0.1157396        0.2025374         4.937359    
 ten74                tensio        -1.105052        -1.223445        0.1183933         1.000000        -1.105052        -1.223445        0.1183933        0.2025374         4.937359    
 ten75                tensio        -1.107348        -1.229027        0.1216791         1.000000        -1.107348        -1.229027        0.1216791        0.2025374         4.937359    
 ten76                tensio        -1.109644        -1.234665        0.1250209         1.000000        -1.109644        -1.234665        0.1250209        0.2025374         4.937359    
 ten77                tensio        -1.113088        -1.240362        0.1272736         1.000000        -1.113088        -1.240362        0.1272736        0.2025374         4.937359    
 ten78                tensio        -1.114237        -1.246119        0.1318825         1.000000        -1.114237        -1.246119        0.1318825        0.2025374         4.937359    
 ten79                tensio        -1.117107        -1.246119        0.1290122         1.000000        -1.117107        -1.246119        0.1290122        0.2025374         4.937359    
 ten80                tensio        -1.120551        -1.251936        0.1313849         1.000000        -1.120551        -1.251936        0.1313849        0.2025374         4.937359    
 ten81                tensio        -1.122847        -1.257814        0.1349667         1.000000        -1.122847        -1.257814        0.1349667        0.2025374         4.937359    
 ten82                tensio        -1.125144        -1.263755        0.1386115         1.000000        -1.125144        -1.263755        0.1386115        0.2025374         4.937359    
 ten83                tensio        -1.128014        -1.263755        0.1357412         1.000000        -1.128014        -1.263755        0.1357412        0.2025374         4.937359    
 ten84                tensio        -1.130310        -1.269760        0.1394500         1.000000        -1.130310        -1.269760        0.1394500        0.2025374         4.937359    
 ten85                tensio        -1.131458        -1.275829        0.1443709         1.000000        -1.131458        -1.275829        0.1443709        0.2025374         4.937359    
 ten86                tensio        -1.135476        -1.275829        0.1403525         1.000000        -1.135476        -1.275829        0.1403525        0.2025374         4.937359    
 ten87                tensio        -1.137199        -1.281964        0.1447654         1.000000        -1.137199        -1.281964        0.1447654        0.2025374         4.937359    
 ten88                tensio        -1.137773        -1.288167        0.1503943         1.000000        -1.137773        -1.288167        0.1503943        0.2025374         4.937359    
 ten89                tensio        -1.139495        -1.288167        0.1486722         1.000000        -1.139495        -1.288167        0.1486722        0.2025374         4.937359    
 ten90                tensio        -1.142939        -1.294437        0.1514978         1.000000        -1.142939        -1.294437        0.1514978        0.2025374         4.937359    
 ten91                tensio        -1.144661        -1.294437        0.1497757         1.000000        -1.144661        -1.294437        0.1497757        0.2025374         4.937359    
 ten92                tensio        -1.146958        -1.300777        0.1538195         1.000000        -1.146958        -1.300777        0.1538195        0.2025374         4.937359    
 ten93                tensio        -1.148106        -1.307188        0.1590824         1.000000        -1.148106        -1.307188        0.1590824        0.2025374         4.937359    
 ten94                tensio        -1.150402        -1.307188        0.1567862         1.000000        -1.150402        -1.307188        0.1567862        0.2025374         4.937359    
 ten95                tensio        -1.157290        -1.313672        0.1563815         1.000000        -1.157290        -1.313672        0.1563815        0.2025374         4.937359    
 ten96                tensio        -1.153846        -1.313672        0.1598258         1.000000        -1.153846        -1.313672        0.1598258        0.2025374         4.937359    
