 Name                 Group          Measured         Modelled         Residual         Weight       Weight*Measured    Weight*Modelled  Weight*Residual  Measurement_sd   Natural_weight
 ten1                 tensio        -1.464409        -1.752571        0.2881623         1.000000        -1.464409        -1.752571        0.2881623        0.1722075         5.806948    
 ten2                 tensio        -1.460964        -1.752571        0.2916066         1.000000        -1.460964        -1.752571        0.2916066        0.1722075         5.806948    
 ten3                 tensio        -1.458668        -1.752571        0.2939028         1.000000        -1.458668        -1.752571        0.2939028        0.1722075         5.806948    
 ten4                 tensio        -1.459816        -1.752571        0.2927547         1.000000        -1.459816        -1.752571        0.2927547        0.1722075         5.806948    
 ten5                 tensio        -1.456946        -1.752571        0.2956250         1.000000        -1.456946        -1.752571        0.2956250        0.1722075         5.806948    
 ten6                 tensio        -1.461538        -1.752571        0.2910325         1.000000        -1.461538        -1.752571        0.2910325        0.1722075         5.806948    
 ten7                 tensio        -1.460390        -1.752571        0.2921806         1.000000        -1.460390        -1.752571        0.2921806        0.1722075         5.806948    
 ten8                 tensio        -1.458668        -1.752571        0.2939028         1.000000        -1.458668        -1.752571        0.2939028        0.1722075         5.806948    
 ten9                 tensio        -1.462113        -1.752571        0.2904585         1.000000        -1.462113        -1.752571        0.2904585        0.1722075         5.806948    
 ten10                tensio        -1.453502        -1.752571        0.2990693         1.000000        -1.453502        -1.752571        0.2990693        0.1722075         5.806948    
 ten11                tensio        -1.454076        -1.752571        0.2984952         1.000000        -1.454076        -1.752571        0.2984952        0.1722075         5.806948    
 ten12                tensio        -1.451780        -1.752571        0.3007914         1.000000        -1.451780        -1.752571        0.3007914        0.1722075         5.806948    
 ten13                tensio        -1.452354        -1.752571        0.3002174         1.000000        -1.452354        -1.752571        0.3002174        0.1722075         5.806948    
 ten14                tensio        -1.458668        -1.752571        0.2939028         1.000000        -1.458668        -1.752571        0.2939028        0.1722075         5.806948    
 ten15                tensio        -1.452354        -1.752571        0.3002174         1.000000        -1.452354        -1.752571        0.3002174        0.1722075         5.806948    
 ten16                tensio        -1.448909        -1.752571        0.3036617         1.000000        -1.448909        -1.752571        0.3036617        0.1722075         5.806948    
 ten17                tensio        -1.449483        -1.752571        0.3030876         1.000000        -1.449483        -1.752571        0.3030876        0.1722075         5.806948    
 ten18                tensio        -1.430540        -1.752571        0.3220314         1.000000        -1.430540        -1.752571        0.3220314        0.1722075         5.806948    
 ten19                tensio        -1.404133        -1.752571        0.3484378         1.000000        -1.404133        -1.752571        0.3484378        0.1722075         5.806948    
 ten20                tensio        -1.320321        -1.752571        0.4322495         1.000000        -1.320321        -1.752571        0.4322495        0.1722075         5.806948    
 ten21                tensio        -1.060276        -1.129026        6.8750455E-02     1.000000        -1.060276        -1.129026        6.8750455E-02    0.1722075         5.806948    
 ten22                tensio       -0.7824340        -1.024023        0.2415890         1.000000       -0.7824340        -1.024023        0.2415890        0.1722075         5.806948    
 ten23                tensio       -0.7169920       -0.9696480        0.2526560         1.000000       -0.7169920       -0.9696480        0.2526560        0.1722075         5.806948    
 ten24                tensio       -0.7112514       -0.9696480        0.2583966         1.000000       -0.7112514       -0.9696480        0.2583966        0.1722075         5.806948    
 ten25                tensio       -0.7123995       -0.9696480        0.2572485         1.000000       -0.7123995       -0.9696480        0.2572485        0.1722075         5.806948    
 ten26                tensio       -0.7152698       -0.9696480        0.2543782         1.000000       -0.7152698       -0.9696480        0.2543782        0.1722075         5.806948    
 ten27                tensio       -0.7169920       -0.9733300        0.2563380         1.000000       -0.7169920       -0.9733300        0.2563380        0.1722075         5.806948    
 ten28                tensio       -0.7307692       -0.9733300        0.2425608         1.000000       -0.7307692       -0.9733300        0.2425608        0.1722075         5.806948    
 ten29                tensio       -0.7669346       -0.9733300        0.2063954         1.000000       -0.7669346       -0.9733300        0.2063954        0.1722075         5.806948    
 ten30                tensio       -0.7887486       -0.9770410        0.1882924         1.000000       -0.7887486       -0.9770410        0.1882924        0.1722075         5.806948    
 ten31                tensio       -0.8088404       -0.9770410        0.1682006         1.000000       -0.8088404       -0.9770410        0.1682006        0.1722075         5.806948    
 ten32                tensio       -0.8283582       -0.9770410        0.1486828         1.000000       -0.8283582       -0.9770410        0.1486828        0.1722075         5.806948    
 ten33                tensio       -0.8467279       -0.9807830        0.1340551         1.000000       -0.8467279       -0.9807830        0.1340551        0.1722075         5.806948    
 ten34                tensio       -0.8639495       -0.9807830        0.1168335         1.000000       -0.8639495       -0.9807830        0.1168335        0.1722075         5.806948    
 ten35                tensio       -0.8828932       -0.9807830        9.7889774E-02     1.000000       -0.8828932       -0.9807830        9.7889774E-02    0.1722075         5.806948    
 ten36                tensio       -0.8960964       -0.9845540        8.8457559E-02     1.000000       -0.8960964       -0.9845540        8.8457559E-02    0.1722075         5.806948    
 ten37                tensio       -0.9064294       -0.9845540        7.8124608E-02     1.000000       -0.9064294       -0.9845540        7.8124608E-02    0.1722075         5.806948    
 ten38                tensio       -0.9173364       -0.9845540        6.7217605E-02     1.000000       -0.9173364       -0.9845540        6.7217605E-02    0.1722075         5.806948    
 ten39                tensio       -0.9282434       -0.9883570        6.0113602E-02     1.000000       -0.9282434       -0.9883570        6.0113602E-02    0.1722075         5.806948    
 ten40                tensio       -0.9380023       -0.9883570        5.0354704E-02     1.000000       -0.9380023       -0.9883570        5.0354704E-02    0.1722075         5.806948    
 ten41                tensio       -0.9477612       -0.9883570        4.0595806E-02     1.000000       -0.9477612       -0.9883570        4.0595806E-02    0.1722075         5.806948    
 ten42                tensio       -0.9552239       -0.9921900        3.6966119E-02     1.000000       -0.9552239       -0.9921900        3.6966119E-02    0.1722075         5.806948    
 ten43                tensio       -0.9632606       -0.9921900        2.8929380E-02     1.000000       -0.9632606       -0.9921900        2.8929380E-02    0.1722075         5.806948    
 ten44                tensio       -0.9712974       -0.9960540        2.4756641E-02     1.000000       -0.9712974       -0.9960540        2.4756641E-02    0.1722075         5.806948    
 ten45                tensio       -0.9799082       -0.9960540        1.6145848E-02     1.000000       -0.9799082       -0.9960540        1.6145848E-02    0.1722075         5.806948    
 ten46                tensio       -0.9862227       -0.9960540        9.8312675E-03     1.000000       -0.9862227       -0.9960540        9.8312675E-03    0.1722075         5.806948    
 ten47                tensio       -0.9936854       -0.9999510        6.2655809E-03     1.000000       -0.9936854       -0.9999510        6.2655809E-03    0.1722075         5.806948    
 ten48                tensio        -1.000574       -0.9999510       -6.2305281E-04     1.000000        -1.000574       -0.9999510       -6.2305281E-04    0.1722075         5.806948    
 ten49                tensio        -1.006889        -1.003879       -3.0096338E-03     1.000000        -1.006889        -1.003879       -3.0096338E-03    0.1722075         5.806948    
 ten50                tensio        -1.013203        -1.003879       -9.3242147E-03     1.000000        -1.013203        -1.003879       -9.3242147E-03    0.1722075         5.806948    
 ten51                tensio        -1.020092        -1.007841       -1.2250848E-02     1.000000        -1.020092        -1.007841       -1.2250848E-02    0.1722075         5.806948    
 ten52                tensio        -1.025832        -1.015864       -9.9683766E-03     1.000000        -1.025832        -1.015864       -9.9683766E-03    0.1722075         5.806948    
 ten53                tensio        -1.030999        -1.024023       -6.9758519E-03     1.000000        -1.030999        -1.024023       -6.9758519E-03    0.1722075         5.806948    
 ten54                tensio        -1.035591        -1.032322       -3.2692744E-03     1.000000        -1.035591        -1.032322       -3.2692744E-03    0.1722075         5.806948    
 ten55                tensio        -1.039610        -1.040765        1.1553559E-03     1.000000        -1.039610        -1.040765        1.1553559E-03    0.1722075         5.806948    
 ten56                tensio        -1.044202        -1.049357        5.1549334E-03     1.000000        -1.044202        -1.049357        5.1549334E-03    0.1722075         5.806948    
 ten57                tensio        -1.049943        -1.053709        3.7664053E-03     1.000000        -1.049943        -1.053709        3.7664053E-03    0.1722075         5.806948    
 ten58                tensio        -1.052813        -1.062531        9.7181412E-03     1.000000        -1.052813        -1.062531        9.7181412E-03    0.1722075         5.806948    
 ten59                tensio        -1.056257        -1.067002        1.0744824E-02     1.000000        -1.056257        -1.067002        1.0744824E-02    0.1722075         5.806948    
 ten60                tensio        -1.060850        -1.076065        1.5215402E-02     1.000000        -1.060850        -1.076065        1.5215402E-02    0.1722075         5.806948    
 ten61                tensio        -1.063720        -1.080658        1.6938138E-02     1.000000        -1.063720        -1.080658        1.6938138E-02    0.1722075         5.806948    
 ten62                tensio        -1.068312        -1.085294        1.6981715E-02     1.000000        -1.068312        -1.085294        1.6981715E-02    0.1722075         5.806948    
 ten63                tensio        -1.072331        -1.094695        2.2364346E-02     1.000000        -1.072331        -1.094695        2.2364346E-02    0.1722075         5.806948    
 ten64                tensio        -1.075775        -1.099461        2.3686029E-02     1.000000        -1.075775        -1.099461        2.3686029E-02    0.1722075         5.806948    
 ten65                tensio        -1.078071        -1.104272        2.6200817E-02     1.000000        -1.078071        -1.104272        2.6200817E-02    0.1722075         5.806948    
 ten66                tensio        -1.082090        -1.109129        2.7039448E-02     1.000000        -1.082090        -1.109129        2.7039448E-02    0.1722075         5.806948    
 ten67                tensio        -1.085534        -1.114032        2.8498131E-02     1.000000        -1.085534        -1.114032        2.8498131E-02    0.1722075         5.806948    
 ten68                tensio        -1.088404        -1.118982        3.0577867E-02     1.000000        -1.088404        -1.118982        3.0577867E-02    0.1722075         5.806948    
 ten69                tensio        -1.091274        -1.129026        3.7751603E-02     1.000000        -1.091274        -1.129026        3.7751603E-02    0.1722075         5.806948    
 ten70                tensio        -1.092423        -1.134121        4.1698497E-02     1.000000        -1.092423        -1.134121        4.1698497E-02    0.1722075         5.806948    
 ten71                tensio        -1.097015        -1.139267        4.2252075E-02     1.000000        -1.097015        -1.139267        4.2252075E-02    0.1722075         5.806948    
 ten72                tensio        -1.100459        -1.139267        3.8807758E-02     1.000000        -1.100459        -1.139267        3.8807758E-02    0.1722075         5.806948    
 ten73                tensio        -1.102181        -1.144463        4.2281599E-02     1.000000        -1.102181        -1.144463        4.2281599E-02    0.1722075         5.806948    
 ten74                tensio        -1.105052        -1.149711        4.4659335E-02     1.000000        -1.105052        -1.149711        4.4659335E-02    0.1722075         5.806948    
 ten75                tensio        -1.107348        -1.155011        4.7663124E-02     1.000000        -1.107348        -1.155011        4.7663124E-02    0.1722075         5.806948    
 ten76                tensio        -1.109644        -1.160365        5.0720913E-02     1.000000        -1.109644        -1.160365        5.0720913E-02    0.1722075         5.806948    
 ten77                tensio        -1.113088        -1.165772        5.2683596E-02     1.000000        -1.113088        -1.165772        5.2683596E-02    0.1722075         5.806948    
 ten78                tensio        -1.114237        -1.171235        5.6998490E-02     1.000000        -1.114237        -1.171235        5.6998490E-02    0.1722075         5.806948    
 ten79                tensio        -1.117107        -1.176754        5.9647226E-02     1.000000        -1.117107        -1.176754        5.9647226E-02    0.1722075         5.806948    
 ten80                tensio        -1.120551        -1.176754        5.6202909E-02     1.000000        -1.120551        -1.176754        5.6202909E-02    0.1722075         5.806948    
 ten81                tensio        -1.122847        -1.182330        5.9482698E-02     1.000000        -1.122847        -1.182330        5.9482698E-02    0.1722075         5.806948    
 ten82                tensio        -1.125144        -1.187964        6.2820487E-02     1.000000        -1.125144        -1.187964        6.2820487E-02    0.1722075         5.806948    
 ten83                tensio        -1.128014        -1.193656        6.5642223E-02     1.000000        -1.128014        -1.193656        6.5642223E-02    0.1722075         5.806948    
 ten84                tensio        -1.130310        -1.193656        6.3346011E-02     1.000000        -1.130310        -1.193656        6.3346011E-02    0.1722075         5.806948    
 ten85                tensio        -1.131458        -1.199408        6.7949906E-02     1.000000        -1.131458        -1.199408        6.7949906E-02    0.1722075         5.806948    
 ten86                tensio        -1.135476        -1.205222        6.9745536E-02     1.000000        -1.135476        -1.205222        6.9745536E-02    0.1722075         5.806948    
 ten87                tensio        -1.137199        -1.205222        6.8023378E-02     1.000000        -1.137199        -1.205222        6.8023378E-02    0.1722075         5.806948    
 ten88                tensio        -1.137773        -1.211097        7.3324325E-02     1.000000        -1.137773        -1.211097        7.3324325E-02    0.1722075         5.806948    
 ten89                tensio        -1.139495        -1.217035        7.7540166E-02     1.000000        -1.139495        -1.217035        7.7540166E-02    0.1722075         5.806948    
 ten90                tensio        -1.142939        -1.217035        7.4095850E-02     1.000000        -1.142939        -1.217035        7.4095850E-02    0.1722075         5.806948    
 ten91                tensio        -1.144661        -1.223037        7.8375691E-02     1.000000        -1.144661        -1.223037        7.8375691E-02    0.1722075         5.806948    
 ten92                tensio        -1.146958        -1.229105        8.2147480E-02     1.000000        -1.146958        -1.229105        8.2147480E-02    0.1722075         5.806948    
 ten93                tensio        -1.148106        -1.229105        8.0999374E-02     1.000000        -1.148106        -1.229105        8.0999374E-02    0.1722075         5.806948    
 ten94                tensio        -1.150402        -1.235239        8.4837163E-02     1.000000        -1.150402        -1.235239        8.4837163E-02    0.1722075         5.806948    
 ten95                tensio        -1.157290        -1.235239        7.7948529E-02     1.000000        -1.157290        -1.235239        7.7948529E-02    0.1722075         5.806948    
 ten96                tensio        -1.153846        -1.241440        8.7593846E-02     1.000000        -1.153846        -1.241440        8.7593846E-02    0.1722075         5.806948    
