 Name                 Group          Measured         Modelled         Residual         Weight       Weight*Measured    Weight*Modelled  Weight*Residual  Measurement_sd   Natural_weight
 ten1                 tensio        -1.464409        -1.752888        0.2884793         1.000000        -1.464409        -1.752888        0.2884793        0.1683487         5.940051    
 ten2                 tensio        -1.460964        -1.752888        0.2919236         1.000000        -1.460964        -1.752888        0.2919236        0.1683487         5.940051    
 ten3                 tensio        -1.458668        -1.752888        0.2942198         1.000000        -1.458668        -1.752888        0.2942198        0.1683487         5.940051    
 ten4                 tensio        -1.459816        -1.752888        0.2930717         1.000000        -1.459816        -1.752888        0.2930717        0.1683487         5.940051    
 ten5                 tensio        -1.456946        -1.752888        0.2959420         1.000000        -1.456946        -1.752888        0.2959420        0.1683487         5.940051    
 ten6                 tensio        -1.461538        -1.752888        0.2913495         1.000000        -1.461538        -1.752888        0.2913495        0.1683487         5.940051    
 ten7                 tensio        -1.460390        -1.752888        0.2924976         1.000000        -1.460390        -1.752888        0.2924976        0.1683487         5.940051    
 ten8                 tensio        -1.458668        -1.752888        0.2942198         1.000000        -1.458668        -1.752888        0.2942198        0.1683487         5.940051    
 ten9                 tensio        -1.462113        -1.752888        0.2907755         1.000000        -1.462113        -1.752888        0.2907755        0.1683487         5.940051    
 ten10                tensio        -1.453502        -1.752888        0.2993863         1.000000        -1.453502        -1.752888        0.2993863        0.1683487         5.940051    
 ten11                tensio        -1.454076        -1.752888        0.2988122         1.000000        -1.454076        -1.752888        0.2988122        0.1683487         5.940051    
 ten12                tensio        -1.451780        -1.752888        0.3011084         1.000000        -1.451780        -1.752888        0.3011084        0.1683487         5.940051    
 ten13                tensio        -1.452354        -1.752888        0.3005344         1.000000        -1.452354        -1.752888        0.3005344        0.1683487         5.940051    
 ten14                tensio        -1.458668        -1.752888        0.2942198         1.000000        -1.458668        -1.752888        0.2942198        0.1683487         5.940051    
 ten15                tensio        -1.452354        -1.752888        0.3005344         1.000000        -1.452354        -1.752888        0.3005344        0.1683487         5.940051    
 ten16                tensio        -1.448909        -1.752888        0.3039787         1.000000        -1.448909        -1.752888        0.3039787        0.1683487         5.940051    
 ten17                tensio        -1.449483        -1.752888        0.3034046         1.000000        -1.449483        -1.752888        0.3034046        0.1683487         5.940051    
 ten18                tensio        -1.430540        -1.752888        0.3223484         1.000000        -1.430540        -1.752888        0.3223484        0.1683487         5.940051    
 ten19                tensio        -1.404133        -1.752888        0.3487548         1.000000        -1.404133        -1.752888        0.3487548        0.1683487         5.940051    
 ten20                tensio        -1.320321        -1.752888        0.4325665         1.000000        -1.320321        -1.752888        0.4325665        0.1683487         5.940051    
 ten21                tensio        -1.060276        -1.124348        6.4072455E-02     1.000000        -1.060276        -1.124348        6.4072455E-02    0.1683487         5.940051    
 ten22                tensio       -0.7824340        -1.014710        0.2322760         1.000000       -0.7824340        -1.014710        0.2322760        0.1683487         5.940051    
 ten23                tensio       -0.7169920       -0.9569200        0.2399280         1.000000       -0.7169920       -0.9569200        0.2399280        0.1683487         5.940051    
 ten24                tensio       -0.7112514       -0.9569200        0.2456686         1.000000       -0.7112514       -0.9569200        0.2456686        0.1683487         5.940051    
 ten25                tensio       -0.7123995       -0.9569200        0.2445205         1.000000       -0.7123995       -0.9569200        0.2445205        0.1683487         5.940051    
 ten26                tensio       -0.7152698       -0.9569200        0.2416502         1.000000       -0.7152698       -0.9569200        0.2416502        0.1683487         5.940051    
 ten27                tensio       -0.7169920       -0.9605580        0.2435660         1.000000       -0.7169920       -0.9605580        0.2435660        0.1683487         5.940051    
 ten28                tensio       -0.7307692       -0.9605580        0.2297888         1.000000       -0.7307692       -0.9605580        0.2297888        0.1683487         5.940051    
 ten29                tensio       -0.7669346       -0.9605580        0.1936234         1.000000       -0.7669346       -0.9605580        0.1936234        0.1683487         5.940051    
 ten30                tensio       -0.7887486       -0.9642250        0.1754764         1.000000       -0.7887486       -0.9642250        0.1754764        0.1683487         5.940051    
 ten31                tensio       -0.8088404       -0.9642250        0.1553846         1.000000       -0.8088404       -0.9642250        0.1553846        0.1683487         5.940051    
 ten32                tensio       -0.8283582       -0.9642250        0.1358668         1.000000       -0.8283582       -0.9642250        0.1358668        0.1683487         5.940051    
 ten33                tensio       -0.8467279       -0.9679220        0.1211941         1.000000       -0.8467279       -0.9679220        0.1211941        0.1683487         5.940051    
 ten34                tensio       -0.8639495       -0.9679220        0.1039725         1.000000       -0.8639495       -0.9679220        0.1039725        0.1683487         5.940051    
 ten35                tensio       -0.8828932       -0.9679220        8.5028774E-02     1.000000       -0.8828932       -0.9679220        8.5028774E-02    0.1683487         5.940051    
 ten36                tensio       -0.8960964       -0.9716480        7.5551559E-02     1.000000       -0.8960964       -0.9716480        7.5551559E-02    0.1683487         5.940051    
 ten37                tensio       -0.9064294       -0.9716480        6.5218608E-02     1.000000       -0.9064294       -0.9716480        6.5218608E-02    0.1683487         5.940051    
 ten38                tensio       -0.9173364       -0.9716480        5.4311605E-02     1.000000       -0.9173364       -0.9716480        5.4311605E-02    0.1683487         5.940051    
 ten39                tensio       -0.9282434       -0.9754040        4.7160602E-02     1.000000       -0.9282434       -0.9754040        4.7160602E-02    0.1683487         5.940051    
 ten40                tensio       -0.9380023       -0.9754040        3.7401704E-02     1.000000       -0.9380023       -0.9754040        3.7401704E-02    0.1683487         5.940051    
 ten41                tensio       -0.9477612       -0.9754040        2.7642806E-02     1.000000       -0.9477612       -0.9754040        2.7642806E-02    0.1683487         5.940051    
 ten42                tensio       -0.9552239       -0.9791910        2.3967119E-02     1.000000       -0.9552239       -0.9791910        2.3967119E-02    0.1683487         5.940051    
 ten43                tensio       -0.9632606       -0.9791910        1.5930380E-02     1.000000       -0.9632606       -0.9791910        1.5930380E-02    0.1683487         5.940051    
 ten44                tensio       -0.9712974       -0.9830080        1.1710641E-02     1.000000       -0.9712974       -0.9830080        1.1710641E-02    0.1683487         5.940051    
 ten45                tensio       -0.9799082       -0.9830080        3.0998484E-03     1.000000       -0.9799082       -0.9830080        3.0998484E-03    0.1683487         5.940051    
 ten46                tensio       -0.9862227       -0.9868570        6.3426751E-04     1.000000       -0.9862227       -0.9868570        6.3426751E-04    0.1683487         5.940051    
 ten47                tensio       -0.9936854       -0.9868570       -6.8284191E-03     1.000000       -0.9936854       -0.9868570       -6.8284191E-03    0.1683487         5.940051    
 ten48                tensio        -1.000574       -0.9868570       -1.3717053E-02     1.000000        -1.000574       -0.9868570       -1.3717053E-02    0.1683487         5.940051    
 ten49                tensio        -1.006889       -0.9907370       -1.6151634E-02     1.000000        -1.006889       -0.9907370       -1.6151634E-02    0.1683487         5.940051    
 ten50                tensio        -1.013203       -0.9907370       -2.2466215E-02     1.000000        -1.013203       -0.9907370       -2.2466215E-02    0.1683487         5.940051    
 ten51                tensio        -1.020092       -0.9985950       -2.1496848E-02     1.000000        -1.020092       -0.9985950       -2.1496848E-02    0.1683487         5.940051    
 ten52                tensio        -1.025832        -1.006585       -1.9247377E-02     1.000000        -1.025832        -1.006585       -1.9247377E-02    0.1683487         5.940051    
 ten53                tensio        -1.030999        -1.014710       -1.6288852E-02     1.000000        -1.030999        -1.014710       -1.6288852E-02    0.1683487         5.940051    
 ten54                tensio        -1.035591        -1.018825       -1.6766274E-02     1.000000        -1.035591        -1.018825       -1.6766274E-02    0.1683487         5.940051    
 ten55                tensio        -1.039610        -1.027161       -1.2448644E-02     1.000000        -1.039610        -1.027161       -1.2448644E-02    0.1683487         5.940051    
 ten56                tensio        -1.044202        -1.035643       -8.5590666E-03     1.000000        -1.044202        -1.035643       -8.5590666E-03    0.1683487         5.940051    
 ten57                tensio        -1.049943        -1.044274       -5.6685947E-03     1.000000        -1.049943        -1.044274       -5.6685947E-03    0.1683487         5.940051    
 ten58                tensio        -1.052813        -1.048647       -4.1658588E-03     1.000000        -1.052813        -1.048647       -4.1658588E-03    0.1683487         5.940051    
 ten59                tensio        -1.056257        -1.057512        1.2548243E-03     1.000000        -1.056257        -1.057512        1.2548243E-03    0.1683487         5.940051    
 ten60                tensio        -1.060850        -1.062004        1.1544018E-03     1.000000        -1.060850        -1.062004        1.1544018E-03    0.1683487         5.940051    
 ten61                tensio        -1.063720        -1.066537        2.8171378E-03     1.000000        -1.063720        -1.066537        2.8171378E-03    0.1683487         5.940051    
 ten62                tensio        -1.068312        -1.075727        7.4147153E-03     1.000000        -1.068312        -1.075727        7.4147153E-03    0.1683487         5.940051    
 ten63                tensio        -1.072331        -1.080386        8.0553456E-03     1.000000        -1.072331        -1.080386        8.0553456E-03    0.1683487         5.940051    
 ten64                tensio        -1.075775        -1.085089        9.3140287E-03     1.000000        -1.075775        -1.085089        9.3140287E-03    0.1683487         5.940051    
 ten65                tensio        -1.078071        -1.089835        1.1763817E-02     1.000000        -1.078071        -1.089835        1.1763817E-02    0.1683487         5.940051    
 ten66                tensio        -1.082090        -1.099462        1.7372448E-02     1.000000        -1.082090        -1.099462        1.7372448E-02    0.1683487         5.940051    
 ten67                tensio        -1.085534        -1.104345        1.8811131E-02     1.000000        -1.085534        -1.104345        1.8811131E-02    0.1683487         5.940051    
 ten68                tensio        -1.088404        -1.109274        2.0869867E-02     1.000000        -1.088404        -1.109274        2.0869867E-02    0.1683487         5.940051    
 ten69                tensio        -1.091274        -1.114250        2.2975603E-02     1.000000        -1.091274        -1.114250        2.2975603E-02    0.1683487         5.940051    
 ten70                tensio        -1.092423        -1.119275        2.6852497E-02     1.000000        -1.092423        -1.119275        2.6852497E-02    0.1683487         5.940051    
 ten71                tensio        -1.097015        -1.124348        2.7333075E-02     1.000000        -1.097015        -1.124348        2.7333075E-02    0.1683487         5.940051    
 ten72                tensio        -1.100459        -1.129472        2.9012758E-02     1.000000        -1.100459        -1.129472        2.9012758E-02    0.1683487         5.940051    
 ten73                tensio        -1.102181        -1.134646        3.2464599E-02     1.000000        -1.102181        -1.134646        3.2464599E-02    0.1683487         5.940051    
 ten74                tensio        -1.105052        -1.139871        3.4819335E-02     1.000000        -1.105052        -1.139871        3.4819335E-02    0.1683487         5.940051    
 ten75                tensio        -1.107348        -1.145149        3.7801124E-02     1.000000        -1.107348        -1.145149        3.7801124E-02    0.1683487         5.940051    
 ten76                tensio        -1.109644        -1.150479        4.0834913E-02     1.000000        -1.109644        -1.150479        4.0834913E-02    0.1683487         5.940051    
 ten77                tensio        -1.113088        -1.150479        3.7390596E-02     1.000000        -1.113088        -1.150479        3.7390596E-02    0.1683487         5.940051    
 ten78                tensio        -1.114237        -1.155863        4.1626490E-02     1.000000        -1.114237        -1.155863        4.1626490E-02    0.1683487         5.940051    
 ten79                tensio        -1.117107        -1.161302        4.4195226E-02     1.000000        -1.117107        -1.161302        4.4195226E-02    0.1683487         5.940051    
 ten80                tensio        -1.120551        -1.166797        4.6245909E-02     1.000000        -1.120551        -1.166797        4.6245909E-02    0.1683487         5.940051    
 ten81                tensio        -1.122847        -1.172349        4.9501698E-02     1.000000        -1.122847        -1.172349        4.9501698E-02    0.1683487         5.940051    
 ten82                tensio        -1.125144        -1.172349        4.7205487E-02     1.000000        -1.125144        -1.172349        4.7205487E-02    0.1683487         5.940051    
 ten83                tensio        -1.128014        -1.177958        4.9944223E-02     1.000000        -1.128014        -1.177958        4.9944223E-02    0.1683487         5.940051    
 ten84                tensio        -1.130310        -1.183625        5.3315011E-02     1.000000        -1.130310        -1.183625        5.3315011E-02    0.1683487         5.940051    
 ten85                tensio        -1.131458        -1.189352        5.7893906E-02     1.000000        -1.131458        -1.189352        5.7893906E-02    0.1683487         5.940051    
 ten86                tensio        -1.135476        -1.189352        5.3875536E-02     1.000000        -1.135476        -1.189352        5.3875536E-02    0.1683487         5.940051    
 ten87                tensio        -1.137199        -1.195139        5.7940378E-02     1.000000        -1.137199        -1.195139        5.7940378E-02    0.1683487         5.940051    
 ten88                tensio        -1.137773        -1.200988        6.3215325E-02     1.000000        -1.137773        -1.200988        6.3215325E-02    0.1683487         5.940051    
 ten89                tensio        -1.139495        -1.200988        6.1493166E-02     1.000000        -1.139495        -1.200988        6.1493166E-02    0.1683487         5.940051    
 ten90                tensio        -1.142939        -1.206900        6.3960850E-02     1.000000        -1.142939        -1.206900        6.3960850E-02    0.1683487         5.940051    
 ten91                tensio        -1.144661        -1.206900        6.2238691E-02     1.000000        -1.144661        -1.206900        6.2238691E-02    0.1683487         5.940051    
 ten92                tensio        -1.146958        -1.212875        6.5917480E-02     1.000000        -1.146958        -1.212875        6.5917480E-02    0.1683487         5.940051    
 ten93                tensio        -1.148106        -1.218915        7.0809374E-02     1.000000        -1.148106        -1.218915        7.0809374E-02    0.1683487         5.940051    
 ten94                tensio        -1.150402        -1.218915        6.8513163E-02     1.000000        -1.150402        -1.218915        6.8513163E-02    0.1683487         5.940051    
 ten95                tensio        -1.157290        -1.225022        6.7731529E-02     1.000000        -1.157290        -1.225022        6.7731529E-02    0.1683487         5.940051    
 ten96                tensio        -1.153846        -1.225022        7.1175846E-02     1.000000        -1.153846        -1.225022        7.1175846E-02    0.1683487         5.940051    
