 Name                 Group          Measured         Modelled         Residual         Weight       Weight*Measured    Weight*Modelled  Weight*Residual  Measurement_sd   Natural_weight
 ten1                 tensio        -1.464409        -1.746618        0.2822093         1.000000        -1.464409        -1.746618        0.2822093        0.1578277         6.336023    
 ten2                 tensio        -1.460964        -1.746618        0.2856536         1.000000        -1.460964        -1.746618        0.2856536        0.1578277         6.336023    
 ten3                 tensio        -1.458668        -1.746618        0.2879498         1.000000        -1.458668        -1.746618        0.2879498        0.1578277         6.336023    
 ten4                 tensio        -1.459816        -1.746618        0.2868017         1.000000        -1.459816        -1.746618        0.2868017        0.1578277         6.336023    
 ten5                 tensio        -1.456946        -1.746618        0.2896720         1.000000        -1.456946        -1.746618        0.2896720        0.1578277         6.336023    
 ten6                 tensio        -1.461538        -1.746618        0.2850795         1.000000        -1.461538        -1.746618        0.2850795        0.1578277         6.336023    
 ten7                 tensio        -1.460390        -1.746618        0.2862276         1.000000        -1.460390        -1.746618        0.2862276        0.1578277         6.336023    
 ten8                 tensio        -1.458668        -1.746618        0.2879498         1.000000        -1.458668        -1.746618        0.2879498        0.1578277         6.336023    
 ten9                 tensio        -1.462113        -1.746618        0.2845055         1.000000        -1.462113        -1.746618        0.2845055        0.1578277         6.336023    
 ten10                tensio        -1.453502        -1.746618        0.2931163         1.000000        -1.453502        -1.746618        0.2931163        0.1578277         6.336023    
 ten11                tensio        -1.454076        -1.746618        0.2925422         1.000000        -1.454076        -1.746618        0.2925422        0.1578277         6.336023    
 ten12                tensio        -1.451780        -1.746618        0.2948384         1.000000        -1.451780        -1.746618        0.2948384        0.1578277         6.336023    
 ten13                tensio        -1.452354        -1.746618        0.2942644         1.000000        -1.452354        -1.746618        0.2942644        0.1578277         6.336023    
 ten14                tensio        -1.458668        -1.746618        0.2879498         1.000000        -1.458668        -1.746618        0.2879498        0.1578277         6.336023    
 ten15                tensio        -1.452354        -1.746618        0.2942644         1.000000        -1.452354        -1.746618        0.2942644        0.1578277         6.336023    
 ten16                tensio        -1.448909        -1.746618        0.2977087         1.000000        -1.448909        -1.746618        0.2977087        0.1578277         6.336023    
 ten17                tensio        -1.449483        -1.746618        0.2971346         1.000000        -1.449483        -1.746618        0.2971346        0.1578277         6.336023    
 ten18                tensio        -1.430540        -1.746618        0.3160784         1.000000        -1.430540        -1.746618        0.3160784        0.1578277         6.336023    
 ten19                tensio        -1.404133        -1.746618        0.3424848         1.000000        -1.404133        -1.746618        0.3424848        0.1578277         6.336023    
 ten20                tensio        -1.320321        -1.746618        0.4262965         1.000000        -1.320321        -1.746618        0.4262965        0.1578277         6.336023    
 ten21                tensio        -1.060276        -1.105658        4.5382455E-02     1.000000        -1.060276        -1.105658        4.5382455E-02    0.1578277         6.336023    
 ten22                tensio       -0.7824340       -0.9685390        0.1861050         1.000000       -0.7824340       -0.9685390        0.1861050        0.1578277         6.336023    
 ten23                tensio       -0.7169920       -0.9123070        0.1953150         1.000000       -0.7169920       -0.9123070        0.1953150        0.1578277         6.336023    
 ten24                tensio       -0.7112514       -0.9087930        0.1975416         1.000000       -0.7112514       -0.9087930        0.1975416        0.1578277         6.336023    
 ten25                tensio       -0.7123995       -0.9087930        0.1963935         1.000000       -0.7123995       -0.9087930        0.1963935        0.1578277         6.336023    
 ten26                tensio       -0.7152698       -0.9087930        0.1935232         1.000000       -0.7152698       -0.9087930        0.1935232        0.1578277         6.336023    
 ten27                tensio       -0.7169920       -0.9087930        0.1918010         1.000000       -0.7169920       -0.9087930        0.1918010        0.1578277         6.336023    
 ten28                tensio       -0.7307692       -0.9123070        0.1815378         1.000000       -0.7307692       -0.9123070        0.1815378        0.1578277         6.336023    
 ten29                tensio       -0.7669346       -0.9123070        0.1453724         1.000000       -0.7669346       -0.9123070        0.1453724        0.1578277         6.336023    
 ten30                tensio       -0.7887486       -0.9123070        0.1235584         1.000000       -0.7887486       -0.9123070        0.1235584        0.1578277         6.336023    
 ten31                tensio       -0.8088404       -0.9158480        0.1070076         1.000000       -0.8088404       -0.9158480        0.1070076        0.1578277         6.336023    
 ten32                tensio       -0.8283582       -0.9158480        8.7489791E-02     1.000000       -0.8283582       -0.9158480        8.7489791E-02    0.1578277         6.336023    
 ten33                tensio       -0.8467279       -0.9158480        6.9120101E-02     1.000000       -0.8467279       -0.9158480        6.9120101E-02    0.1578277         6.336023    
 ten34                tensio       -0.8639495       -0.9194180        5.5468517E-02     1.000000       -0.8639495       -0.9194180        5.5468517E-02    0.1578277         6.336023    
 ten35                tensio       -0.8828932       -0.9194180        3.6524774E-02     1.000000       -0.8828932       -0.9194180        3.6524774E-02    0.1578277         6.336023    
 ten36                tensio       -0.8960964       -0.9194180        2.3321559E-02     1.000000       -0.8960964       -0.9194180        2.3321559E-02    0.1578277         6.336023    
 ten37                tensio       -0.9064294       -0.9230150        1.6585608E-02     1.000000       -0.9064294       -0.9230150        1.6585608E-02    0.1578277         6.336023    
 ten38                tensio       -0.9173364       -0.9230150        5.6786051E-03     1.000000       -0.9173364       -0.9230150        5.6786051E-03    0.1578277         6.336023    
 ten39                tensio       -0.9282434       -0.9230150       -5.2283984E-03     1.000000       -0.9282434       -0.9230150       -5.2283984E-03    0.1578277         6.336023    
 ten40                tensio       -0.9380023       -0.9266420       -1.1360296E-02     1.000000       -0.9380023       -0.9266420       -1.1360296E-02    0.1578277         6.336023    
 ten41                tensio       -0.9477612       -0.9266420       -2.1119194E-02     1.000000       -0.9477612       -0.9266420       -2.1119194E-02    0.1578277         6.336023    
 ten42                tensio       -0.9552239       -0.9302970       -2.4926881E-02     1.000000       -0.9552239       -0.9302970       -2.4926881E-02    0.1578277         6.336023    
 ten43                tensio       -0.9632606       -0.9302970       -3.2963620E-02     1.000000       -0.9632606       -0.9302970       -3.2963620E-02    0.1578277         6.336023    
 ten44                tensio       -0.9712974       -0.9302970       -4.1000359E-02     1.000000       -0.9712974       -0.9302970       -4.1000359E-02    0.1578277         6.336023    
 ten45                tensio       -0.9799082       -0.9339820       -4.5926152E-02     1.000000       -0.9799082       -0.9339820       -4.5926152E-02    0.1578277         6.336023    
 ten46                tensio       -0.9862227       -0.9339820       -5.2240732E-02     1.000000       -0.9862227       -0.9339820       -5.2240732E-02    0.1578277         6.336023    
 ten47                tensio       -0.9936854       -0.9376970       -5.5988419E-02     1.000000       -0.9936854       -0.9376970       -5.5988419E-02    0.1578277         6.336023    
 ten48                tensio        -1.000574       -0.9376970       -6.2877053E-02     1.000000        -1.000574       -0.9376970       -6.2877053E-02    0.1578277         6.336023    
 ten49                tensio        -1.006889       -0.9414420       -6.5446634E-02     1.000000        -1.006889       -0.9414420       -6.5446634E-02    0.1578277         6.336023    
 ten50                tensio        -1.013203       -0.9414420       -7.1761215E-02     1.000000        -1.013203       -0.9414420       -7.1761215E-02    0.1578277         6.336023    
 ten51                tensio        -1.020092       -0.9452170       -7.4874848E-02     1.000000        -1.020092       -0.9452170       -7.4874848E-02    0.1578277         6.336023    
 ten52                tensio        -1.025832       -0.9528620       -7.2970377E-02     1.000000        -1.025832       -0.9528620       -7.2970377E-02    0.1578277         6.336023    
 ten53                tensio        -1.030999       -0.9606350       -7.0363852E-02     1.000000        -1.030999       -0.9606350       -7.0363852E-02    0.1578277         6.336023    
 ten54                tensio        -1.035591       -0.9685390       -6.7052274E-02     1.000000        -1.035591       -0.9685390       -6.7052274E-02    0.1578277         6.336023    
 ten55                tensio        -1.039610       -0.9725410       -6.7068644E-02     1.000000        -1.039610       -0.9725410       -6.7068644E-02    0.1578277         6.336023    
 ten56                tensio        -1.044202       -0.9806480       -6.3554067E-02     1.000000        -1.044202       -0.9806480       -6.3554067E-02    0.1578277         6.336023    
 ten57                tensio        -1.049943       -0.9888960       -6.1046595E-02     1.000000        -1.049943       -0.9888960       -6.1046595E-02    0.1578277         6.336023    
 ten58                tensio        -1.052813       -0.9930740       -5.9738859E-02     1.000000        -1.052813       -0.9930740       -5.9738859E-02    0.1578277         6.336023    
 ten59                tensio        -1.056257        -1.001539       -5.4718176E-02     1.000000        -1.056257        -1.001539       -5.4718176E-02    0.1578277         6.336023    
 ten60                tensio        -1.060850        -1.005828       -5.5021598E-02     1.000000        -1.060850        -1.005828       -5.5021598E-02    0.1578277         6.336023    
 ten61                tensio        -1.063720        -1.014522       -4.9197862E-02     1.000000        -1.063720        -1.014522       -4.9197862E-02    0.1578277         6.336023    
 ten62                tensio        -1.068312        -1.018927       -4.9385285E-02     1.000000        -1.068312        -1.018927       -4.9385285E-02    0.1578277         6.336023    
 ten63                tensio        -1.072331        -1.027858       -4.4472654E-02     1.000000        -1.072331        -1.027858       -4.4472654E-02    0.1578277         6.336023    
 ten64                tensio        -1.075775        -1.032385       -4.3389971E-02     1.000000        -1.075775        -1.032385       -4.3389971E-02    0.1578277         6.336023    
 ten65                tensio        -1.078071        -1.036953       -4.1118183E-02     1.000000        -1.078071        -1.036953       -4.1118183E-02    0.1578277         6.336023    
 ten66                tensio        -1.082090        -1.041564       -4.0525552E-02     1.000000        -1.082090        -1.041564       -4.0525552E-02    0.1578277         6.336023    
 ten67                tensio        -1.085534        -1.046218       -3.9315869E-02     1.000000        -1.085534        -1.046218       -3.9315869E-02    0.1578277         6.336023    
 ten68                tensio        -1.088404        -1.055656       -3.2748133E-02     1.000000        -1.088404        -1.055656       -3.2748133E-02    0.1578277         6.336023    
 ten69                tensio        -1.091274        -1.060443       -3.0831397E-02     1.000000        -1.091274        -1.060443       -3.0831397E-02    0.1578277         6.336023    
 ten70                tensio        -1.092423        -1.065275       -2.7147503E-02     1.000000        -1.092423        -1.065275       -2.7147503E-02    0.1578277         6.336023    
 ten71                tensio        -1.097015        -1.070153       -2.6861925E-02     1.000000        -1.097015        -1.070153       -2.6861925E-02    0.1578277         6.336023    
 ten72                tensio        -1.100459        -1.075078       -2.5381242E-02     1.000000        -1.100459        -1.075078       -2.5381242E-02    0.1578277         6.336023    
 ten73                tensio        -1.102181        -1.080051       -2.2130401E-02     1.000000        -1.102181        -1.080051       -2.2130401E-02    0.1578277         6.336023    
 ten74                tensio        -1.105052        -1.085072       -1.9979665E-02     1.000000        -1.105052        -1.085072       -1.9979665E-02    0.1578277         6.336023    
 ten75                tensio        -1.107348        -1.090143       -1.7204876E-02     1.000000        -1.107348        -1.090143       -1.7204876E-02    0.1578277         6.336023    
 ten76                tensio        -1.109644        -1.090143       -1.9501087E-02     1.000000        -1.109644        -1.090143       -1.9501087E-02    0.1578277         6.336023    
 ten77                tensio        -1.113088        -1.095264       -1.7824404E-02     1.000000        -1.113088        -1.095264       -1.7824404E-02    0.1578277         6.336023    
 ten78                tensio        -1.114237        -1.100435       -1.3801510E-02     1.000000        -1.114237        -1.100435       -1.3801510E-02    0.1578277         6.336023    
 ten79                tensio        -1.117107        -1.105658       -1.1448774E-02     1.000000        -1.117107        -1.105658       -1.1448774E-02    0.1578277         6.336023    
 ten80                tensio        -1.120551        -1.110934       -9.6170907E-03     1.000000        -1.120551        -1.110934       -9.6170907E-03    0.1578277         6.336023    
 ten81                tensio        -1.122847        -1.116263       -6.5843020E-03     1.000000        -1.122847        -1.116263       -6.5843020E-03    0.1578277         6.336023    
 ten82                tensio        -1.125144        -1.116263       -8.8805132E-03     1.000000        -1.125144        -1.116263       -8.8805132E-03    0.1578277         6.336023    
 ten83                tensio        -1.128014        -1.121646       -6.3677773E-03     1.000000        -1.128014        -1.121646       -6.3677773E-03    0.1578277         6.336023    
 ten84                tensio        -1.130310        -1.127084       -3.2259885E-03     1.000000        -1.130310        -1.127084       -3.2259885E-03    0.1578277         6.336023    
 ten85                tensio        -1.131458        -1.132578        1.1199059E-03     1.000000        -1.131458        -1.132578        1.1199059E-03    0.1578277         6.336023    
 ten86                tensio        -1.135476        -1.132578       -2.8984638E-03     1.000000        -1.135476        -1.132578       -2.8984638E-03    0.1578277         6.336023    
 ten87                tensio        -1.137199        -1.138129        9.3037773E-04     1.000000        -1.137199        -1.138129        9.3037773E-04    0.1578277         6.336023    
 ten88                tensio        -1.137773        -1.143737        5.9643249E-03     1.000000        -1.137773        -1.143737        5.9643249E-03    0.1578277         6.336023    
 ten89                tensio        -1.139495        -1.143737        4.2421665E-03     1.000000        -1.139495        -1.143737        4.2421665E-03    0.1578277         6.336023    
 ten90                tensio        -1.142939        -1.149405        6.4658496E-03     1.000000        -1.142939        -1.149405        6.4658496E-03    0.1578277         6.336023    
 ten91                tensio        -1.144661        -1.155132        1.0470691E-02     1.000000        -1.144661        -1.155132        1.0470691E-02    0.1578277         6.336023    
 ten92                tensio        -1.146958        -1.155132        8.1744799E-03     1.000000        -1.146958        -1.155132        8.1744799E-03    0.1578277         6.336023    
 ten93                tensio        -1.148106        -1.160920        1.2814374E-02     1.000000        -1.148106        -1.160920        1.2814374E-02    0.1578277         6.336023    
 ten94                tensio        -1.150402        -1.166770        1.6368163E-02     1.000000        -1.150402        -1.166770        1.6368163E-02    0.1578277         6.336023    
 ten95                tensio        -1.157290        -1.166770        9.4795293E-03     1.000000        -1.157290        -1.166770        9.4795293E-03    0.1578277         6.336023    
 ten96                tensio        -1.153846        -1.172683        1.8836846E-02     1.000000        -1.153846        -1.172683        1.8836846E-02    0.1578277         6.336023    
