 Name                 Group          Measured         Modelled         Residual         Weight       Weight*Measured    Weight*Modelled  Weight*Residual  Measurement_sd   Natural_weight
 ten1                 tensio        -1.464409        -1.744445        0.2800363         1.000000        -1.464409        -1.744445        0.2800363        0.1572723         6.358398    
 ten2                 tensio        -1.460964        -1.744445        0.2834806         1.000000        -1.460964        -1.744445        0.2834806        0.1572723         6.358398    
 ten3                 tensio        -1.458668        -1.744445        0.2857768         1.000000        -1.458668        -1.744445        0.2857768        0.1572723         6.358398    
 ten4                 tensio        -1.459816        -1.744445        0.2846287         1.000000        -1.459816        -1.744445        0.2846287        0.1572723         6.358398    
 ten5                 tensio        -1.456946        -1.744445        0.2874990         1.000000        -1.456946        -1.744445        0.2874990        0.1572723         6.358398    
 ten6                 tensio        -1.461538        -1.744445        0.2829065         1.000000        -1.461538        -1.744445        0.2829065        0.1572723         6.358398    
 ten7                 tensio        -1.460390        -1.744445        0.2840546         1.000000        -1.460390        -1.744445        0.2840546        0.1572723         6.358398    
 ten8                 tensio        -1.458668        -1.744445        0.2857768         1.000000        -1.458668        -1.744445        0.2857768        0.1572723         6.358398    
 ten9                 tensio        -1.462113        -1.744445        0.2823325         1.000000        -1.462113        -1.744445        0.2823325        0.1572723         6.358398    
 ten10                tensio        -1.453502        -1.744445        0.2909433         1.000000        -1.453502        -1.744445        0.2909433        0.1572723         6.358398    
 ten11                tensio        -1.454076        -1.744445        0.2903692         1.000000        -1.454076        -1.744445        0.2903692        0.1572723         6.358398    
 ten12                tensio        -1.451780        -1.744445        0.2926654         1.000000        -1.451780        -1.744445        0.2926654        0.1572723         6.358398    
 ten13                tensio        -1.452354        -1.744445        0.2920914         1.000000        -1.452354        -1.744445        0.2920914        0.1572723         6.358398    
 ten14                tensio        -1.458668        -1.744445        0.2857768         1.000000        -1.458668        -1.744445        0.2857768        0.1572723         6.358398    
 ten15                tensio        -1.452354        -1.744445        0.2920914         1.000000        -1.452354        -1.744445        0.2920914        0.1572723         6.358398    
 ten16                tensio        -1.448909        -1.744445        0.2955357         1.000000        -1.448909        -1.744445        0.2955357        0.1572723         6.358398    
 ten17                tensio        -1.449483        -1.744445        0.2949616         1.000000        -1.449483        -1.744445        0.2949616        0.1572723         6.358398    
 ten18                tensio        -1.430540        -1.744445        0.3139054         1.000000        -1.430540        -1.744445        0.3139054        0.1572723         6.358398    
 ten19                tensio        -1.404133        -1.744445        0.3403118         1.000000        -1.404133        -1.744445        0.3403118        0.1572723         6.358398    
 ten20                tensio        -1.320321        -1.744445        0.4241235         1.000000        -1.320321        -1.744445        0.4241235        0.1572723         6.358398    
 ten21                tensio        -1.060276        -1.108702        4.8426455E-02     1.000000        -1.060276        -1.108702        4.8426455E-02    0.1572723         6.358398    
 ten22                tensio       -0.7824340       -0.9762830        0.1938490         1.000000       -0.7824340       -0.9762830        0.1938490        0.1572723         6.358398    
 ten23                tensio       -0.7169920       -0.9198360        0.2028440         1.000000       -0.7169920       -0.9198360        0.2028440        0.1572723         6.358398    
 ten24                tensio       -0.7112514       -0.9163090        0.2050576         1.000000       -0.7112514       -0.9163090        0.2050576        0.1572723         6.358398    
 ten25                tensio       -0.7123995       -0.9163090        0.2039095         1.000000       -0.7123995       -0.9163090        0.2039095        0.1572723         6.358398    
 ten26                tensio       -0.7152698       -0.9163090        0.2010392         1.000000       -0.7152698       -0.9163090        0.2010392        0.1572723         6.358398    
 ten27                tensio       -0.7169920       -0.9198360        0.2028440         1.000000       -0.7169920       -0.9198360        0.2028440        0.1572723         6.358398    
 ten28                tensio       -0.7307692       -0.9198360        0.1890668         1.000000       -0.7307692       -0.9198360        0.1890668        0.1572723         6.358398    
 ten29                tensio       -0.7669346       -0.9198360        0.1529014         1.000000       -0.7669346       -0.9198360        0.1529014        0.1572723         6.358398    
 ten30                tensio       -0.7887486       -0.9233910        0.1346424         1.000000       -0.7887486       -0.9233910        0.1346424        0.1572723         6.358398    
 ten31                tensio       -0.8088404       -0.9233910        0.1145506         1.000000       -0.8088404       -0.9233910        0.1145506        0.1572723         6.358398    
 ten32                tensio       -0.8283582       -0.9233910        9.5032791E-02     1.000000       -0.8283582       -0.9233910        9.5032791E-02    0.1572723         6.358398    
 ten33                tensio       -0.8467279       -0.9269740        8.0246101E-02     1.000000       -0.8467279       -0.9269740        8.0246101E-02    0.1572723         6.358398    
 ten34                tensio       -0.8639495       -0.9269740        6.3024517E-02     1.000000       -0.8639495       -0.9269740        6.3024517E-02    0.1572723         6.358398    
 ten35                tensio       -0.8828932       -0.9269740        4.4080774E-02     1.000000       -0.8828932       -0.9269740        4.4080774E-02    0.1572723         6.358398    
 ten36                tensio       -0.8960964       -0.9305850        3.4488559E-02     1.000000       -0.8960964       -0.9305850        3.4488559E-02    0.1572723         6.358398    
 ten37                tensio       -0.9064294       -0.9305850        2.4155608E-02     1.000000       -0.9064294       -0.9305850        2.4155608E-02    0.1572723         6.358398    
 ten38                tensio       -0.9173364       -0.9305850        1.3248605E-02     1.000000       -0.9173364       -0.9305850        1.3248605E-02    0.1572723         6.358398    
 ten39                tensio       -0.9282434       -0.9342250        5.9816016E-03     1.000000       -0.9282434       -0.9342250        5.9816016E-03    0.1572723         6.358398    
 ten40                tensio       -0.9380023       -0.9342250       -3.7772962E-03     1.000000       -0.9380023       -0.9342250       -3.7772962E-03    0.1572723         6.358398    
 ten41                tensio       -0.9477612       -0.9342250       -1.3536194E-02     1.000000       -0.9477612       -0.9342250       -1.3536194E-02    0.1572723         6.358398    
 ten42                tensio       -0.9552239       -0.9378950       -1.7328881E-02     1.000000       -0.9552239       -0.9378950       -1.7328881E-02    0.1572723         6.358398    
 ten43                tensio       -0.9632606       -0.9378950       -2.5365620E-02     1.000000       -0.9632606       -0.9378950       -2.5365620E-02    0.1572723         6.358398    
 ten44                tensio       -0.9712974       -0.9415940       -2.9703359E-02     1.000000       -0.9712974       -0.9415940       -2.9703359E-02    0.1572723         6.358398    
 ten45                tensio       -0.9799082       -0.9415940       -3.8314152E-02     1.000000       -0.9799082       -0.9415940       -3.8314152E-02    0.1572723         6.358398    
 ten46                tensio       -0.9862227       -0.9415940       -4.4628732E-02     1.000000       -0.9862227       -0.9415940       -4.4628732E-02    0.1572723         6.358398    
 ten47                tensio       -0.9936854       -0.9453230       -4.8362419E-02     1.000000       -0.9936854       -0.9453230       -4.8362419E-02    0.1572723         6.358398    
 ten48                tensio        -1.000574       -0.9453230       -5.5251053E-02     1.000000        -1.000574       -0.9453230       -5.5251053E-02    0.1572723         6.358398    
 ten49                tensio        -1.006889       -0.9490820       -5.7806634E-02     1.000000        -1.006889       -0.9490820       -5.7806634E-02    0.1572723         6.358398    
 ten50                tensio        -1.013203       -0.9490820       -6.4121215E-02     1.000000        -1.013203       -0.9490820       -6.4121215E-02    0.1572723         6.358398    
 ten51                tensio        -1.020092       -0.9528720       -6.7219848E-02     1.000000        -1.020092       -0.9528720       -6.7219848E-02    0.1572723         6.358398    
 ten52                tensio        -1.025832       -0.9605460       -6.5286377E-02     1.000000        -1.025832       -0.9605460       -6.5286377E-02    0.1572723         6.358398    
 ten53                tensio        -1.030999       -0.9683490       -6.2649852E-02     1.000000        -1.030999       -0.9683490       -6.2649852E-02    0.1572723         6.358398    
 ten54                tensio        -1.035591       -0.9762830       -5.9308274E-02     1.000000        -1.035591       -0.9762830       -5.9308274E-02    0.1572723         6.358398    
 ten55                tensio        -1.039610       -0.9843520       -5.5257644E-02     1.000000        -1.039610       -0.9843520       -5.5257644E-02    0.1572723         6.358398    
 ten56                tensio        -1.044202       -0.9925610       -5.1641067E-02     1.000000        -1.044202       -0.9925610       -5.1641067E-02    0.1572723         6.358398    
 ten57                tensio        -1.049943       -0.9967180       -5.3224595E-02     1.000000        -1.049943       -0.9967180       -5.3224595E-02    0.1572723         6.358398    
 ten58                tensio        -1.052813        -1.005143       -4.7669859E-02     1.000000        -1.052813        -1.005143       -4.7669859E-02    0.1572723         6.358398    
 ten59                tensio        -1.056257        -1.009411       -4.6846176E-02     1.000000        -1.056257        -1.009411       -4.6846176E-02    0.1572723         6.358398    
 ten60                tensio        -1.060850        -1.018061       -4.2788598E-02     1.000000        -1.060850        -1.018061       -4.2788598E-02    0.1572723         6.358398    
 ten61                tensio        -1.063720        -1.022444       -4.1275862E-02     1.000000        -1.063720        -1.022444       -4.1275862E-02    0.1572723         6.358398    
 ten62                tensio        -1.068312        -1.031330       -3.6982285E-02     1.000000        -1.068312        -1.031330       -3.6982285E-02    0.1572723         6.358398    
 ten63                tensio        -1.072331        -1.035833       -3.6497654E-02     1.000000        -1.072331        -1.035833       -3.6497654E-02    0.1572723         6.358398    
 ten64                tensio        -1.075775        -1.040378       -3.5396971E-02     1.000000        -1.075775        -1.040378       -3.5396971E-02    0.1572723         6.358398    
 ten65                tensio        -1.078071        -1.044964       -3.3107183E-02     1.000000        -1.078071        -1.044964       -3.3107183E-02    0.1572723         6.358398    
 ten66                tensio        -1.082090        -1.054265       -2.7824552E-02     1.000000        -1.082090        -1.054265       -2.7824552E-02    0.1572723         6.358398    
 ten67                tensio        -1.085534        -1.058981       -2.6552869E-02     1.000000        -1.085534        -1.058981       -2.6552869E-02    0.1572723         6.358398    
 ten68                tensio        -1.088404        -1.063742       -2.4662133E-02     1.000000        -1.088404        -1.063742       -2.4662133E-02    0.1572723         6.358398    
 ten69                tensio        -1.091274        -1.068547       -2.2727397E-02     1.000000        -1.091274        -1.068547       -2.2727397E-02    0.1572723         6.358398    
 ten70                tensio        -1.092423        -1.073399       -1.9023503E-02     1.000000        -1.092423        -1.073399       -1.9023503E-02    0.1572723         6.358398    
 ten71                tensio        -1.097015        -1.078296       -1.8718925E-02     1.000000        -1.097015        -1.078296       -1.8718925E-02    0.1572723         6.358398    
 ten72                tensio        -1.100459        -1.083242       -1.7217242E-02     1.000000        -1.100459        -1.083242       -1.7217242E-02    0.1572723         6.358398    
 ten73                tensio        -1.102181        -1.088235       -1.3946401E-02     1.000000        -1.102181        -1.088235       -1.3946401E-02    0.1572723         6.358398    
 ten74                tensio        -1.105052        -1.093277       -1.1774665E-02     1.000000        -1.105052        -1.093277       -1.1774665E-02    0.1572723         6.358398    
 ten75                tensio        -1.107348        -1.098368       -8.9798760E-03     1.000000        -1.107348        -1.098368       -8.9798760E-03    0.1572723         6.358398    
 ten76                tensio        -1.109644        -1.103510       -6.1340873E-03     1.000000        -1.109644        -1.103510       -6.1340873E-03    0.1572723         6.358398    
 ten77                tensio        -1.113088        -1.108702       -4.3864041E-03     1.000000        -1.113088        -1.108702       -4.3864041E-03    0.1572723         6.358398    
 ten78                tensio        -1.114237        -1.113947       -2.8950976E-04     1.000000        -1.114237        -1.113947       -2.8950976E-04    0.1572723         6.358398    
 ten79                tensio        -1.117107        -1.113947       -3.1597738E-03     1.000000        -1.117107        -1.113947       -3.1597738E-03    0.1572723         6.358398    
 ten80                tensio        -1.120551        -1.119244       -1.3070907E-03     1.000000        -1.120551        -1.119244       -1.3070907E-03    0.1572723         6.358398    
 ten81                tensio        -1.122847        -1.124595        1.7476980E-03     1.000000        -1.122847        -1.124595        1.7476980E-03    0.1572723         6.358398    
 ten82                tensio        -1.125144        -1.130001        4.8574868E-03     1.000000        -1.125144        -1.130001        4.8574868E-03    0.1572723         6.358398    
 ten83                tensio        -1.128014        -1.130001        1.9872227E-03     1.000000        -1.128014        -1.130001        1.9872227E-03    0.1572723         6.358398    
 ten84                tensio        -1.130310        -1.135462        5.1520115E-03     1.000000        -1.130310        -1.135462        5.1520115E-03    0.1572723         6.358398    
 ten85                tensio        -1.131458        -1.140979        9.5209059E-03     1.000000        -1.131458        -1.140979        9.5209059E-03    0.1572723         6.358398    
 ten86                tensio        -1.135476        -1.146553        1.1076536E-02     1.000000        -1.135476        -1.146553        1.1076536E-02    0.1572723         6.358398    
 ten87                tensio        -1.137199        -1.146553        9.3543777E-03     1.000000        -1.137199        -1.146553        9.3543777E-03    0.1572723         6.358398    
 ten88                tensio        -1.137773        -1.152186        1.4413325E-02     1.000000        -1.137773        -1.152186        1.4413325E-02    0.1572723         6.358398    
 ten89                tensio        -1.139495        -1.157877        1.8382166E-02     1.000000        -1.139495        -1.157877        1.8382166E-02    0.1572723         6.358398    
 ten90                tensio        -1.142939        -1.157877        1.4937850E-02     1.000000        -1.142939        -1.157877        1.4937850E-02    0.1572723         6.358398    
 ten91                tensio        -1.144661        -1.163629        1.8967691E-02     1.000000        -1.144661        -1.163629        1.8967691E-02    0.1572723         6.358398    
 ten92                tensio        -1.146958        -1.169442        2.2484480E-02     1.000000        -1.146958        -1.169442        2.2484480E-02    0.1572723         6.358398    
 ten93                tensio        -1.148106        -1.169442        2.1336374E-02     1.000000        -1.148106        -1.169442        2.1336374E-02    0.1572723         6.358398    
 ten94                tensio        -1.150402        -1.175317        2.4915163E-02     1.000000        -1.150402        -1.175317        2.4915163E-02    0.1572723         6.358398    
 ten95                tensio        -1.157290        -1.175317        1.8026529E-02     1.000000        -1.157290        -1.175317        1.8026529E-02    0.1572723         6.358398    
 ten96                tensio        -1.153846        -1.181256        2.7409846E-02     1.000000        -1.153846        -1.181256        2.7409846E-02    0.1572723         6.358398    
