 Name                 Group          Measured         Modelled         Residual         Weight       Weight*Measured    Weight*Modelled  Weight*Residual  Measurement_sd   Natural_weight
 ten1                 tensio        -1.464409        -1.743368        0.2789593         1.000000        -1.464409        -1.743368        0.2789593        0.1572606         6.358871    
 ten2                 tensio        -1.460964        -1.743368        0.2824036         1.000000        -1.460964        -1.743368        0.2824036        0.1572606         6.358871    
 ten3                 tensio        -1.458668        -1.743368        0.2846998         1.000000        -1.458668        -1.743368        0.2846998        0.1572606         6.358871    
 ten4                 tensio        -1.459816        -1.743368        0.2835517         1.000000        -1.459816        -1.743368        0.2835517        0.1572606         6.358871    
 ten5                 tensio        -1.456946        -1.743368        0.2864220         1.000000        -1.456946        -1.743368        0.2864220        0.1572606         6.358871    
 ten6                 tensio        -1.461538        -1.743368        0.2818295         1.000000        -1.461538        -1.743368        0.2818295        0.1572606         6.358871    
 ten7                 tensio        -1.460390        -1.743368        0.2829776         1.000000        -1.460390        -1.743368        0.2829776        0.1572606         6.358871    
 ten8                 tensio        -1.458668        -1.743368        0.2846998         1.000000        -1.458668        -1.743368        0.2846998        0.1572606         6.358871    
 ten9                 tensio        -1.462113        -1.743368        0.2812555         1.000000        -1.462113        -1.743368        0.2812555        0.1572606         6.358871    
 ten10                tensio        -1.453502        -1.743368        0.2898663         1.000000        -1.453502        -1.743368        0.2898663        0.1572606         6.358871    
 ten11                tensio        -1.454076        -1.743368        0.2892922         1.000000        -1.454076        -1.743368        0.2892922        0.1572606         6.358871    
 ten12                tensio        -1.451780        -1.743368        0.2915884         1.000000        -1.451780        -1.743368        0.2915884        0.1572606         6.358871    
 ten13                tensio        -1.452354        -1.743368        0.2910144         1.000000        -1.452354        -1.743368        0.2910144        0.1572606         6.358871    
 ten14                tensio        -1.458668        -1.743368        0.2846998         1.000000        -1.458668        -1.743368        0.2846998        0.1572606         6.358871    
 ten15                tensio        -1.452354        -1.743368        0.2910144         1.000000        -1.452354        -1.743368        0.2910144        0.1572606         6.358871    
 ten16                tensio        -1.448909        -1.743368        0.2944587         1.000000        -1.448909        -1.743368        0.2944587        0.1572606         6.358871    
 ten17                tensio        -1.449483        -1.743368        0.2938846         1.000000        -1.449483        -1.743368        0.2938846        0.1572606         6.358871    
 ten18                tensio        -1.430540        -1.743368        0.3128284         1.000000        -1.430540        -1.743368        0.3128284        0.1572606         6.358871    
 ten19                tensio        -1.404133        -1.743368        0.3392348         1.000000        -1.404133        -1.743368        0.3392348        0.1572606         6.358871    
 ten20                tensio        -1.320321        -1.743368        0.4230465         1.000000        -1.320321        -1.743368        0.4230465        0.1572606         6.358871    
 ten21                tensio        -1.060276        -1.110551        5.0275455E-02     1.000000        -1.060276        -1.110551        5.0275455E-02    0.1572606         6.358871    
 ten22                tensio       -0.7824340       -0.9785210        0.1960870         1.000000       -0.7824340       -0.9785210        0.1960870        0.1572606         6.358871    
 ten23                tensio       -0.7169920       -0.9257590        0.2087670         1.000000       -0.7169920       -0.9257590        0.2087670        0.1572606         6.358871    
 ten24                tensio       -0.7112514       -0.9222120        0.2109606         1.000000       -0.7112514       -0.9222120        0.2109606        0.1572606         6.358871    
 ten25                tensio       -0.7123995       -0.9222120        0.2098125         1.000000       -0.7123995       -0.9222120        0.2098125        0.1572606         6.358871    
 ten26                tensio       -0.7152698       -0.9222120        0.2069422         1.000000       -0.7152698       -0.9222120        0.2069422        0.1572606         6.358871    
 ten27                tensio       -0.7169920       -0.9257590        0.2087670         1.000000       -0.7169920       -0.9257590        0.2087670        0.1572606         6.358871    
 ten28                tensio       -0.7307692       -0.9257590        0.1949898         1.000000       -0.7307692       -0.9257590        0.1949898        0.1572606         6.358871    
 ten29                tensio       -0.7669346       -0.9257590        0.1588244         1.000000       -0.7669346       -0.9257590        0.1588244        0.1572606         6.358871    
 ten30                tensio       -0.7887486       -0.9293330        0.1405844         1.000000       -0.7887486       -0.9293330        0.1405844        0.1572606         6.358871    
 ten31                tensio       -0.8088404       -0.9293330        0.1204926         1.000000       -0.8088404       -0.9293330        0.1204926        0.1572606         6.358871    
 ten32                tensio       -0.8283582       -0.9293330        0.1009748         1.000000       -0.8283582       -0.9293330        0.1009748        0.1572606         6.358871    
 ten33                tensio       -0.8467279       -0.9293330        8.2605101E-02     1.000000       -0.8467279       -0.9293330        8.2605101E-02    0.1572606         6.358871    
 ten34                tensio       -0.8639495       -0.9329360        6.8986517E-02     1.000000       -0.8639495       -0.9329360        6.8986517E-02    0.1572606         6.358871    
 ten35                tensio       -0.8828932       -0.9329360        5.0042774E-02     1.000000       -0.8828932       -0.9329360        5.0042774E-02    0.1572606         6.358871    
 ten36                tensio       -0.8960964       -0.9365680        4.0471559E-02     1.000000       -0.8960964       -0.9365680        4.0471559E-02    0.1572606         6.358871    
 ten37                tensio       -0.9064294       -0.9365680        3.0138608E-02     1.000000       -0.9064294       -0.9365680        3.0138608E-02    0.1572606         6.358871    
 ten38                tensio       -0.9173364       -0.9365680        1.9231605E-02     1.000000       -0.9173364       -0.9365680        1.9231605E-02    0.1572606         6.358871    
 ten39                tensio       -0.9282434       -0.9402280        1.1984602E-02     1.000000       -0.9282434       -0.9402280        1.1984602E-02    0.1572606         6.358871    
 ten40                tensio       -0.9380023       -0.9402280        2.2257038E-03     1.000000       -0.9380023       -0.9402280        2.2257038E-03    0.1572606         6.358871    
 ten41                tensio       -0.9477612       -0.9402280       -7.5331940E-03     1.000000       -0.9477612       -0.9402280       -7.5331940E-03    0.1572606         6.358871    
 ten42                tensio       -0.9552239       -0.9439190       -1.1304881E-02     1.000000       -0.9552239       -0.9439190       -1.1304881E-02    0.1572606         6.358871    
 ten43                tensio       -0.9632606       -0.9439190       -1.9341620E-02     1.000000       -0.9632606       -0.9439190       -1.9341620E-02    0.1572606         6.358871    
 ten44                tensio       -0.9712974       -0.9476390       -2.3658359E-02     1.000000       -0.9712974       -0.9476390       -2.3658359E-02    0.1572606         6.358871    
 ten45                tensio       -0.9799082       -0.9476390       -3.2269152E-02     1.000000       -0.9799082       -0.9476390       -3.2269152E-02    0.1572606         6.358871    
 ten46                tensio       -0.9862227       -0.9476390       -3.8583732E-02     1.000000       -0.9862227       -0.9476390       -3.8583732E-02    0.1572606         6.358871    
 ten47                tensio       -0.9936854       -0.9513890       -4.2296419E-02     1.000000       -0.9936854       -0.9513890       -4.2296419E-02    0.1572606         6.358871    
 ten48                tensio        -1.000574       -0.9513890       -4.9185053E-02     1.000000        -1.000574       -0.9513890       -4.9185053E-02    0.1572606         6.358871    
 ten49                tensio        -1.006889       -0.9551700       -5.1718634E-02     1.000000        -1.006889       -0.9551700       -5.1718634E-02    0.1572606         6.358871    
 ten50                tensio        -1.013203       -0.9551700       -5.8033215E-02     1.000000        -1.013203       -0.9551700       -5.8033215E-02    0.1572606         6.358871    
 ten51                tensio        -1.020092       -0.9589810       -6.1110848E-02     1.000000        -1.020092       -0.9589810       -6.1110848E-02    0.1572606         6.358871    
 ten52                tensio        -1.025832       -0.9667000       -5.9132377E-02     1.000000        -1.025832       -0.9667000       -5.9132377E-02    0.1572606         6.358871    
 ten53                tensio        -1.030999       -0.9745480       -5.6450852E-02     1.000000        -1.030999       -0.9745480       -5.6450852E-02    0.1572606         6.358871    
 ten54                tensio        -1.035591       -0.9825290       -5.3062274E-02     1.000000        -1.035591       -0.9825290       -5.3062274E-02    0.1572606         6.358871    
 ten55                tensio        -1.039610       -0.9906460       -4.8963644E-02     1.000000        -1.039610       -0.9906460       -4.8963644E-02    0.1572606         6.358871    
 ten56                tensio        -1.044202       -0.9989030       -4.5299067E-02     1.000000        -1.044202       -0.9989030       -4.5299067E-02    0.1572606         6.358871    
 ten57                tensio        -1.049943        -1.003086       -4.6856595E-02     1.000000        -1.049943        -1.003086       -4.6856595E-02    0.1572606         6.358871    
 ten58                tensio        -1.052813        -1.011561       -4.1251859E-02     1.000000        -1.052813        -1.011561       -4.1251859E-02    0.1572606         6.358871    
 ten59                tensio        -1.056257        -1.015855       -4.0402176E-02     1.000000        -1.056257        -1.015855       -4.0402176E-02    0.1572606         6.358871    
 ten60                tensio        -1.060850        -1.024558       -3.6291598E-02     1.000000        -1.060850        -1.024558       -3.6291598E-02    0.1572606         6.358871    
 ten61                tensio        -1.063720        -1.028968       -3.4751862E-02     1.000000        -1.063720        -1.028968       -3.4751862E-02    0.1572606         6.358871    
 ten62                tensio        -1.068312        -1.037908       -3.0404285E-02     1.000000        -1.068312        -1.037908       -3.0404285E-02    0.1572606         6.358871    
 ten63                tensio        -1.072331        -1.042439       -2.9891654E-02     1.000000        -1.072331        -1.042439       -2.9891654E-02    0.1572606         6.358871    
 ten64                tensio        -1.075775        -1.047012       -2.8762971E-02     1.000000        -1.075775        -1.047012       -2.8762971E-02    0.1572606         6.358871    
 ten65                tensio        -1.078071        -1.051627       -2.6444183E-02     1.000000        -1.078071        -1.051627       -2.6444183E-02    0.1572606         6.358871    
 ten66                tensio        -1.082090        -1.060987       -2.1102552E-02     1.000000        -1.082090        -1.060987       -2.1102552E-02    0.1572606         6.358871    
 ten67                tensio        -1.085534        -1.065733       -1.9800869E-02     1.000000        -1.085534        -1.065733       -1.9800869E-02    0.1572606         6.358871    
 ten68                tensio        -1.088404        -1.070524       -1.7880133E-02     1.000000        -1.088404        -1.070524       -1.7880133E-02    0.1572606         6.358871    
 ten69                tensio        -1.091274        -1.075360       -1.5914397E-02     1.000000        -1.091274        -1.075360       -1.5914397E-02    0.1572606         6.358871    
 ten70                tensio        -1.092423        -1.080243       -1.2179503E-02     1.000000        -1.092423        -1.080243       -1.2179503E-02    0.1572606         6.358871    
 ten71                tensio        -1.097015        -1.085173       -1.1841925E-02     1.000000        -1.097015        -1.085173       -1.1841925E-02    0.1572606         6.358871    
 ten72                tensio        -1.100459        -1.090150       -1.0309242E-02     1.000000        -1.100459        -1.090150       -1.0309242E-02    0.1572606         6.358871    
 ten73                tensio        -1.102181        -1.095176       -7.0054007E-03     1.000000        -1.102181        -1.095176       -7.0054007E-03    0.1572606         6.358871    
 ten74                tensio        -1.105052        -1.100251       -4.8006647E-03     1.000000        -1.105052        -1.100251       -4.8006647E-03    0.1572606         6.358871    
 ten75                tensio        -1.107348        -1.105376       -1.9718760E-03     1.000000        -1.107348        -1.105376       -1.9718760E-03    0.1572606         6.358871    
 ten76                tensio        -1.109644        -1.110551        9.0691274E-04     1.000000        -1.109644        -1.110551        9.0691274E-04    0.1572606         6.358871    
 ten77                tensio        -1.113088        -1.110551       -2.5374041E-03     1.000000        -1.113088        -1.110551       -2.5374041E-03    0.1572606         6.358871    
 ten78                tensio        -1.114237        -1.115779        1.5424902E-03     1.000000        -1.114237        -1.115779        1.5424902E-03    0.1572606         6.358871    
 ten79                tensio        -1.117107        -1.121058        3.9512262E-03     1.000000        -1.117107        -1.121058        3.9512262E-03    0.1572606         6.358871    
 ten80                tensio        -1.120551        -1.126391        5.8399093E-03     1.000000        -1.120551        -1.126391        5.8399093E-03    0.1572606         6.358871    
 ten81                tensio        -1.122847        -1.131779        8.9316981E-03     1.000000        -1.122847        -1.131779        8.9316981E-03    0.1572606         6.358871    
 ten82                tensio        -1.125144        -1.137221        1.2077487E-02     1.000000        -1.125144        -1.137221        1.2077487E-02    0.1572606         6.358871    
 ten83                tensio        -1.128014        -1.137221        9.2072227E-03     1.000000        -1.128014        -1.137221        9.2072227E-03    0.1572606         6.358871    
 ten84                tensio        -1.130310        -1.142719        1.2409011E-02     1.000000        -1.130310        -1.142719        1.2409011E-02    0.1572606         6.358871    
 ten85                tensio        -1.131458        -1.148274        1.6815906E-02     1.000000        -1.131458        -1.148274        1.6815906E-02    0.1572606         6.358871    
 ten86                tensio        -1.135476        -1.148274        1.2797536E-02     1.000000        -1.135476        -1.148274        1.2797536E-02    0.1572606         6.358871    
 ten87                tensio        -1.137199        -1.153887        1.6688378E-02     1.000000        -1.137199        -1.153887        1.6688378E-02    0.1572606         6.358871    
 ten88                tensio        -1.137773        -1.159559        2.1786325E-02     1.000000        -1.137773        -1.159559        2.1786325E-02    0.1572606         6.358871    
 ten89                tensio        -1.139495        -1.159559        2.0064166E-02     1.000000        -1.139495        -1.159559        2.0064166E-02    0.1572606         6.358871    
 ten90                tensio        -1.142939        -1.165290        2.2350850E-02     1.000000        -1.142939        -1.165290        2.2350850E-02    0.1572606         6.358871    
 ten91                tensio        -1.144661        -1.171083        2.6421691E-02     1.000000        -1.144661        -1.171083        2.6421691E-02    0.1572606         6.358871    
 ten92                tensio        -1.146958        -1.171083        2.4125480E-02     1.000000        -1.146958        -1.171083        2.4125480E-02    0.1572606         6.358871    
 ten93                tensio        -1.148106        -1.176937        2.8831374E-02     1.000000        -1.148106        -1.176937        2.8831374E-02    0.1572606         6.358871    
 ten94                tensio        -1.150402        -1.182854        3.2452163E-02     1.000000        -1.150402        -1.182854        3.2452163E-02    0.1572606         6.358871    
 ten95                tensio        -1.157290        -1.182854        2.5563529E-02     1.000000        -1.157290        -1.182854        2.5563529E-02    0.1572606         6.358871    
 ten96                tensio        -1.153846        -1.188835        3.4988846E-02     1.000000        -1.153846        -1.188835        3.4988846E-02    0.1572606         6.358871    
