 Name                 Group          Measured         Modelled         Residual         Weight       Weight*Measured    Weight*Modelled  Weight*Residual  Measurement_sd   Natural_weight
 ten1                 tensio        -1.464409        -1.740513        0.2761043         1.000000        -1.464409        -1.740513        0.2761043        0.1592757         6.278423    
 ten2                 tensio        -1.460964        -1.740513        0.2795486         1.000000        -1.460964        -1.740513        0.2795486        0.1592757         6.278423    
 ten3                 tensio        -1.458668        -1.740513        0.2818448         1.000000        -1.458668        -1.740513        0.2818448        0.1592757         6.278423    
 ten4                 tensio        -1.459816        -1.740513        0.2806967         1.000000        -1.459816        -1.740513        0.2806967        0.1592757         6.278423    
 ten5                 tensio        -1.456946        -1.740513        0.2835670         1.000000        -1.456946        -1.740513        0.2835670        0.1592757         6.278423    
 ten6                 tensio        -1.461538        -1.740513        0.2789745         1.000000        -1.461538        -1.740513        0.2789745        0.1592757         6.278423    
 ten7                 tensio        -1.460390        -1.740513        0.2801226         1.000000        -1.460390        -1.740513        0.2801226        0.1592757         6.278423    
 ten8                 tensio        -1.458668        -1.740513        0.2818448         1.000000        -1.458668        -1.740513        0.2818448        0.1592757         6.278423    
 ten9                 tensio        -1.462113        -1.740513        0.2784005         1.000000        -1.462113        -1.740513        0.2784005        0.1592757         6.278423    
 ten10                tensio        -1.453502        -1.740513        0.2870113         1.000000        -1.453502        -1.740513        0.2870113        0.1592757         6.278423    
 ten11                tensio        -1.454076        -1.740513        0.2864372         1.000000        -1.454076        -1.740513        0.2864372        0.1592757         6.278423    
 ten12                tensio        -1.451780        -1.740513        0.2887334         1.000000        -1.451780        -1.740513        0.2887334        0.1592757         6.278423    
 ten13                tensio        -1.452354        -1.740513        0.2881594         1.000000        -1.452354        -1.740513        0.2881594        0.1592757         6.278423    
 ten14                tensio        -1.458668        -1.740513        0.2818448         1.000000        -1.458668        -1.740513        0.2818448        0.1592757         6.278423    
 ten15                tensio        -1.452354        -1.740513        0.2881594         1.000000        -1.452354        -1.740513        0.2881594        0.1592757         6.278423    
 ten16                tensio        -1.448909        -1.740513        0.2916037         1.000000        -1.448909        -1.740513        0.2916037        0.1592757         6.278423    
 ten17                tensio        -1.449483        -1.740513        0.2910296         1.000000        -1.449483        -1.740513        0.2910296        0.1592757         6.278423    
 ten18                tensio        -1.430540        -1.740513        0.3099734         1.000000        -1.430540        -1.740513        0.3099734        0.1592757         6.278423    
 ten19                tensio        -1.404133        -1.740513        0.3363798         1.000000        -1.404133        -1.740513        0.3363798        0.1592757         6.278423    
 ten20                tensio        -1.320321        -1.740513        0.4201915         1.000000        -1.320321        -1.740513        0.4201915        0.1592757         6.278423    
 ten21                tensio        -1.060276        -1.112698        5.2422455E-02     1.000000        -1.060276        -1.112698        5.2422455E-02    0.1592757         6.278423    
 ten22                tensio       -0.7824340       -0.9991350        0.2167010         1.000000       -0.7824340       -0.9991350        0.2167010        0.1592757         6.278423    
 ten23                tensio       -0.7169920       -0.9419170        0.2249250         1.000000       -0.7169920       -0.9419170        0.2249250        0.1592757         6.278423    
 ten24                tensio       -0.7112514       -0.9419170        0.2306656         1.000000       -0.7112514       -0.9419170        0.2306656        0.1592757         6.278423    
 ten25                tensio       -0.7123995       -0.9419170        0.2295175         1.000000       -0.7123995       -0.9419170        0.2295175        0.1592757         6.278423    
 ten26                tensio       -0.7152698       -0.9419170        0.2266472         1.000000       -0.7152698       -0.9419170        0.2266472        0.1592757         6.278423    
 ten27                tensio       -0.7169920       -0.9455190        0.2285270         1.000000       -0.7169920       -0.9455190        0.2285270        0.1592757         6.278423    
 ten28                tensio       -0.7307692       -0.9455190        0.2147498         1.000000       -0.7307692       -0.9455190        0.2147498        0.1592757         6.278423    
 ten29                tensio       -0.7669346       -0.9455190        0.1785844         1.000000       -0.7669346       -0.9455190        0.1785844        0.1592757         6.278423    
 ten30                tensio       -0.7887486       -0.9491510        0.1604024         1.000000       -0.7887486       -0.9491510        0.1604024        0.1592757         6.278423    
 ten31                tensio       -0.8088404       -0.9491510        0.1403106         1.000000       -0.8088404       -0.9491510        0.1403106        0.1592757         6.278423    
 ten32                tensio       -0.8283582       -0.9491510        0.1207928         1.000000       -0.8283582       -0.9491510        0.1207928        0.1592757         6.278423    
 ten33                tensio       -0.8467279       -0.9528110        0.1060831         1.000000       -0.8467279       -0.9528110        0.1060831        0.1592757         6.278423    
 ten34                tensio       -0.8639495       -0.9528110        8.8861517E-02     1.000000       -0.8639495       -0.9528110        8.8861517E-02    0.1592757         6.278423    
 ten35                tensio       -0.8828932       -0.9528110        6.9917774E-02     1.000000       -0.8828932       -0.9528110        6.9917774E-02    0.1592757         6.278423    
 ten36                tensio       -0.8960964       -0.9565010        6.0404559E-02     1.000000       -0.8960964       -0.9565010        6.0404559E-02    0.1592757         6.278423    
 ten37                tensio       -0.9064294       -0.9565010        5.0071608E-02     1.000000       -0.9064294       -0.9565010        5.0071608E-02    0.1592757         6.278423    
 ten38                tensio       -0.9173364       -0.9565010        3.9164605E-02     1.000000       -0.9173364       -0.9565010        3.9164605E-02    0.1592757         6.278423    
 ten39                tensio       -0.9282434       -0.9602200        3.1976602E-02     1.000000       -0.9282434       -0.9602200        3.1976602E-02    0.1592757         6.278423    
 ten40                tensio       -0.9380023       -0.9602200        2.2217704E-02     1.000000       -0.9380023       -0.9602200        2.2217704E-02    0.1592757         6.278423    
 ten41                tensio       -0.9477612       -0.9602200        1.2458806E-02     1.000000       -0.9477612       -0.9602200        1.2458806E-02    0.1592757         6.278423    
 ten42                tensio       -0.9552239       -0.9639690        8.7451194E-03     1.000000       -0.9552239       -0.9639690        8.7451194E-03    0.1592757         6.278423    
 ten43                tensio       -0.9632606       -0.9639690        7.0838002E-04     1.000000       -0.9632606       -0.9639690        7.0838002E-04    0.1592757         6.278423    
 ten44                tensio       -0.9712974       -0.9677490       -3.5483594E-03     1.000000       -0.9712974       -0.9677490       -3.5483594E-03    0.1592757         6.278423    
 ten45                tensio       -0.9799082       -0.9677490       -1.2159152E-02     1.000000       -0.9799082       -0.9677490       -1.2159152E-02    0.1592757         6.278423    
 ten46                tensio       -0.9862227       -0.9677490       -1.8473732E-02     1.000000       -0.9862227       -0.9677490       -1.8473732E-02    0.1592757         6.278423    
 ten47                tensio       -0.9936854       -0.9715600       -2.2125419E-02     1.000000       -0.9936854       -0.9715600       -2.2125419E-02    0.1592757         6.278423    
 ten48                tensio        -1.000574       -0.9715600       -2.9014053E-02     1.000000        -1.000574       -0.9715600       -2.9014053E-02    0.1592757         6.278423    
 ten49                tensio        -1.006889       -0.9754020       -3.1486634E-02     1.000000        -1.006889       -0.9754020       -3.1486634E-02    0.1592757         6.278423    
 ten50                tensio        -1.013203       -0.9754020       -3.7801215E-02     1.000000        -1.013203       -0.9754020       -3.7801215E-02    0.1592757         6.278423    
 ten51                tensio        -1.020092       -0.9792750       -4.0816848E-02     1.000000        -1.020092       -0.9792750       -4.0816848E-02    0.1592757         6.278423    
 ten52                tensio        -1.025832       -0.9871200       -3.8712377E-02     1.000000        -1.025832       -0.9871200       -3.8712377E-02    0.1592757         6.278423    
 ten53                tensio        -1.030999       -0.9950960       -3.5902852E-02     1.000000        -1.030999       -0.9950960       -3.5902852E-02    0.1592757         6.278423    
 ten54                tensio        -1.035591        -1.003209       -3.2382274E-02     1.000000        -1.035591        -1.003209       -3.2382274E-02    0.1592757         6.278423    
 ten55                tensio        -1.039610        -1.011461       -2.8148644E-02     1.000000        -1.039610        -1.011461       -2.8148644E-02    0.1592757         6.278423    
 ten56                tensio        -1.044202        -1.019856       -2.4346067E-02     1.000000        -1.044202        -1.019856       -2.4346067E-02    0.1592757         6.278423    
 ten57                tensio        -1.049943        -1.024109       -2.5833595E-02     1.000000        -1.049943        -1.024109       -2.5833595E-02    0.1592757         6.278423    
 ten58                tensio        -1.052813        -1.032728       -2.0084859E-02     1.000000        -1.052813        -1.032728       -2.0084859E-02    0.1592757         6.278423    
 ten59                tensio        -1.056257        -1.037095       -1.9162176E-02     1.000000        -1.056257        -1.037095       -1.9162176E-02    0.1592757         6.278423    
 ten60                tensio        -1.060850        -1.045946       -1.4903598E-02     1.000000        -1.060850        -1.045946       -1.4903598E-02    0.1592757         6.278423    
 ten61                tensio        -1.063720        -1.050432       -1.3287862E-02     1.000000        -1.063720        -1.050432       -1.3287862E-02    0.1592757         6.278423    
 ten62                tensio        -1.068312        -1.054959       -1.3353285E-02     1.000000        -1.068312        -1.054959       -1.3353285E-02    0.1592757         6.278423    
 ten63                tensio        -1.072331        -1.064137       -8.1936544E-03     1.000000        -1.072331        -1.064137       -8.1936544E-03    0.1592757         6.278423    
 ten64                tensio        -1.075775        -1.068790       -6.9849713E-03     1.000000        -1.075775        -1.068790       -6.9849713E-03    0.1592757         6.278423    
 ten65                tensio        -1.078071        -1.073486       -4.5851826E-03     1.000000        -1.078071        -1.073486       -4.5851826E-03    0.1592757         6.278423    
 ten66                tensio        -1.082090        -1.078227       -3.8625522E-03     1.000000        -1.082090        -1.078227       -3.8625522E-03    0.1592757         6.278423    
 ten67                tensio        -1.085534        -1.087842        2.3081309E-03     1.000000        -1.085534        -1.087842        2.3081309E-03    0.1592757         6.278423    
 ten68                tensio        -1.088404        -1.092718        4.3138668E-03     1.000000        -1.088404        -1.092718        4.3138668E-03    0.1592757         6.278423    
 ten69                tensio        -1.091274        -1.097641        6.3666028E-03     1.000000        -1.091274        -1.097641        6.3666028E-03    0.1592757         6.278423    
 ten70                tensio        -1.092423        -1.102611        1.0188497E-02     1.000000        -1.092423        -1.102611        1.0188497E-02    0.1592757         6.278423    
 ten71                tensio        -1.097015        -1.107630        1.0615075E-02     1.000000        -1.097015        -1.107630        1.0615075E-02    0.1592757         6.278423    
 ten72                tensio        -1.100459        -1.112698        1.2238758E-02     1.000000        -1.100459        -1.112698        1.2238758E-02    0.1592757         6.278423    
 ten73                tensio        -1.102181        -1.117815        1.5633599E-02     1.000000        -1.102181        -1.117815        1.5633599E-02    0.1592757         6.278423    
 ten74                tensio        -1.105052        -1.122983        1.7931335E-02     1.000000        -1.105052        -1.122983        1.7931335E-02    0.1592757         6.278423    
 ten75                tensio        -1.107348        -1.128202        2.0854124E-02     1.000000        -1.107348        -1.128202        2.0854124E-02    0.1592757         6.278423    
 ten76                tensio        -1.109644        -1.128202        1.8557913E-02     1.000000        -1.109644        -1.128202        1.8557913E-02    0.1592757         6.278423    
 ten77                tensio        -1.113088        -1.133474        2.0385596E-02     1.000000        -1.113088        -1.133474        2.0385596E-02    0.1592757         6.278423    
 ten78                tensio        -1.114237        -1.138798        2.4561490E-02     1.000000        -1.114237        -1.138798        2.4561490E-02    0.1592757         6.278423    
 ten79                tensio        -1.117107        -1.144177        2.7070226E-02     1.000000        -1.117107        -1.144177        2.7070226E-02    0.1592757         6.278423    
 ten80                tensio        -1.120551        -1.149610        2.9058909E-02     1.000000        -1.120551        -1.149610        2.9058909E-02    0.1592757         6.278423    
 ten81                tensio        -1.122847        -1.155099        3.2251698E-02     1.000000        -1.122847        -1.155099        3.2251698E-02    0.1592757         6.278423    
 ten82                tensio        -1.125144        -1.155099        2.9955487E-02     1.000000        -1.125144        -1.155099        2.9955487E-02    0.1592757         6.278423    
 ten83                tensio        -1.128014        -1.160644        3.2630223E-02     1.000000        -1.128014        -1.160644        3.2630223E-02    0.1592757         6.278423    
 ten84                tensio        -1.130310        -1.166247        3.5937011E-02     1.000000        -1.130310        -1.166247        3.5937011E-02    0.1592757         6.278423    
 ten85                tensio        -1.131458        -1.166247        3.4788906E-02     1.000000        -1.131458        -1.166247        3.4788906E-02    0.1592757         6.278423    
 ten86                tensio        -1.135476        -1.171909        3.6432536E-02     1.000000        -1.135476        -1.171909        3.6432536E-02    0.1592757         6.278423    
 ten87                tensio        -1.137199        -1.177630        4.0431378E-02     1.000000        -1.137199        -1.177630        4.0431378E-02    0.1592757         6.278423    
 ten88                tensio        -1.137773        -1.177630        3.9857325E-02     1.000000        -1.137773        -1.177630        3.9857325E-02    0.1592757         6.278423    
 ten89                tensio        -1.139495        -1.183412        4.3917166E-02     1.000000        -1.139495        -1.183412        4.3917166E-02    0.1592757         6.278423    
 ten90                tensio        -1.142939        -1.189255        4.6315850E-02     1.000000        -1.142939        -1.189255        4.6315850E-02    0.1592757         6.278423    
 ten91                tensio        -1.144661        -1.189255        4.4593691E-02     1.000000        -1.144661        -1.189255        4.4593691E-02    0.1592757         6.278423    
 ten92                tensio        -1.146958        -1.195160        4.8202480E-02     1.000000        -1.146958        -1.195160        4.8202480E-02    0.1592757         6.278423    
 ten93                tensio        -1.148106        -1.201130        5.3024374E-02     1.000000        -1.148106        -1.201130        5.3024374E-02    0.1592757         6.278423    
 ten94                tensio        -1.150402        -1.201130        5.0728163E-02     1.000000        -1.150402        -1.201130        5.0728163E-02    0.1592757         6.278423    
 ten95                tensio        -1.157290        -1.207164        4.9873529E-02     1.000000        -1.157290        -1.207164        4.9873529E-02    0.1592757         6.278423    
 ten96                tensio        -1.153846        -1.207164        5.3317846E-02     1.000000        -1.153846        -1.207164        5.3317846E-02    0.1592757         6.278423    
