 Name                 Group          Measured         Modelled         Residual         Weight       Weight*Measured    Weight*Modelled  Weight*Residual  Measurement_sd   Natural_weight
 ten1                 tensio        -1.464409        -1.752751        0.2883423         1.000000        -1.464409        -1.752751        0.2883423        0.1696431         5.894727    
 ten2                 tensio        -1.460964        -1.752751        0.2917866         1.000000        -1.460964        -1.752751        0.2917866        0.1696431         5.894727    
 ten3                 tensio        -1.458668        -1.752751        0.2940828         1.000000        -1.458668        -1.752751        0.2940828        0.1696431         5.894727    
 ten4                 tensio        -1.459816        -1.752751        0.2929347         1.000000        -1.459816        -1.752751        0.2929347        0.1696431         5.894727    
 ten5                 tensio        -1.456946        -1.752751        0.2958050         1.000000        -1.456946        -1.752751        0.2958050        0.1696431         5.894727    
 ten6                 tensio        -1.461538        -1.752751        0.2912125         1.000000        -1.461538        -1.752751        0.2912125        0.1696431         5.894727    
 ten7                 tensio        -1.460390        -1.752751        0.2923606         1.000000        -1.460390        -1.752751        0.2923606        0.1696431         5.894727    
 ten8                 tensio        -1.458668        -1.752751        0.2940828         1.000000        -1.458668        -1.752751        0.2940828        0.1696431         5.894727    
 ten9                 tensio        -1.462113        -1.752751        0.2906385         1.000000        -1.462113        -1.752751        0.2906385        0.1696431         5.894727    
 ten10                tensio        -1.453502        -1.752751        0.2992493         1.000000        -1.453502        -1.752751        0.2992493        0.1696431         5.894727    
 ten11                tensio        -1.454076        -1.752751        0.2986752         1.000000        -1.454076        -1.752751        0.2986752        0.1696431         5.894727    
 ten12                tensio        -1.451780        -1.752751        0.3009714         1.000000        -1.451780        -1.752751        0.3009714        0.1696431         5.894727    
 ten13                tensio        -1.452354        -1.752751        0.3003974         1.000000        -1.452354        -1.752751        0.3003974        0.1696431         5.894727    
 ten14                tensio        -1.458668        -1.752751        0.2940828         1.000000        -1.458668        -1.752751        0.2940828        0.1696431         5.894727    
 ten15                tensio        -1.452354        -1.752751        0.3003974         1.000000        -1.452354        -1.752751        0.3003974        0.1696431         5.894727    
 ten16                tensio        -1.448909        -1.752751        0.3038417         1.000000        -1.448909        -1.752751        0.3038417        0.1696431         5.894727    
 ten17                tensio        -1.449483        -1.752751        0.3032676         1.000000        -1.449483        -1.752751        0.3032676        0.1696431         5.894727    
 ten18                tensio        -1.430540        -1.752751        0.3222114         1.000000        -1.430540        -1.752751        0.3222114        0.1696431         5.894727    
 ten19                tensio        -1.404133        -1.752751        0.3486178         1.000000        -1.404133        -1.752751        0.3486178        0.1696431         5.894727    
 ten20                tensio        -1.320321        -1.752751        0.4324295         1.000000        -1.320321        -1.752751        0.4324295        0.1696431         5.894727    
 ten21                tensio        -1.060276        -1.125651        6.5375455E-02     1.000000        -1.060276        -1.125651        6.5375455E-02    0.1696431         5.894727    
 ten22                tensio       -0.7824340        -1.016168        0.2337340         1.000000       -0.7824340        -1.016168        0.2337340        0.1696431         5.894727    
 ten23                tensio       -0.7169920       -0.9620800        0.2450880         1.000000       -0.7169920       -0.9620800        0.2450880        0.1696431         5.894727    
 ten24                tensio       -0.7112514       -0.9620800        0.2508286         1.000000       -0.7112514       -0.9620800        0.2508286        0.1696431         5.894727    
 ten25                tensio       -0.7123995       -0.9620800        0.2496805         1.000000       -0.7123995       -0.9620800        0.2496805        0.1696431         5.894727    
 ten26                tensio       -0.7152698       -0.9620800        0.2468102         1.000000       -0.7152698       -0.9620800        0.2468102        0.1696431         5.894727    
 ten27                tensio       -0.7169920       -0.9657430        0.2487510         1.000000       -0.7169920       -0.9657430        0.2487510        0.1696431         5.894727    
 ten28                tensio       -0.7307692       -0.9657430        0.2349738         1.000000       -0.7307692       -0.9657430        0.2349738        0.1696431         5.894727    
 ten29                tensio       -0.7669346       -0.9657430        0.1988084         1.000000       -0.7669346       -0.9657430        0.1988084        0.1696431         5.894727    
 ten30                tensio       -0.7887486       -0.9694360        0.1806874         1.000000       -0.7887486       -0.9694360        0.1806874        0.1696431         5.894727    
 ten31                tensio       -0.8088404       -0.9694360        0.1605956         1.000000       -0.8088404       -0.9694360        0.1605956        0.1696431         5.894727    
 ten32                tensio       -0.8283582       -0.9694360        0.1410778         1.000000       -0.8283582       -0.9694360        0.1410778        0.1696431         5.894727    
 ten33                tensio       -0.8467279       -0.9731570        0.1264291         1.000000       -0.8467279       -0.9731570        0.1264291        0.1696431         5.894727    
 ten34                tensio       -0.8639495       -0.9731570        0.1092075         1.000000       -0.8639495       -0.9731570        0.1092075        0.1696431         5.894727    
 ten35                tensio       -0.8828932       -0.9731570        9.0263774E-02     1.000000       -0.8828932       -0.9731570        9.0263774E-02    0.1696431         5.894727    
 ten36                tensio       -0.8960964       -0.9769090        8.0812559E-02     1.000000       -0.8960964       -0.9769090        8.0812559E-02    0.1696431         5.894727    
 ten37                tensio       -0.9064294       -0.9769090        7.0479608E-02     1.000000       -0.9064294       -0.9769090        7.0479608E-02    0.1696431         5.894727    
 ten38                tensio       -0.9173364       -0.9769090        5.9572605E-02     1.000000       -0.9173364       -0.9769090        5.9572605E-02    0.1696431         5.894727    
 ten39                tensio       -0.9282434       -0.9806920        5.2448602E-02     1.000000       -0.9282434       -0.9806920        5.2448602E-02    0.1696431         5.894727    
 ten40                tensio       -0.9380023       -0.9806920        4.2689704E-02     1.000000       -0.9380023       -0.9806920        4.2689704E-02    0.1696431         5.894727    
 ten41                tensio       -0.9477612       -0.9806920        3.2930806E-02     1.000000       -0.9477612       -0.9806920        3.2930806E-02    0.1696431         5.894727    
 ten42                tensio       -0.9552239       -0.9845050        2.9281119E-02     1.000000       -0.9552239       -0.9845050        2.9281119E-02    0.1696431         5.894727    
 ten43                tensio       -0.9632606       -0.9845050        2.1244380E-02     1.000000       -0.9632606       -0.9845050        2.1244380E-02    0.1696431         5.894727    
 ten44                tensio       -0.9712974       -0.9883490        1.7051641E-02     1.000000       -0.9712974       -0.9883490        1.7051641E-02    0.1696431         5.894727    
 ten45                tensio       -0.9799082       -0.9883490        8.4408485E-03     1.000000       -0.9799082       -0.9883490        8.4408485E-03    0.1696431         5.894727    
 ten46                tensio       -0.9862227       -0.9883490        2.1262675E-03     1.000000       -0.9862227       -0.9883490        2.1262675E-03    0.1696431         5.894727    
 ten47                tensio       -0.9936854       -0.9922250       -1.4604191E-03     1.000000       -0.9936854       -0.9922250       -1.4604191E-03    0.1696431         5.894727    
 ten48                tensio        -1.000574       -0.9922250       -8.3490528E-03     1.000000        -1.000574       -0.9922250       -8.3490528E-03    0.1696431         5.894727    
 ten49                tensio        -1.006889       -0.9961320       -1.0756634E-02     1.000000        -1.006889       -0.9961320       -1.0756634E-02    0.1696431         5.894727    
 ten50                tensio        -1.013203       -0.9961320       -1.7071215E-02     1.000000        -1.013203       -0.9961320       -1.7071215E-02    0.1696431         5.894727    
 ten51                tensio        -1.020092        -1.000073       -2.0018848E-02     1.000000        -1.020092        -1.000073       -2.0018848E-02    0.1696431         5.894727    
 ten52                tensio        -1.025832        -1.008053       -1.7779377E-02     1.000000        -1.025832        -1.008053       -1.7779377E-02    0.1696431         5.894727    
 ten53                tensio        -1.030999        -1.016168       -1.4830852E-02     1.000000        -1.030999        -1.016168       -1.4830852E-02    0.1696431         5.894727    
 ten54                tensio        -1.035591        -1.024422       -1.1169274E-02     1.000000        -1.035591        -1.024422       -1.1169274E-02    0.1696431         5.894727    
 ten55                tensio        -1.039610        -1.032820       -6.7896441E-03     1.000000        -1.039610        -1.032820       -6.7896441E-03    0.1696431         5.894727    
 ten56                tensio        -1.044202        -1.037074       -7.1280666E-03     1.000000        -1.044202        -1.037074       -7.1280666E-03    0.1696431         5.894727    
 ten57                tensio        -1.049943        -1.045694       -4.2485947E-03     1.000000        -1.049943        -1.045694       -4.2485947E-03    0.1696431         5.894727    
 ten58                tensio        -1.052813        -1.054467        1.6541412E-03     1.000000        -1.052813        -1.054467        1.6541412E-03    0.1696431         5.894727    
 ten59                tensio        -1.056257        -1.058913        2.6558243E-03     1.000000        -1.056257        -1.058913        2.6558243E-03    0.1696431         5.894727    
 ten60                tensio        -1.060850        -1.067925        7.0754018E-03     1.000000        -1.060850        -1.067925        7.0754018E-03    0.1696431         5.894727    
 ten61                tensio        -1.063720        -1.072493        8.7731378E-03     1.000000        -1.063720        -1.072493        8.7731378E-03    0.1696431         5.894727    
 ten62                tensio        -1.068312        -1.077103        8.7907153E-03     1.000000        -1.068312        -1.077103        8.7907153E-03    0.1696431         5.894727    
 ten63                tensio        -1.072331        -1.086451        1.4120346E-02     1.000000        -1.072331        -1.086451        1.4120346E-02    0.1696431         5.894727    
 ten64                tensio        -1.075775        -1.091190        1.5415029E-02     1.000000        -1.075775        -1.091190        1.5415029E-02    0.1696431         5.894727    
 ten65                tensio        -1.078071        -1.095974        1.7902817E-02     1.000000        -1.078071        -1.095974        1.7902817E-02    0.1696431         5.894727    
 ten66                tensio        -1.082090        -1.100803        1.8713448E-02     1.000000        -1.082090        -1.100803        1.8713448E-02    0.1696431         5.894727    
 ten67                tensio        -1.085534        -1.105678        2.0144131E-02     1.000000        -1.085534        -1.105678        2.0144131E-02    0.1696431         5.894727    
 ten68                tensio        -1.088404        -1.110599        2.2194867E-02     1.000000        -1.088404        -1.110599        2.2194867E-02    0.1696431         5.894727    
 ten69                tensio        -1.091274        -1.115568        2.4293603E-02     1.000000        -1.091274        -1.115568        2.4293603E-02    0.1696431         5.894727    
 ten70                tensio        -1.092423        -1.120585        2.8162497E-02     1.000000        -1.092423        -1.120585        2.8162497E-02    0.1696431         5.894727    
 ten71                tensio        -1.097015        -1.125651        2.8636075E-02     1.000000        -1.097015        -1.125651        2.8636075E-02    0.1696431         5.894727    
 ten72                tensio        -1.100459        -1.130766        3.0306758E-02     1.000000        -1.100459        -1.130766        3.0306758E-02    0.1696431         5.894727    
 ten73                tensio        -1.102181        -1.135932        3.3750599E-02     1.000000        -1.102181        -1.135932        3.3750599E-02    0.1696431         5.894727    
 ten74                tensio        -1.105052        -1.141149        3.6097335E-02     1.000000        -1.105052        -1.141149        3.6097335E-02    0.1696431         5.894727    
 ten75                tensio        -1.107348        -1.146418        3.9070124E-02     1.000000        -1.107348        -1.146418        3.9070124E-02    0.1696431         5.894727    
 ten76                tensio        -1.109644        -1.151739        4.2094913E-02     1.000000        -1.109644        -1.151739        4.2094913E-02    0.1696431         5.894727    
 ten77                tensio        -1.113088        -1.157115        4.4026596E-02     1.000000        -1.113088        -1.157115        4.4026596E-02    0.1696431         5.894727    
 ten78                tensio        -1.114237        -1.162545        4.8308490E-02     1.000000        -1.114237        -1.162545        4.8308490E-02    0.1696431         5.894727    
 ten79                tensio        -1.117107        -1.168030        5.0923226E-02     1.000000        -1.117107        -1.168030        5.0923226E-02    0.1696431         5.894727    
 ten80                tensio        -1.120551        -1.168030        4.7478909E-02     1.000000        -1.120551        -1.168030        4.7478909E-02    0.1696431         5.894727    
 ten81                tensio        -1.122847        -1.173572        5.0724698E-02     1.000000        -1.122847        -1.173572        5.0724698E-02    0.1696431         5.894727    
 ten82                tensio        -1.125144        -1.179172        5.4028487E-02     1.000000        -1.125144        -1.179172        5.4028487E-02    0.1696431         5.894727    
 ten83                tensio        -1.128014        -1.184829        5.6815223E-02     1.000000        -1.128014        -1.184829        5.6815223E-02    0.1696431         5.894727    
 ten84                tensio        -1.130310        -1.184829        5.4519011E-02     1.000000        -1.130310        -1.184829        5.4519011E-02    0.1696431         5.894727    
 ten85                tensio        -1.131458        -1.190546        5.9087906E-02     1.000000        -1.131458        -1.190546        5.9087906E-02    0.1696431         5.894727    
 ten86                tensio        -1.135476        -1.196324        6.0847536E-02     1.000000        -1.135476        -1.196324        6.0847536E-02    0.1696431         5.894727    
 ten87                tensio        -1.137199        -1.196324        5.9125378E-02     1.000000        -1.137199        -1.196324        5.9125378E-02    0.1696431         5.894727    
 ten88                tensio        -1.137773        -1.202162        6.4389325E-02     1.000000        -1.137773        -1.202162        6.4389325E-02    0.1696431         5.894727    
 ten89                tensio        -1.139495        -1.208063        6.8568166E-02     1.000000        -1.139495        -1.208063        6.8568166E-02    0.1696431         5.894727    
 ten90                tensio        -1.142939        -1.208063        6.5123850E-02     1.000000        -1.142939        -1.208063        6.5123850E-02    0.1696431         5.894727    
 ten91                tensio        -1.144661        -1.214028        6.9366691E-02     1.000000        -1.144661        -1.214028        6.9366691E-02    0.1696431         5.894727    
 ten92                tensio        -1.146958        -1.220057        7.3099480E-02     1.000000        -1.146958        -1.220057        7.3099480E-02    0.1696431         5.894727    
 ten93                tensio        -1.148106        -1.220057        7.1951374E-02     1.000000        -1.148106        -1.220057        7.1951374E-02    0.1696431         5.894727    
 ten94                tensio        -1.150402        -1.226152        7.5750163E-02     1.000000        -1.150402        -1.226152        7.5750163E-02    0.1696431         5.894727    
 ten95                tensio        -1.157290        -1.226152        6.8861529E-02     1.000000        -1.157290        -1.226152        6.8861529E-02    0.1696431         5.894727    
 ten96                tensio        -1.153846        -1.232314        7.8467846E-02     1.000000        -1.153846        -1.232314        7.8467846E-02    0.1696431         5.894727    
