 Name                 Group          Measured         Modelled         Residual         Weight       Weight*Measured    Weight*Modelled  Weight*Residual  Measurement_sd   Natural_weight
 ten1                 tensio        -1.464409        -1.754009        0.2896003         1.000000        -1.464409        -1.754009        0.2896003        0.1652063         6.053039    
 ten2                 tensio        -1.460964        -1.754009        0.2930446         1.000000        -1.460964        -1.754009        0.2930446        0.1652063         6.053039    
 ten3                 tensio        -1.458668        -1.754009        0.2953408         1.000000        -1.458668        -1.754009        0.2953408        0.1652063         6.053039    
 ten4                 tensio        -1.459816        -1.754009        0.2941927         1.000000        -1.459816        -1.754009        0.2941927        0.1652063         6.053039    
 ten5                 tensio        -1.456946        -1.754009        0.2970630         1.000000        -1.456946        -1.754009        0.2970630        0.1652063         6.053039    
 ten6                 tensio        -1.461538        -1.754009        0.2924705         1.000000        -1.461538        -1.754009        0.2924705        0.1652063         6.053039    
 ten7                 tensio        -1.460390        -1.754009        0.2936186         1.000000        -1.460390        -1.754009        0.2936186        0.1652063         6.053039    
 ten8                 tensio        -1.458668        -1.754009        0.2953408         1.000000        -1.458668        -1.754009        0.2953408        0.1652063         6.053039    
 ten9                 tensio        -1.462113        -1.754009        0.2918965         1.000000        -1.462113        -1.754009        0.2918965        0.1652063         6.053039    
 ten10                tensio        -1.453502        -1.754009        0.3005073         1.000000        -1.453502        -1.754009        0.3005073        0.1652063         6.053039    
 ten11                tensio        -1.454076        -1.754009        0.2999332         1.000000        -1.454076        -1.754009        0.2999332        0.1652063         6.053039    
 ten12                tensio        -1.451780        -1.754009        0.3022294         1.000000        -1.451780        -1.754009        0.3022294        0.1652063         6.053039    
 ten13                tensio        -1.452354        -1.754009        0.3016554         1.000000        -1.452354        -1.754009        0.3016554        0.1652063         6.053039    
 ten14                tensio        -1.458668        -1.754009        0.2953408         1.000000        -1.458668        -1.754009        0.2953408        0.1652063         6.053039    
 ten15                tensio        -1.452354        -1.754009        0.3016554         1.000000        -1.452354        -1.754009        0.3016554        0.1652063         6.053039    
 ten16                tensio        -1.448909        -1.754009        0.3050997         1.000000        -1.448909        -1.754009        0.3050997        0.1652063         6.053039    
 ten17                tensio        -1.449483        -1.754009        0.3045256         1.000000        -1.449483        -1.754009        0.3045256        0.1652063         6.053039    
 ten18                tensio        -1.430540        -1.754009        0.3234694         1.000000        -1.430540        -1.754009        0.3234694        0.1652063         6.053039    
 ten19                tensio        -1.404133        -1.754009        0.3498758         1.000000        -1.404133        -1.754009        0.3498758        0.1652063         6.053039    
 ten20                tensio        -1.320321        -1.754009        0.4336875         1.000000        -1.320321        -1.754009        0.4336875        0.1652063         6.053039    
 ten21                tensio        -1.060276        -1.123759        6.3483455E-02     1.000000        -1.060276        -1.123759        6.3483455E-02    0.1652063         6.053039    
 ten22                tensio       -0.7824340        -1.000035        0.2176010         1.000000       -0.7824340        -1.000035        0.2176010        0.1652063         6.053039    
 ten23                tensio       -0.7169920       -0.9464630        0.2294710         1.000000       -0.7169920       -0.9464630        0.2294710        0.1652063         6.053039    
 ten24                tensio       -0.7112514       -0.9428630        0.2316116         1.000000       -0.7112514       -0.9428630        0.2316116        0.1652063         6.053039    
 ten25                tensio       -0.7123995       -0.9428630        0.2304635         1.000000       -0.7123995       -0.9428630        0.2304635        0.1652063         6.053039    
 ten26                tensio       -0.7152698       -0.9428630        0.2275932         1.000000       -0.7152698       -0.9428630        0.2275932        0.1652063         6.053039    
 ten27                tensio       -0.7169920       -0.9464630        0.2294710         1.000000       -0.7169920       -0.9464630        0.2294710        0.1652063         6.053039    
 ten28                tensio       -0.7307692       -0.9464630        0.2156938         1.000000       -0.7307692       -0.9464630        0.2156938        0.1652063         6.053039    
 ten29                tensio       -0.7669346       -0.9464630        0.1795284         1.000000       -0.7669346       -0.9464630        0.1795284        0.1652063         6.053039    
 ten30                tensio       -0.7887486       -0.9500920        0.1613434         1.000000       -0.7887486       -0.9500920        0.1613434        0.1652063         6.053039    
 ten31                tensio       -0.8088404       -0.9500920        0.1412516         1.000000       -0.8088404       -0.9500920        0.1412516        0.1652063         6.053039    
 ten32                tensio       -0.8283582       -0.9500920        0.1217338         1.000000       -0.8283582       -0.9500920        0.1217338        0.1652063         6.053039    
 ten33                tensio       -0.8467279       -0.9537490        0.1070211         1.000000       -0.8467279       -0.9537490        0.1070211        0.1652063         6.053039    
 ten34                tensio       -0.8639495       -0.9537490        8.9799517E-02     1.000000       -0.8639495       -0.9537490        8.9799517E-02    0.1652063         6.053039    
 ten35                tensio       -0.8828932       -0.9537490        7.0855774E-02     1.000000       -0.8828932       -0.9537490        7.0855774E-02    0.1652063         6.053039    
 ten36                tensio       -0.8960964       -0.9574360        6.1339559E-02     1.000000       -0.8960964       -0.9574360        6.1339559E-02    0.1652063         6.053039    
 ten37                tensio       -0.9064294       -0.9574360        5.1006608E-02     1.000000       -0.9064294       -0.9574360        5.1006608E-02    0.1652063         6.053039    
 ten38                tensio       -0.9173364       -0.9574360        4.0099605E-02     1.000000       -0.9173364       -0.9574360        4.0099605E-02    0.1652063         6.053039    
 ten39                tensio       -0.9282434       -0.9611520        3.2908602E-02     1.000000       -0.9282434       -0.9611520        3.2908602E-02    0.1652063         6.053039    
 ten40                tensio       -0.9380023       -0.9611520        2.3149704E-02     1.000000       -0.9380023       -0.9611520        2.3149704E-02    0.1652063         6.053039    
 ten41                tensio       -0.9477612       -0.9611520        1.3390806E-02     1.000000       -0.9477612       -0.9611520        1.3390806E-02    0.1652063         6.053039    
 ten42                tensio       -0.9552239       -0.9648980        9.6741194E-03     1.000000       -0.9552239       -0.9648980        9.6741194E-03    0.1652063         6.053039    
 ten43                tensio       -0.9632606       -0.9648980        1.6373800E-03     1.000000       -0.9632606       -0.9648980        1.6373800E-03    0.1652063         6.053039    
 ten44                tensio       -0.9712974       -0.9686750       -2.6223594E-03     1.000000       -0.9712974       -0.9686750       -2.6223594E-03    0.1652063         6.053039    
 ten45                tensio       -0.9799082       -0.9686750       -1.1233152E-02     1.000000       -0.9799082       -0.9686750       -1.1233152E-02    0.1652063         6.053039    
 ten46                tensio       -0.9862227       -0.9686750       -1.7547732E-02     1.000000       -0.9862227       -0.9686750       -1.7547732E-02    0.1652063         6.053039    
 ten47                tensio       -0.9936854       -0.9724830       -2.1202419E-02     1.000000       -0.9936854       -0.9724830       -2.1202419E-02    0.1652063         6.053039    
 ten48                tensio        -1.000574       -0.9724830       -2.8091053E-02     1.000000        -1.000574       -0.9724830       -2.8091053E-02    0.1652063         6.053039    
 ten49                tensio        -1.006889       -0.9763220       -3.0566634E-02     1.000000        -1.006889       -0.9763220       -3.0566634E-02    0.1652063         6.053039    
 ten50                tensio        -1.013203       -0.9763220       -3.6881215E-02     1.000000        -1.013203       -0.9763220       -3.6881215E-02    0.1652063         6.053039    
 ten51                tensio        -1.020092       -0.9801920       -3.9899848E-02     1.000000        -1.020092       -0.9801920       -3.9899848E-02    0.1652063         6.053039    
 ten52                tensio        -1.025832       -0.9919980       -3.3834377E-02     1.000000        -1.025832       -0.9919980       -3.3834377E-02    0.1652063         6.053039    
 ten53                tensio        -1.030999       -0.9960000       -3.4998852E-02     1.000000        -1.030999       -0.9960000       -3.4998852E-02    0.1652063         6.053039    
 ten54                tensio        -1.035591        -1.004105       -3.1486274E-02     1.000000        -1.035591        -1.004105       -3.1486274E-02    0.1652063         6.053039    
 ten55                tensio        -1.039610        -1.012349       -2.7260644E-02     1.000000        -1.039610        -1.012349       -2.7260644E-02    0.1652063         6.053039    
 ten56                tensio        -1.044202        -1.020737       -2.3465067E-02     1.000000        -1.044202        -1.020737       -2.3465067E-02    0.1652063         6.053039    
 ten57                tensio        -1.049943        -1.024986       -2.4956595E-02     1.000000        -1.049943        -1.024986       -2.4956595E-02    0.1652063         6.053039    
 ten58                tensio        -1.052813        -1.033597       -1.9215859E-02     1.000000        -1.052813        -1.033597       -1.9215859E-02    0.1652063         6.053039    
 ten59                tensio        -1.056257        -1.042361       -1.3896176E-02     1.000000        -1.056257        -1.042361       -1.3896176E-02    0.1652063         6.053039    
 ten60                tensio        -1.060850        -1.046803       -1.4046598E-02     1.000000        -1.060850        -1.046803       -1.4046598E-02    0.1652063         6.053039    
 ten61                tensio        -1.063720        -1.051284       -1.2435862E-02     1.000000        -1.063720        -1.051284       -1.2435862E-02    0.1652063         6.053039    
 ten62                tensio        -1.068312        -1.060370       -7.9422847E-03     1.000000        -1.068312        -1.060370       -7.9422847E-03    0.1652063         6.053039    
 ten63                tensio        -1.072331        -1.064976       -7.3546544E-03     1.000000        -1.072331        -1.064976       -7.3546544E-03    0.1652063         6.053039    
 ten64                tensio        -1.075775        -1.069624       -6.1509713E-03     1.000000        -1.075775        -1.069624       -6.1509713E-03    0.1652063         6.053039    
 ten65                tensio        -1.078071        -1.074315       -3.7561826E-03     1.000000        -1.078071        -1.074315       -3.7561826E-03    0.1652063         6.053039    
 ten66                tensio        -1.082090        -1.083830        1.7404478E-03     1.000000        -1.082090        -1.083830        1.7404478E-03    0.1652063         6.053039    
 ten67                tensio        -1.085534        -1.088656        3.1221309E-03     1.000000        -1.085534        -1.088656        3.1221309E-03    0.1652063         6.053039    
 ten68                tensio        -1.088404        -1.093527        5.1228668E-03     1.000000        -1.088404        -1.093527        5.1228668E-03    0.1652063         6.053039    
 ten69                tensio        -1.091274        -1.098444        7.1696028E-03     1.000000        -1.091274        -1.098444        7.1696028E-03    0.1652063         6.053039    
 ten70                tensio        -1.092423        -1.103410        1.0987497E-02     1.000000        -1.092423        -1.103410        1.0987497E-02    0.1652063         6.053039    
 ten71                tensio        -1.097015        -1.108423        1.1408075E-02     1.000000        -1.097015        -1.108423        1.1408075E-02    0.1652063         6.053039    
 ten72                tensio        -1.100459        -1.113485        1.3025758E-02     1.000000        -1.100459        -1.113485        1.3025758E-02    0.1652063         6.053039    
 ten73                tensio        -1.102181        -1.118597        1.6415599E-02     1.000000        -1.102181        -1.118597        1.6415599E-02    0.1652063         6.053039    
 ten74                tensio        -1.105052        -1.123759        1.8707335E-02     1.000000        -1.105052        -1.123759        1.8707335E-02    0.1652063         6.053039    
 ten75                tensio        -1.107348        -1.128973        2.1625124E-02     1.000000        -1.107348        -1.128973        2.1625124E-02    0.1652063         6.053039    
 ten76                tensio        -1.109644        -1.134238        2.4593913E-02     1.000000        -1.109644        -1.134238        2.4593913E-02    0.1652063         6.053039    
 ten77                tensio        -1.113088        -1.139557        2.6468596E-02     1.000000        -1.113088        -1.139557        2.6468596E-02    0.1652063         6.053039    
 ten78                tensio        -1.114237        -1.139557        2.5320490E-02     1.000000        -1.114237        -1.139557        2.5320490E-02    0.1652063         6.053039    
 ten79                tensio        -1.117107        -1.144929        2.7822226E-02     1.000000        -1.117107        -1.144929        2.7822226E-02    0.1652063         6.053039    
 ten80                tensio        -1.120551        -1.150356        2.9804909E-02     1.000000        -1.120551        -1.150356        2.9804909E-02    0.1652063         6.053039    
 ten81                tensio        -1.122847        -1.155838        3.2990698E-02     1.000000        -1.122847        -1.155838        3.2990698E-02    0.1652063         6.053039    
 ten82                tensio        -1.125144        -1.155838        3.0694487E-02     1.000000        -1.125144        -1.155838        3.0694487E-02    0.1652063         6.053039    
 ten83                tensio        -1.128014        -1.161377        3.3363223E-02     1.000000        -1.128014        -1.161377        3.3363223E-02    0.1652063         6.053039    
 ten84                tensio        -1.130310        -1.166974        3.6664011E-02     1.000000        -1.130310        -1.166974        3.6664011E-02    0.1652063         6.053039    
 ten85                tensio        -1.131458        -1.172629        4.1170906E-02     1.000000        -1.131458        -1.172629        4.1170906E-02    0.1652063         6.053039    
 ten86                tensio        -1.135476        -1.172629        3.7152536E-02     1.000000        -1.135476        -1.172629        3.7152536E-02    0.1652063         6.053039    
 ten87                tensio        -1.137199        -1.178343        4.1144378E-02     1.000000        -1.137199        -1.178343        4.1144378E-02    0.1652063         6.053039    
 ten88                tensio        -1.137773        -1.184117        4.6344325E-02     1.000000        -1.137773        -1.184117        4.6344325E-02    0.1652063         6.053039    
 ten89                tensio        -1.139495        -1.184117        4.4622166E-02     1.000000        -1.139495        -1.184117        4.4622166E-02    0.1652063         6.053039    
 ten90                tensio        -1.142939        -1.189953        4.7013850E-02     1.000000        -1.142939        -1.189953        4.7013850E-02    0.1652063         6.053039    
 ten91                tensio        -1.144661        -1.195852        5.1190691E-02     1.000000        -1.144661        -1.195852        5.1190691E-02    0.1652063         6.053039    
 ten92                tensio        -1.146958        -1.195852        4.8894480E-02     1.000000        -1.146958        -1.195852        4.8894480E-02    0.1652063         6.053039    
 ten93                tensio        -1.148106        -1.201814        5.3708374E-02     1.000000        -1.148106        -1.201814        5.3708374E-02    0.1652063         6.053039    
 ten94                tensio        -1.150402        -1.201814        5.1412163E-02     1.000000        -1.150402        -1.201814        5.1412163E-02    0.1652063         6.053039    
 ten95                tensio        -1.157290        -1.207840        5.0549529E-02     1.000000        -1.157290        -1.207840        5.0549529E-02    0.1652063         6.053039    
 ten96                tensio        -1.153846        -1.213933        6.0086846E-02     1.000000        -1.153846        -1.213933        6.0086846E-02    0.1652063         6.053039    
