 Name                 Group          Measured         Modelled         Residual         Weight       Weight*Measured    Weight*Modelled  Weight*Residual  Measurement_sd   Natural_weight
 ten1                 tensio        -1.464409        -1.745872        0.2814633         1.000000        -1.464409        -1.745872        0.2814633        0.1613625         6.197228    
 ten2                 tensio        -1.460964        -1.745872        0.2849076         1.000000        -1.460964        -1.745872        0.2849076        0.1613625         6.197228    
 ten3                 tensio        -1.458668        -1.745872        0.2872038         1.000000        -1.458668        -1.745872        0.2872038        0.1613625         6.197228    
 ten4                 tensio        -1.459816        -1.745872        0.2860557         1.000000        -1.459816        -1.745872        0.2860557        0.1613625         6.197228    
 ten5                 tensio        -1.456946        -1.745872        0.2889260         1.000000        -1.456946        -1.745872        0.2889260        0.1613625         6.197228    
 ten6                 tensio        -1.461538        -1.745872        0.2843335         1.000000        -1.461538        -1.745872        0.2843335        0.1613625         6.197228    
 ten7                 tensio        -1.460390        -1.745872        0.2854816         1.000000        -1.460390        -1.745872        0.2854816        0.1613625         6.197228    
 ten8                 tensio        -1.458668        -1.745872        0.2872038         1.000000        -1.458668        -1.745872        0.2872038        0.1613625         6.197228    
 ten9                 tensio        -1.462113        -1.745872        0.2837595         1.000000        -1.462113        -1.745872        0.2837595        0.1613625         6.197228    
 ten10                tensio        -1.453502        -1.745872        0.2923703         1.000000        -1.453502        -1.745872        0.2923703        0.1613625         6.197228    
 ten11                tensio        -1.454076        -1.745872        0.2917962         1.000000        -1.454076        -1.745872        0.2917962        0.1613625         6.197228    
 ten12                tensio        -1.451780        -1.745872        0.2940924         1.000000        -1.451780        -1.745872        0.2940924        0.1613625         6.197228    
 ten13                tensio        -1.452354        -1.745872        0.2935184         1.000000        -1.452354        -1.745872        0.2935184        0.1613625         6.197228    
 ten14                tensio        -1.458668        -1.745872        0.2872038         1.000000        -1.458668        -1.745872        0.2872038        0.1613625         6.197228    
 ten15                tensio        -1.452354        -1.745872        0.2935184         1.000000        -1.452354        -1.745872        0.2935184        0.1613625         6.197228    
 ten16                tensio        -1.448909        -1.745872        0.2969627         1.000000        -1.448909        -1.745872        0.2969627        0.1613625         6.197228    
 ten17                tensio        -1.449483        -1.745872        0.2963886         1.000000        -1.449483        -1.745872        0.2963886        0.1613625         6.197228    
 ten18                tensio        -1.430540        -1.745872        0.3153324         1.000000        -1.430540        -1.745872        0.3153324        0.1613625         6.197228    
 ten19                tensio        -1.404133        -1.745872        0.3417388         1.000000        -1.404133        -1.745872        0.3417388        0.1613625         6.197228    
 ten20                tensio        -1.320321        -1.745872        0.4255505         1.000000        -1.320321        -1.745872        0.4255505        0.1613625         6.197228    
 ten21                tensio        -1.060276        -1.058398       -1.8775453E-03     1.000000        -1.060276        -1.058398       -1.8775453E-03    0.1613625         6.197228    
 ten22                tensio       -0.7824340       -0.9078230        0.1253890         1.000000       -0.7824340       -0.9078230        0.1253890        0.1613625         6.197228    
 ten23                tensio       -0.7169920       -0.8524490        0.1354570         1.000000       -0.7169920       -0.8524490        0.1354570        0.1613625         6.197228    
 ten24                tensio       -0.7112514       -0.8524490        0.1411976         1.000000       -0.7112514       -0.8524490        0.1411976        0.1613625         6.197228    
 ten25                tensio       -0.7123995       -0.8524490        0.1400495         1.000000       -0.7123995       -0.8524490        0.1400495        0.1613625         6.197228    
 ten26                tensio       -0.7152698       -0.8524490        0.1371792         1.000000       -0.7152698       -0.8524490        0.1371792        0.1613625         6.197228    
 ten27                tensio       -0.7169920       -0.8557130        0.1387210         1.000000       -0.7169920       -0.8557130        0.1387210        0.1613625         6.197228    
 ten28                tensio       -0.7307692       -0.8557130        0.1249438         1.000000       -0.7307692       -0.8557130        0.1249438        0.1613625         6.197228    
 ten29                tensio       -0.7669346       -0.8557130        8.8778442E-02     1.000000       -0.7669346       -0.8557130        8.8778442E-02    0.1613625         6.197228    
 ten30                tensio       -0.7887486       -0.8590020        7.0253435E-02     1.000000       -0.7887486       -0.8590020        7.0253435E-02    0.1613625         6.197228    
 ten31                tensio       -0.8088404       -0.8590020        5.0161587E-02     1.000000       -0.8088404       -0.8590020        5.0161587E-02    0.1613625         6.197228    
 ten32                tensio       -0.8283582       -0.8590020        3.0643791E-02     1.000000       -0.8283582       -0.8590020        3.0643791E-02    0.1613625         6.197228    
 ten33                tensio       -0.8467279       -0.8623160        1.5588101E-02     1.000000       -0.8467279       -0.8623160        1.5588101E-02    0.1613625         6.197228    
 ten34                tensio       -0.8639495       -0.8623160       -1.6334834E-03     1.000000       -0.8639495       -0.8623160       -1.6334834E-03    0.1613625         6.197228    
 ten35                tensio       -0.8828932       -0.8623160       -2.0577226E-02     1.000000       -0.8828932       -0.8623160       -2.0577226E-02    0.1613625         6.197228    
 ten36                tensio       -0.8960964       -0.8656550       -3.0441441E-02     1.000000       -0.8960964       -0.8656550       -3.0441441E-02    0.1613625         6.197228    
 ten37                tensio       -0.9064294       -0.8656550       -4.0774392E-02     1.000000       -0.9064294       -0.8656550       -4.0774392E-02    0.1613625         6.197228    
 ten38                tensio       -0.9173364       -0.8690200       -4.8316395E-02     1.000000       -0.9173364       -0.8690200       -4.8316395E-02    0.1613625         6.197228    
 ten39                tensio       -0.9282434       -0.8690200       -5.9223398E-02     1.000000       -0.9282434       -0.8690200       -5.9223398E-02    0.1613625         6.197228    
 ten40                tensio       -0.9380023       -0.8690200       -6.8982296E-02     1.000000       -0.9380023       -0.8690200       -6.8982296E-02    0.1613625         6.197228    
 ten41                tensio       -0.9477612       -0.8724100       -7.5351194E-02     1.000000       -0.9477612       -0.8724100       -7.5351194E-02    0.1613625         6.197228    
 ten42                tensio       -0.9552239       -0.8724100       -8.2813881E-02     1.000000       -0.9552239       -0.8724100       -8.2813881E-02    0.1613625         6.197228    
 ten43                tensio       -0.9632606       -0.8758280       -8.7432620E-02     1.000000       -0.9632606       -0.8758280       -8.7432620E-02    0.1613625         6.197228    
 ten44                tensio       -0.9712974       -0.8758280       -9.5469359E-02     1.000000       -0.9712974       -0.8758280       -9.5469359E-02    0.1613625         6.197228    
 ten45                tensio       -0.9799082       -0.8792710       -0.1006372         1.000000       -0.9799082       -0.8792710       -0.1006372        0.1613625         6.197228    
 ten46                tensio       -0.9862227       -0.8792710       -0.1069517         1.000000       -0.9862227       -0.8792710       -0.1069517        0.1613625         6.197228    
 ten47                tensio       -0.9936854       -0.8827420       -0.1109434         1.000000       -0.9936854       -0.8827420       -0.1109434        0.1613625         6.197228    
 ten48                tensio        -1.000574       -0.8827420       -0.1178321         1.000000        -1.000574       -0.8827420       -0.1178321        0.1613625         6.197228    
 ten49                tensio        -1.006889       -0.8862400       -0.1206486         1.000000        -1.006889       -0.8862400       -0.1206486        0.1613625         6.197228    
 ten50                tensio        -1.013203       -0.8933200       -0.1198832         1.000000        -1.013203       -0.8933200       -0.1198832        0.1613625         6.197228    
 ten51                tensio        -1.020092       -0.9005130       -0.1195788         1.000000        -1.020092       -0.9005130       -0.1195788        0.1613625         6.197228    
 ten52                tensio        -1.025832       -0.9078230       -0.1180094         1.000000        -1.025832       -0.9078230       -0.1180094        0.1613625         6.197228    
 ten53                tensio        -1.030999       -0.9152520       -0.1157469         1.000000        -1.030999       -0.9152520       -0.1157469        0.1613625         6.197228    
 ten54                tensio        -1.035591       -0.9228040       -0.1127873         1.000000        -1.035591       -0.9228040       -0.1127873        0.1613625         6.197228    
 ten55                tensio        -1.039610       -0.9304820       -0.1091276         1.000000        -1.039610       -0.9304820       -0.1091276        0.1613625         6.197228    
 ten56                tensio        -1.044202       -0.9382900       -0.1059121         1.000000        -1.044202       -0.9382900       -0.1059121        0.1613625         6.197228    
 ten57                tensio        -1.049943       -0.9462310       -0.1037116         1.000000        -1.049943       -0.9462310       -0.1037116        0.1613625         6.197228    
 ten58                tensio        -1.052813       -0.9502530       -0.1025599         1.000000        -1.052813       -0.9502530       -0.1025599        0.1613625         6.197228    
 ten59                tensio        -1.056257       -0.9584000       -9.7857176E-02     1.000000        -1.056257       -0.9584000       -9.7857176E-02    0.1613625         6.197228    
 ten60                tensio        -1.060850       -0.9625270       -9.8322598E-02     1.000000        -1.060850       -0.9625270       -9.8322598E-02    0.1613625         6.197228    
 ten61                tensio        -1.063720       -0.9708900       -9.2829862E-02     1.000000        -1.063720       -0.9708900       -9.2829862E-02    0.1613625         6.197228    
 ten62                tensio        -1.068312       -0.9751260       -9.3186285E-02     1.000000        -1.068312       -0.9751260       -9.3186285E-02    0.1613625         6.197228    
 ten63                tensio        -1.072331       -0.9794010       -9.2929654E-02     1.000000        -1.072331       -0.9794010       -9.2929654E-02    0.1613625         6.197228    
 ten64                tensio        -1.075775       -0.9880650       -8.7709971E-02     1.000000        -1.075775       -0.9880650       -8.7709971E-02    0.1613625         6.197228    
 ten65                tensio        -1.078071       -0.9924560       -8.5615183E-02     1.000000        -1.078071       -0.9924560       -8.5615183E-02    0.1613625         6.197228    
 ten66                tensio        -1.082090       -0.9968870       -8.5202552E-02     1.000000        -1.082090       -0.9968870       -8.5202552E-02    0.1613625         6.197228    
 ten67                tensio        -1.085534        -1.001358       -8.4175869E-02     1.000000        -1.085534        -1.001358       -8.4175869E-02    0.1613625         6.197228    
 ten68                tensio        -1.088404        -1.010424       -7.7980133E-02     1.000000        -1.088404        -1.010424       -7.7980133E-02    0.1613625         6.197228    
 ten69                tensio        -1.091274        -1.015020       -7.6254397E-02     1.000000        -1.091274        -1.015020       -7.6254397E-02    0.1613625         6.197228    
 ten70                tensio        -1.092423        -1.019659       -7.2763503E-02     1.000000        -1.092423        -1.019659       -7.2763503E-02    0.1613625         6.197228    
 ten71                tensio        -1.097015        -1.024342       -7.2672925E-02     1.000000        -1.097015        -1.024342       -7.2672925E-02    0.1613625         6.197228    
 ten72                tensio        -1.100459        -1.029069       -7.1390242E-02     1.000000        -1.100459        -1.029069       -7.1390242E-02    0.1613625         6.197228    
 ten73                tensio        -1.102181        -1.033841       -6.8340401E-02     1.000000        -1.102181        -1.033841       -6.8340401E-02    0.1613625         6.197228    
 ten74                tensio        -1.105052        -1.038658       -6.6393665E-02     1.000000        -1.105052        -1.038658       -6.6393665E-02    0.1613625         6.197228    
 ten75                tensio        -1.107348        -1.043522       -6.3825876E-02     1.000000        -1.107348        -1.043522       -6.3825876E-02    0.1613625         6.197228    
 ten76                tensio        -1.109644        -1.048433       -6.1211087E-02     1.000000        -1.109644        -1.048433       -6.1211087E-02    0.1613625         6.197228    
 ten77                tensio        -1.113088        -1.053391       -5.9697404E-02     1.000000        -1.113088        -1.053391       -5.9697404E-02    0.1613625         6.197228    
 ten78                tensio        -1.114237        -1.053391       -6.0845510E-02     1.000000        -1.114237        -1.053391       -6.0845510E-02    0.1613625         6.197228    
 ten79                tensio        -1.117107        -1.058398       -5.8708774E-02     1.000000        -1.117107        -1.058398       -5.8708774E-02    0.1613625         6.197228    
 ten80                tensio        -1.120551        -1.063454       -5.7097091E-02     1.000000        -1.120551        -1.063454       -5.7097091E-02    0.1613625         6.197228    
 ten81                tensio        -1.122847        -1.068560       -5.4287302E-02     1.000000        -1.122847        -1.068560       -5.4287302E-02    0.1613625         6.197228    
 ten82                tensio        -1.125144        -1.073717       -5.1426513E-02     1.000000        -1.125144        -1.073717       -5.1426513E-02    0.1613625         6.197228    
 ten83                tensio        -1.128014        -1.078925       -4.9088777E-02     1.000000        -1.128014        -1.078925       -4.9088777E-02    0.1613625         6.197228    
 ten84                tensio        -1.130310        -1.078925       -5.1384989E-02     1.000000        -1.130310        -1.078925       -5.1384989E-02    0.1613625         6.197228    
 ten85                tensio        -1.131458        -1.084186       -4.7272094E-02     1.000000        -1.131458        -1.084186       -4.7272094E-02    0.1613625         6.197228    
 ten86                tensio        -1.135476        -1.089500       -4.5976464E-02     1.000000        -1.135476        -1.089500       -4.5976464E-02    0.1613625         6.197228    
 ten87                tensio        -1.137199        -1.089500       -4.7698622E-02     1.000000        -1.137199        -1.089500       -4.7698622E-02    0.1613625         6.197228    
 ten88                tensio        -1.137773        -1.094868       -4.2904675E-02     1.000000        -1.137773        -1.094868       -4.2904675E-02    0.1613625         6.197228    
 ten89                tensio        -1.139495        -1.100291       -3.9203834E-02     1.000000        -1.139495        -1.100291       -3.9203834E-02    0.1613625         6.197228    
 ten90                tensio        -1.142939        -1.105771       -3.7168150E-02     1.000000        -1.142939        -1.105771       -3.7168150E-02    0.1613625         6.197228    
 ten91                tensio        -1.144661        -1.105771       -3.8890309E-02     1.000000        -1.144661        -1.105771       -3.8890309E-02    0.1613625         6.197228    
 ten92                tensio        -1.146958        -1.111306       -3.5651520E-02     1.000000        -1.146958        -1.111306       -3.5651520E-02    0.1613625         6.197228    
 ten93                tensio        -1.148106        -1.111306       -3.6799626E-02     1.000000        -1.148106        -1.111306       -3.6799626E-02    0.1613625         6.197228    
 ten94                tensio        -1.150402        -1.116900       -3.3501837E-02     1.000000        -1.150402        -1.116900       -3.3501837E-02    0.1613625         6.197228    
 ten95                tensio        -1.157290        -1.122552       -3.4738471E-02     1.000000        -1.157290        -1.122552       -3.4738471E-02    0.1613625         6.197228    
 ten96                tensio        -1.153846        -1.122552       -3.1294154E-02     1.000000        -1.153846        -1.122552       -3.1294154E-02    0.1613625         6.197228    
