 Name                 Group          Measured         Modelled         Residual         Weight       Weight*Measured    Weight*Modelled  Weight*Residual  Measurement_sd   Natural_weight
 ten1                 tensio        -1.464409        -1.752927        0.2885183         1.000000        -1.464409        -1.752927        0.2885183        0.1682579         5.943257    
 ten2                 tensio        -1.460964        -1.752927        0.2919626         1.000000        -1.460964        -1.752927        0.2919626        0.1682579         5.943257    
 ten3                 tensio        -1.458668        -1.752927        0.2942588         1.000000        -1.458668        -1.752927        0.2942588        0.1682579         5.943257    
 ten4                 tensio        -1.459816        -1.752927        0.2931107         1.000000        -1.459816        -1.752927        0.2931107        0.1682579         5.943257    
 ten5                 tensio        -1.456946        -1.752927        0.2959810         1.000000        -1.456946        -1.752927        0.2959810        0.1682579         5.943257    
 ten6                 tensio        -1.461538        -1.752927        0.2913885         1.000000        -1.461538        -1.752927        0.2913885        0.1682579         5.943257    
 ten7                 tensio        -1.460390        -1.752927        0.2925366         1.000000        -1.460390        -1.752927        0.2925366        0.1682579         5.943257    
 ten8                 tensio        -1.458668        -1.752927        0.2942588         1.000000        -1.458668        -1.752927        0.2942588        0.1682579         5.943257    
 ten9                 tensio        -1.462113        -1.752927        0.2908145         1.000000        -1.462113        -1.752927        0.2908145        0.1682579         5.943257    
 ten10                tensio        -1.453502        -1.752927        0.2994253         1.000000        -1.453502        -1.752927        0.2994253        0.1682579         5.943257    
 ten11                tensio        -1.454076        -1.752927        0.2988512         1.000000        -1.454076        -1.752927        0.2988512        0.1682579         5.943257    
 ten12                tensio        -1.451780        -1.752927        0.3011474         1.000000        -1.451780        -1.752927        0.3011474        0.1682579         5.943257    
 ten13                tensio        -1.452354        -1.752927        0.3005734         1.000000        -1.452354        -1.752927        0.3005734        0.1682579         5.943257    
 ten14                tensio        -1.458668        -1.752927        0.2942588         1.000000        -1.458668        -1.752927        0.2942588        0.1682579         5.943257    
 ten15                tensio        -1.452354        -1.752927        0.3005734         1.000000        -1.452354        -1.752927        0.3005734        0.1682579         5.943257    
 ten16                tensio        -1.448909        -1.752927        0.3040177         1.000000        -1.448909        -1.752927        0.3040177        0.1682579         5.943257    
 ten17                tensio        -1.449483        -1.752927        0.3034436         1.000000        -1.449483        -1.752927        0.3034436        0.1682579         5.943257    
 ten18                tensio        -1.430540        -1.752927        0.3223874         1.000000        -1.430540        -1.752927        0.3223874        0.1682579         5.943257    
 ten19                tensio        -1.404133        -1.752927        0.3487938         1.000000        -1.404133        -1.752927        0.3487938        0.1682579         5.943257    
 ten20                tensio        -1.320321        -1.752927        0.4326055         1.000000        -1.320321        -1.752927        0.4326055        0.1682579         5.943257    
 ten21                tensio        -1.060276        -1.129161        6.8885455E-02     1.000000        -1.060276        -1.129161        6.8885455E-02    0.1682579         5.943257    
 ten22                tensio       -0.7824340        -1.014359        0.2319250         1.000000       -0.7824340        -1.014359        0.2319250        0.1682579         5.943257    
 ten23                tensio       -0.7169920       -0.9565530        0.2395610         1.000000       -0.7169920       -0.9565530        0.2395610        0.1682579         5.943257    
 ten24                tensio       -0.7112514       -0.9565530        0.2453016         1.000000       -0.7112514       -0.9565530        0.2453016        0.1682579         5.943257    
 ten25                tensio       -0.7123995       -0.9565530        0.2441535         1.000000       -0.7123995       -0.9565530        0.2441535        0.1682579         5.943257    
 ten26                tensio       -0.7152698       -0.9565530        0.2412832         1.000000       -0.7152698       -0.9565530        0.2412832        0.1682579         5.943257    
 ten27                tensio       -0.7169920       -0.9601920        0.2432000         1.000000       -0.7169920       -0.9601920        0.2432000        0.1682579         5.943257    
 ten28                tensio       -0.7307692       -0.9601920        0.2294228         1.000000       -0.7307692       -0.9601920        0.2294228        0.1682579         5.943257    
 ten29                tensio       -0.7669346       -0.9601920        0.1932574         1.000000       -0.7669346       -0.9601920        0.1932574        0.1682579         5.943257    
 ten30                tensio       -0.7887486       -0.9638600        0.1751114         1.000000       -0.7887486       -0.9638600        0.1751114        0.1682579         5.943257    
 ten31                tensio       -0.8088404       -0.9638600        0.1550196         1.000000       -0.8088404       -0.9638600        0.1550196        0.1682579         5.943257    
 ten32                tensio       -0.8283582       -0.9638600        0.1355018         1.000000       -0.8283582       -0.9638600        0.1355018        0.1682579         5.943257    
 ten33                tensio       -0.8467279       -0.9675570        0.1208291         1.000000       -0.8467279       -0.9675570        0.1208291        0.1682579         5.943257    
 ten34                tensio       -0.8639495       -0.9675570        0.1036075         1.000000       -0.8639495       -0.9675570        0.1036075        0.1682579         5.943257    
 ten35                tensio       -0.8828932       -0.9675570        8.4663774E-02     1.000000       -0.8828932       -0.9675570        8.4663774E-02    0.1682579         5.943257    
 ten36                tensio       -0.8960964       -0.9712840        7.5187559E-02     1.000000       -0.8960964       -0.9712840        7.5187559E-02    0.1682579         5.943257    
 ten37                tensio       -0.9064294       -0.9712840        6.4854608E-02     1.000000       -0.9064294       -0.9712840        6.4854608E-02    0.1682579         5.943257    
 ten38                tensio       -0.9173364       -0.9712840        5.3947605E-02     1.000000       -0.9173364       -0.9712840        5.3947605E-02    0.1682579         5.943257    
 ten39                tensio       -0.9282434       -0.9750420        4.6798602E-02     1.000000       -0.9282434       -0.9750420        4.6798602E-02    0.1682579         5.943257    
 ten40                tensio       -0.9380023       -0.9750420        3.7039704E-02     1.000000       -0.9380023       -0.9750420        3.7039704E-02    0.1682579         5.943257    
 ten41                tensio       -0.9477612       -0.9750420        2.7280806E-02     1.000000       -0.9477612       -0.9750420        2.7280806E-02    0.1682579         5.943257    
 ten42                tensio       -0.9552239       -0.9788290        2.3605119E-02     1.000000       -0.9552239       -0.9788290        2.3605119E-02    0.1682579         5.943257    
 ten43                tensio       -0.9632606       -0.9788290        1.5568380E-02     1.000000       -0.9632606       -0.9788290        1.5568380E-02    0.1682579         5.943257    
 ten44                tensio       -0.9712974       -0.9826480        1.1350641E-02     1.000000       -0.9712974       -0.9826480        1.1350641E-02    0.1682579         5.943257    
 ten45                tensio       -0.9799082       -0.9826480        2.7398484E-03     1.000000       -0.9799082       -0.9826480        2.7398484E-03    0.1682579         5.943257    
 ten46                tensio       -0.9862227       -0.9826480       -3.5747325E-03     1.000000       -0.9862227       -0.9826480       -3.5747325E-03    0.1682579         5.943257    
 ten47                tensio       -0.9936854       -0.9864980       -7.1874191E-03     1.000000       -0.9936854       -0.9864980       -7.1874191E-03    0.1682579         5.943257    
 ten48                tensio        -1.000574       -0.9864980       -1.4076053E-02     1.000000        -1.000574       -0.9864980       -1.4076053E-02    0.1682579         5.943257    
 ten49                tensio        -1.006889       -0.9903790       -1.6509634E-02     1.000000        -1.006889       -0.9903790       -1.6509634E-02    0.1682579         5.943257    
 ten50                tensio        -1.013203       -0.9903790       -2.2824215E-02     1.000000        -1.013203       -0.9903790       -2.2824215E-02    0.1682579         5.943257    
 ten51                tensio        -1.020092       -0.9982390       -2.1852848E-02     1.000000        -1.020092       -0.9982390       -2.1852848E-02    0.1682579         5.943257    
 ten52                tensio        -1.025832        -1.006231       -1.9601377E-02     1.000000        -1.025832        -1.006231       -1.9601377E-02    0.1682579         5.943257    
 ten53                tensio        -1.030999        -1.014359       -1.6639852E-02     1.000000        -1.030999        -1.014359       -1.6639852E-02    0.1682579         5.943257    
 ten54                tensio        -1.035591        -1.018475       -1.7116274E-02     1.000000        -1.035591        -1.018475       -1.7116274E-02    0.1682579         5.943257    
 ten55                tensio        -1.039610        -1.026814       -1.2795644E-02     1.000000        -1.039610        -1.026814       -1.2795644E-02    0.1682579         5.943257    
 ten56                tensio        -1.044202        -1.035299       -8.9030666E-03     1.000000        -1.044202        -1.035299       -8.9030666E-03    0.1682579         5.943257    
 ten57                tensio        -1.049943        -1.039597       -1.0345595E-02     1.000000        -1.049943        -1.039597       -1.0345595E-02    0.1682579         5.943257    
 ten58                tensio        -1.052813        -1.048307       -4.5058588E-03     1.000000        -1.052813        -1.048307       -4.5058588E-03    0.1682579         5.943257    
 ten59                tensio        -1.056257        -1.052721       -3.5361757E-03     1.000000        -1.056257        -1.052721       -3.5361757E-03    0.1682579         5.943257    
 ten60                tensio        -1.060850        -1.061668        8.1840184E-04     1.000000        -1.060850        -1.061668        8.1840184E-04    0.1682579         5.943257    
 ten61                tensio        -1.063720        -1.066203        2.4831378E-03     1.000000        -1.063720        -1.066203        2.4831378E-03    0.1682579         5.943257    
 ten62                tensio        -1.068312        -1.075397        7.0847153E-03     1.000000        -1.068312        -1.075397        7.0847153E-03    0.1682579         5.943257    
 ten63                tensio        -1.072331        -1.080057        7.7263456E-03     1.000000        -1.072331        -1.080057        7.7263456E-03    0.1682579         5.943257    
 ten64                tensio        -1.075775        -1.084761        8.9860287E-03     1.000000        -1.075775        -1.084761        8.9860287E-03    0.1682579         5.943257    
 ten65                tensio        -1.078071        -1.089509        1.1437817E-02     1.000000        -1.078071        -1.089509        1.1437817E-02    0.1682579         5.943257    
 ten66                tensio        -1.082090        -1.099140        1.7050448E-02     1.000000        -1.082090        -1.099140        1.7050448E-02    0.1682579         5.943257    
 ten67                tensio        -1.085534        -1.104024        1.8490131E-02     1.000000        -1.085534        -1.104024        1.8490131E-02    0.1682579         5.943257    
 ten68                tensio        -1.088404        -1.108955        2.0550867E-02     1.000000        -1.088404        -1.108955        2.0550867E-02    0.1682579         5.943257    
 ten69                tensio        -1.091274        -1.113933        2.2658603E-02     1.000000        -1.091274        -1.113933        2.2658603E-02    0.1682579         5.943257    
 ten70                tensio        -1.092423        -1.118960        2.6537497E-02     1.000000        -1.092423        -1.118960        2.6537497E-02    0.1682579         5.943257    
 ten71                tensio        -1.097015        -1.124036        2.7021075E-02     1.000000        -1.097015        -1.124036        2.7021075E-02    0.1682579         5.943257    
 ten72                tensio        -1.100459        -1.129161        2.8701758E-02     1.000000        -1.100459        -1.129161        2.8701758E-02    0.1682579         5.943257    
 ten73                tensio        -1.102181        -1.134337        3.2155599E-02     1.000000        -1.102181        -1.134337        3.2155599E-02    0.1682579         5.943257    
 ten74                tensio        -1.105052        -1.139564        3.4512335E-02     1.000000        -1.105052        -1.139564        3.4512335E-02    0.1682579         5.943257    
 ten75                tensio        -1.107348        -1.144844        3.7496124E-02     1.000000        -1.107348        -1.144844        3.7496124E-02    0.1682579         5.943257    
 ten76                tensio        -1.109644        -1.144844        3.5199913E-02     1.000000        -1.109644        -1.144844        3.5199913E-02    0.1682579         5.943257    
 ten77                tensio        -1.113088        -1.150177        3.7088596E-02     1.000000        -1.113088        -1.150177        3.7088596E-02    0.1682579         5.943257    
 ten78                tensio        -1.114237        -1.155563        4.1326490E-02     1.000000        -1.114237        -1.155563        4.1326490E-02    0.1682579         5.943257    
 ten79                tensio        -1.117107        -1.161004        4.3897226E-02     1.000000        -1.117107        -1.161004        4.3897226E-02    0.1682579         5.943257    
 ten80                tensio        -1.120551        -1.166501        4.5949909E-02     1.000000        -1.120551        -1.166501        4.5949909E-02    0.1682579         5.943257    
 ten81                tensio        -1.122847        -1.172055        4.9207698E-02     1.000000        -1.122847        -1.172055        4.9207698E-02    0.1682579         5.943257    
 ten82                tensio        -1.125144        -1.172055        4.6911487E-02     1.000000        -1.125144        -1.172055        4.6911487E-02    0.1682579         5.943257    
 ten83                tensio        -1.128014        -1.177666        4.9652223E-02     1.000000        -1.128014        -1.177666        4.9652223E-02    0.1682579         5.943257    
 ten84                tensio        -1.130310        -1.183336        5.3026011E-02     1.000000        -1.130310        -1.183336        5.3026011E-02    0.1682579         5.943257    
 ten85                tensio        -1.131458        -1.183336        5.1877906E-02     1.000000        -1.131458        -1.183336        5.1877906E-02    0.1682579         5.943257    
 ten86                tensio        -1.135476        -1.189066        5.3589536E-02     1.000000        -1.135476        -1.189066        5.3589536E-02    0.1682579         5.943257    
 ten87                tensio        -1.137199        -1.194855        5.7656378E-02     1.000000        -1.137199        -1.194855        5.7656378E-02    0.1682579         5.943257    
 ten88                tensio        -1.137773        -1.200707        6.2934325E-02     1.000000        -1.137773        -1.200707        6.2934325E-02    0.1682579         5.943257    
 ten89                tensio        -1.139495        -1.200707        6.1212166E-02     1.000000        -1.139495        -1.200707        6.1212166E-02    0.1682579         5.943257    
 ten90                tensio        -1.142939        -1.206621        6.3681850E-02     1.000000        -1.142939        -1.206621        6.3681850E-02    0.1682579         5.943257    
 ten91                tensio        -1.144661        -1.206621        6.1959691E-02     1.000000        -1.144661        -1.206621        6.1959691E-02    0.1682579         5.943257    
 ten92                tensio        -1.146958        -1.212599        6.5641480E-02     1.000000        -1.146958        -1.212599        6.5641480E-02    0.1682579         5.943257    
 ten93                tensio        -1.148106        -1.218642        7.0536374E-02     1.000000        -1.148106        -1.218642        7.0536374E-02    0.1682579         5.943257    
 ten94                tensio        -1.150402        -1.218642        6.8240163E-02     1.000000        -1.150402        -1.218642        6.8240163E-02    0.1682579         5.943257    
 ten95                tensio        -1.157290        -1.224751        6.7460529E-02     1.000000        -1.157290        -1.224751        6.7460529E-02    0.1682579         5.943257    
 ten96                tensio        -1.153846        -1.224751        7.0904846E-02     1.000000        -1.153846        -1.224751        7.0904846E-02    0.1682579         5.943257    
