 Name                 Group          Measured         Modelled         Residual         Weight       Weight*Measured    Weight*Modelled  Weight*Residual  Measurement_sd   Natural_weight
 ten1                 tensio        -1.464409        -1.744195        0.2797863         1.000000        -1.464409        -1.744195        0.2797863        0.1571961         6.361481    
 ten2                 tensio        -1.460964        -1.744195        0.2832306         1.000000        -1.460964        -1.744195        0.2832306        0.1571961         6.361481    
 ten3                 tensio        -1.458668        -1.744195        0.2855268         1.000000        -1.458668        -1.744195        0.2855268        0.1571961         6.361481    
 ten4                 tensio        -1.459816        -1.744195        0.2843787         1.000000        -1.459816        -1.744195        0.2843787        0.1571961         6.361481    
 ten5                 tensio        -1.456946        -1.744195        0.2872490         1.000000        -1.456946        -1.744195        0.2872490        0.1571961         6.361481    
 ten6                 tensio        -1.461538        -1.744195        0.2826565         1.000000        -1.461538        -1.744195        0.2826565        0.1571961         6.361481    
 ten7                 tensio        -1.460390        -1.744195        0.2838046         1.000000        -1.460390        -1.744195        0.2838046        0.1571961         6.361481    
 ten8                 tensio        -1.458668        -1.744195        0.2855268         1.000000        -1.458668        -1.744195        0.2855268        0.1571961         6.361481    
 ten9                 tensio        -1.462113        -1.744195        0.2820825         1.000000        -1.462113        -1.744195        0.2820825        0.1571961         6.361481    
 ten10                tensio        -1.453502        -1.744195        0.2906933         1.000000        -1.453502        -1.744195        0.2906933        0.1571961         6.361481    
 ten11                tensio        -1.454076        -1.744195        0.2901192         1.000000        -1.454076        -1.744195        0.2901192        0.1571961         6.361481    
 ten12                tensio        -1.451780        -1.744195        0.2924154         1.000000        -1.451780        -1.744195        0.2924154        0.1571961         6.361481    
 ten13                tensio        -1.452354        -1.744195        0.2918414         1.000000        -1.452354        -1.744195        0.2918414        0.1571961         6.361481    
 ten14                tensio        -1.458668        -1.744195        0.2855268         1.000000        -1.458668        -1.744195        0.2855268        0.1571961         6.361481    
 ten15                tensio        -1.452354        -1.744195        0.2918414         1.000000        -1.452354        -1.744195        0.2918414        0.1571961         6.361481    
 ten16                tensio        -1.448909        -1.744195        0.2952857         1.000000        -1.448909        -1.744195        0.2952857        0.1571961         6.361481    
 ten17                tensio        -1.449483        -1.744195        0.2947116         1.000000        -1.449483        -1.744195        0.2947116        0.1571961         6.361481    
 ten18                tensio        -1.430540        -1.744195        0.3136554         1.000000        -1.430540        -1.744195        0.3136554        0.1571961         6.361481    
 ten19                tensio        -1.404133        -1.744195        0.3400618         1.000000        -1.404133        -1.744195        0.3400618        0.1571961         6.361481    
 ten20                tensio        -1.320321        -1.744195        0.4238735         1.000000        -1.320321        -1.744195        0.4238735        0.1571961         6.361481    
 ten21                tensio        -1.060276        -1.109108        4.8832455E-02     1.000000        -1.060276        -1.109108        4.8832455E-02    0.1571961         6.361481    
 ten22                tensio       -0.7824340       -0.9767760        0.1943420         1.000000       -0.7824340       -0.9767760        0.1943420        0.1571961         6.361481    
 ten23                tensio       -0.7169920       -0.9203600        0.2033680         1.000000       -0.7169920       -0.9203600        0.2033680        0.1571961         6.361481    
 ten24                tensio       -0.7112514       -0.9168350        0.2055836         1.000000       -0.7112514       -0.9168350        0.2055836        0.1571961         6.361481    
 ten25                tensio       -0.7123995       -0.9168350        0.2044355         1.000000       -0.7123995       -0.9168350        0.2044355        0.1571961         6.361481    
 ten26                tensio       -0.7152698       -0.9168350        0.2015652         1.000000       -0.7152698       -0.9168350        0.2015652        0.1571961         6.361481    
 ten27                tensio       -0.7169920       -0.9203600        0.2033680         1.000000       -0.7169920       -0.9203600        0.2033680        0.1571961         6.361481    
 ten28                tensio       -0.7307692       -0.9203600        0.1895908         1.000000       -0.7307692       -0.9203600        0.1895908        0.1571961         6.361481    
 ten29                tensio       -0.7669346       -0.9203600        0.1534254         1.000000       -0.7669346       -0.9203600        0.1534254        0.1571961         6.361481    
 ten30                tensio       -0.7887486       -0.9239130        0.1351644         1.000000       -0.7887486       -0.9239130        0.1351644        0.1571961         6.361481    
 ten31                tensio       -0.8088404       -0.9239130        0.1150726         1.000000       -0.8088404       -0.9239130        0.1150726        0.1571961         6.361481    
 ten32                tensio       -0.8283582       -0.9239130        9.5554791E-02     1.000000       -0.8283582       -0.9239130        9.5554791E-02    0.1571961         6.361481    
 ten33                tensio       -0.8467279       -0.9274940        8.0766101E-02     1.000000       -0.8467279       -0.9274940        8.0766101E-02    0.1571961         6.361481    
 ten34                tensio       -0.8639495       -0.9274940        6.3544517E-02     1.000000       -0.8639495       -0.9274940        6.3544517E-02    0.1571961         6.361481    
 ten35                tensio       -0.8828932       -0.9274940        4.4600774E-02     1.000000       -0.8828932       -0.9274940        4.4600774E-02    0.1571961         6.361481    
 ten36                tensio       -0.8960964       -0.9311040        3.5007559E-02     1.000000       -0.8960964       -0.9311040        3.5007559E-02    0.1571961         6.361481    
 ten37                tensio       -0.9064294       -0.9311040        2.4674608E-02     1.000000       -0.9064294       -0.9311040        2.4674608E-02    0.1571961         6.361481    
 ten38                tensio       -0.9173364       -0.9311040        1.3767605E-02     1.000000       -0.9173364       -0.9311040        1.3767605E-02    0.1571961         6.361481    
 ten39                tensio       -0.9282434       -0.9347420        6.4986016E-03     1.000000       -0.9282434       -0.9347420        6.4986016E-03    0.1571961         6.361481    
 ten40                tensio       -0.9380023       -0.9347420       -3.2602962E-03     1.000000       -0.9380023       -0.9347420       -3.2602962E-03    0.1571961         6.361481    
 ten41                tensio       -0.9477612       -0.9347420       -1.3019194E-02     1.000000       -0.9477612       -0.9347420       -1.3019194E-02    0.1571961         6.361481    
 ten42                tensio       -0.9552239       -0.9384090       -1.6814881E-02     1.000000       -0.9552239       -0.9384090       -1.6814881E-02    0.1571961         6.361481    
 ten43                tensio       -0.9632606       -0.9384090       -2.4851620E-02     1.000000       -0.9632606       -0.9384090       -2.4851620E-02    0.1571961         6.361481    
 ten44                tensio       -0.9712974       -0.9421060       -2.9191359E-02     1.000000       -0.9712974       -0.9421060       -2.9191359E-02    0.1571961         6.361481    
 ten45                tensio       -0.9799082       -0.9421060       -3.7802152E-02     1.000000       -0.9799082       -0.9421060       -3.7802152E-02    0.1571961         6.361481    
 ten46                tensio       -0.9862227       -0.9421060       -4.4116732E-02     1.000000       -0.9862227       -0.9421060       -4.4116732E-02    0.1571961         6.361481    
 ten47                tensio       -0.9936854       -0.9458330       -4.7852419E-02     1.000000       -0.9936854       -0.9458330       -4.7852419E-02    0.1571961         6.361481    
 ten48                tensio        -1.000574       -0.9458330       -5.4741053E-02     1.000000        -1.000574       -0.9458330       -5.4741053E-02    0.1571961         6.361481    
 ten49                tensio        -1.006889       -0.9495900       -5.7298634E-02     1.000000        -1.006889       -0.9495900       -5.7298634E-02    0.1571961         6.361481    
 ten50                tensio        -1.013203       -0.9495900       -6.3613215E-02     1.000000        -1.013203       -0.9495900       -6.3613215E-02    0.1571961         6.361481    
 ten51                tensio        -1.020092       -0.9533780       -6.6713848E-02     1.000000        -1.020092       -0.9533780       -6.6713848E-02    0.1571961         6.361481    
 ten52                tensio        -1.025832       -0.9610480       -6.4784377E-02     1.000000        -1.025832       -0.9610480       -6.4784377E-02    0.1571961         6.361481    
 ten53                tensio        -1.030999       -0.9688460       -6.2152852E-02     1.000000        -1.030999       -0.9688460       -6.2152852E-02    0.1571961         6.361481    
 ten54                tensio        -1.035591       -0.9767760       -5.8815274E-02     1.000000        -1.035591       -0.9767760       -5.8815274E-02    0.1571961         6.361481    
 ten55                tensio        -1.039610       -0.9848410       -5.4768644E-02     1.000000        -1.039610       -0.9848410       -5.4768644E-02    0.1571961         6.361481    
 ten56                tensio        -1.044202       -0.9930440       -5.1158067E-02     1.000000        -1.044202       -0.9930440       -5.1158067E-02    0.1571961         6.361481    
 ten57                tensio        -1.049943       -0.9972000       -5.2742595E-02     1.000000        -1.049943       -0.9972000       -5.2742595E-02    0.1571961         6.361481    
 ten58                tensio        -1.052813        -1.005619       -4.7193859E-02     1.000000        -1.052813        -1.005619       -4.7193859E-02    0.1571961         6.361481    
 ten59                tensio        -1.056257        -1.014188       -4.2069176E-02     1.000000        -1.056257        -1.014188       -4.2069176E-02    0.1571961         6.361481    
 ten60                tensio        -1.060850        -1.018529       -4.2320598E-02     1.000000        -1.060850        -1.018529       -4.2320598E-02    0.1571961         6.361481    
 ten61                tensio        -1.063720        -1.022909       -4.0810862E-02     1.000000        -1.063720        -1.022909       -4.0810862E-02    0.1571961         6.361481    
 ten62                tensio        -1.068312        -1.031789       -3.6523285E-02     1.000000        -1.068312        -1.031789       -3.6523285E-02    0.1571961         6.361481    
 ten63                tensio        -1.072331        -1.036289       -3.6041654E-02     1.000000        -1.072331        -1.036289       -3.6041654E-02    0.1571961         6.361481    
 ten64                tensio        -1.075775        -1.040831       -3.4943971E-02     1.000000        -1.075775        -1.040831       -3.4943971E-02    0.1571961         6.361481    
 ten65                tensio        -1.078071        -1.050041       -2.8030183E-02     1.000000        -1.078071        -1.050041       -2.8030183E-02    0.1571961         6.361481    
 ten66                tensio        -1.082090        -1.054710       -2.7379552E-02     1.000000        -1.082090        -1.054710       -2.7379552E-02    0.1571961         6.361481    
 ten67                tensio        -1.085534        -1.059422       -2.6111869E-02     1.000000        -1.085534        -1.059422       -2.6111869E-02    0.1571961         6.361481    
 ten68                tensio        -1.088404        -1.064179       -2.4225133E-02     1.000000        -1.088404        -1.064179       -2.4225133E-02    0.1571961         6.361481    
 ten69                tensio        -1.091274        -1.068982       -2.2292397E-02     1.000000        -1.091274        -1.068982       -2.2292397E-02    0.1571961         6.361481    
 ten70                tensio        -1.092423        -1.073830       -1.8592503E-02     1.000000        -1.092423        -1.073830       -1.8592503E-02    0.1571961         6.361481    
 ten71                tensio        -1.097015        -1.078724       -1.8290925E-02     1.000000        -1.097015        -1.078724       -1.8290925E-02    0.1571961         6.361481    
 ten72                tensio        -1.100459        -1.083666       -1.6793242E-02     1.000000        -1.100459        -1.083666       -1.6793242E-02    0.1571961         6.361481    
 ten73                tensio        -1.102181        -1.088655       -1.3526401E-02     1.000000        -1.102181        -1.088655       -1.3526401E-02    0.1571961         6.361481    
 ten74                tensio        -1.105052        -1.093693       -1.1358665E-02     1.000000        -1.105052        -1.093693       -1.1358665E-02    0.1571961         6.361481    
 ten75                tensio        -1.107348        -1.098781       -8.5668760E-03     1.000000        -1.107348        -1.098781       -8.5668760E-03    0.1571961         6.361481    
 ten76                tensio        -1.109644        -1.103919       -5.7250873E-03     1.000000        -1.109644        -1.103919       -5.7250873E-03    0.1571961         6.361481    
 ten77                tensio        -1.113088        -1.109108       -3.9804041E-03     1.000000        -1.113088        -1.109108       -3.9804041E-03    0.1571961         6.361481    
 ten78                tensio        -1.114237        -1.114349        1.1249024E-04     1.000000        -1.114237        -1.114349        1.1249024E-04    0.1571961         6.361481    
 ten79                tensio        -1.117107        -1.114349       -2.7577738E-03     1.000000        -1.117107        -1.114349       -2.7577738E-03    0.1571961         6.361481    
 ten80                tensio        -1.120551        -1.119642       -9.0909070E-04     1.000000        -1.120551        -1.119642       -9.0909070E-04    0.1571961         6.361481    
 ten81                tensio        -1.122847        -1.124989        2.1416980E-03     1.000000        -1.122847        -1.124989        2.1416980E-03    0.1571961         6.361481    
 ten82                tensio        -1.125144        -1.130390        5.2464868E-03     1.000000        -1.125144        -1.130390        5.2464868E-03    0.1571961         6.361481    
 ten83                tensio        -1.128014        -1.135847        7.8332227E-03     1.000000        -1.128014        -1.135847        7.8332227E-03    0.1571961         6.361481    
 ten84                tensio        -1.130310        -1.135847        5.5370115E-03     1.000000        -1.130310        -1.135847        5.5370115E-03    0.1571961         6.361481    
 ten85                tensio        -1.131458        -1.141360        9.9019059E-03     1.000000        -1.131458        -1.141360        9.9019059E-03    0.1571961         6.361481    
 ten86                tensio        -1.135476        -1.146930        1.1453536E-02     1.000000        -1.135476        -1.146930        1.1453536E-02    0.1571961         6.361481    
 ten87                tensio        -1.137199        -1.146930        9.7313777E-03     1.000000        -1.137199        -1.146930        9.7313777E-03    0.1571961         6.361481    
 ten88                tensio        -1.137773        -1.152558        1.4785325E-02     1.000000        -1.137773        -1.152558        1.4785325E-02    0.1571961         6.361481    
 ten89                tensio        -1.139495        -1.158245        1.8750166E-02     1.000000        -1.139495        -1.158245        1.8750166E-02    0.1571961         6.361481    
 ten90                tensio        -1.142939        -1.158245        1.5305850E-02     1.000000        -1.142939        -1.158245        1.5305850E-02    0.1571961         6.361481    
 ten91                tensio        -1.144661        -1.163993        1.9331691E-02     1.000000        -1.144661        -1.163993        1.9331691E-02    0.1571961         6.361481    
 ten92                tensio        -1.146958        -1.169801        2.2843480E-02     1.000000        -1.146958        -1.169801        2.2843480E-02    0.1571961         6.361481    
 ten93                tensio        -1.148106        -1.169801        2.1695374E-02     1.000000        -1.148106        -1.169801        2.1695374E-02    0.1571961         6.361481    
 ten94                tensio        -1.150402        -1.175671        2.5269163E-02     1.000000        -1.150402        -1.175671        2.5269163E-02    0.1571961         6.361481    
 ten95                tensio        -1.157290        -1.181605        2.4314529E-02     1.000000        -1.157290        -1.181605        2.4314529E-02    0.1571961         6.361481    
 ten96                tensio        -1.153846        -1.181605        2.7758846E-02     1.000000        -1.153846        -1.181605        2.7758846E-02    0.1571961         6.361481    
