 Name                 Group          Measured         Modelled         Residual         Weight       Weight*Measured    Weight*Modelled  Weight*Residual  Measurement_sd   Natural_weight
 ten1                 tensio        -1.464409        -1.744437        0.2800283         1.000000        -1.464409        -1.744437        0.2800283        0.1572706         6.358469    
 ten2                 tensio        -1.460964        -1.744437        0.2834726         1.000000        -1.460964        -1.744437        0.2834726        0.1572706         6.358469    
 ten3                 tensio        -1.458668        -1.744437        0.2857688         1.000000        -1.458668        -1.744437        0.2857688        0.1572706         6.358469    
 ten4                 tensio        -1.459816        -1.744437        0.2846207         1.000000        -1.459816        -1.744437        0.2846207        0.1572706         6.358469    
 ten5                 tensio        -1.456946        -1.744437        0.2874910         1.000000        -1.456946        -1.744437        0.2874910        0.1572706         6.358469    
 ten6                 tensio        -1.461538        -1.744437        0.2828985         1.000000        -1.461538        -1.744437        0.2828985        0.1572706         6.358469    
 ten7                 tensio        -1.460390        -1.744437        0.2840466         1.000000        -1.460390        -1.744437        0.2840466        0.1572706         6.358469    
 ten8                 tensio        -1.458668        -1.744437        0.2857688         1.000000        -1.458668        -1.744437        0.2857688        0.1572706         6.358469    
 ten9                 tensio        -1.462113        -1.744437        0.2823245         1.000000        -1.462113        -1.744437        0.2823245        0.1572706         6.358469    
 ten10                tensio        -1.453502        -1.744437        0.2909353         1.000000        -1.453502        -1.744437        0.2909353        0.1572706         6.358469    
 ten11                tensio        -1.454076        -1.744437        0.2903612         1.000000        -1.454076        -1.744437        0.2903612        0.1572706         6.358469    
 ten12                tensio        -1.451780        -1.744437        0.2926574         1.000000        -1.451780        -1.744437        0.2926574        0.1572706         6.358469    
 ten13                tensio        -1.452354        -1.744437        0.2920834         1.000000        -1.452354        -1.744437        0.2920834        0.1572706         6.358469    
 ten14                tensio        -1.458668        -1.744437        0.2857688         1.000000        -1.458668        -1.744437        0.2857688        0.1572706         6.358469    
 ten15                tensio        -1.452354        -1.744437        0.2920834         1.000000        -1.452354        -1.744437        0.2920834        0.1572706         6.358469    
 ten16                tensio        -1.448909        -1.744437        0.2955277         1.000000        -1.448909        -1.744437        0.2955277        0.1572706         6.358469    
 ten17                tensio        -1.449483        -1.744437        0.2949536         1.000000        -1.449483        -1.744437        0.2949536        0.1572706         6.358469    
 ten18                tensio        -1.430540        -1.744437        0.3138974         1.000000        -1.430540        -1.744437        0.3138974        0.1572706         6.358469    
 ten19                tensio        -1.404133        -1.744437        0.3403038         1.000000        -1.404133        -1.744437        0.3403038        0.1572706         6.358469    
 ten20                tensio        -1.320321        -1.744437        0.4241155         1.000000        -1.320321        -1.744437        0.4241155        0.1572706         6.358469    
 ten21                tensio        -1.060276        -1.108718        4.8442455E-02     1.000000        -1.060276        -1.108718        4.8442455E-02    0.1572706         6.358469    
 ten22                tensio       -0.7824340       -0.9763020        0.1938680         1.000000       -0.7824340       -0.9763020        0.1938680        0.1572706         6.358469    
 ten23                tensio       -0.7169920       -0.9198570        0.2028650         1.000000       -0.7169920       -0.9198570        0.2028650        0.1572706         6.358469    
 ten24                tensio       -0.7112514       -0.9163300        0.2050786         1.000000       -0.7112514       -0.9163300        0.2050786        0.1572706         6.358469    
 ten25                tensio       -0.7123995       -0.9163300        0.2039305         1.000000       -0.7123995       -0.9163300        0.2039305        0.1572706         6.358469    
 ten26                tensio       -0.7152698       -0.9163300        0.2010602         1.000000       -0.7152698       -0.9163300        0.2010602        0.1572706         6.358469    
 ten27                tensio       -0.7169920       -0.9198570        0.2028650         1.000000       -0.7169920       -0.9198570        0.2028650        0.1572706         6.358469    
 ten28                tensio       -0.7307692       -0.9198570        0.1890878         1.000000       -0.7307692       -0.9198570        0.1890878        0.1572706         6.358469    
 ten29                tensio       -0.7669346       -0.9198570        0.1529224         1.000000       -0.7669346       -0.9198570        0.1529224        0.1572706         6.358469    
 ten30                tensio       -0.7887486       -0.9234110        0.1346624         1.000000       -0.7887486       -0.9234110        0.1346624        0.1572706         6.358469    
 ten31                tensio       -0.8088404       -0.9234110        0.1145706         1.000000       -0.8088404       -0.9234110        0.1145706        0.1572706         6.358469    
 ten32                tensio       -0.8283582       -0.9234110        9.5052791E-02     1.000000       -0.8283582       -0.9234110        9.5052791E-02    0.1572706         6.358469    
 ten33                tensio       -0.8467279       -0.9269940        8.0266101E-02     1.000000       -0.8467279       -0.9269940        8.0266101E-02    0.1572706         6.358469    
 ten34                tensio       -0.8639495       -0.9269940        6.3044517E-02     1.000000       -0.8639495       -0.9269940        6.3044517E-02    0.1572706         6.358469    
 ten35                tensio       -0.8828932       -0.9269940        4.4100774E-02     1.000000       -0.8828932       -0.9269940        4.4100774E-02    0.1572706         6.358469    
 ten36                tensio       -0.8960964       -0.9306050        3.4508559E-02     1.000000       -0.8960964       -0.9306050        3.4508559E-02    0.1572706         6.358469    
 ten37                tensio       -0.9064294       -0.9306050        2.4175608E-02     1.000000       -0.9064294       -0.9306050        2.4175608E-02    0.1572706         6.358469    
 ten38                tensio       -0.9173364       -0.9306050        1.3268605E-02     1.000000       -0.9173364       -0.9306050        1.3268605E-02    0.1572706         6.358469    
 ten39                tensio       -0.9282434       -0.9342450        6.0016016E-03     1.000000       -0.9282434       -0.9342450        6.0016016E-03    0.1572706         6.358469    
 ten40                tensio       -0.9380023       -0.9342450       -3.7572962E-03     1.000000       -0.9380023       -0.9342450       -3.7572962E-03    0.1572706         6.358469    
 ten41                tensio       -0.9477612       -0.9342450       -1.3516194E-02     1.000000       -0.9477612       -0.9342450       -1.3516194E-02    0.1572706         6.358469    
 ten42                tensio       -0.9552239       -0.9379150       -1.7308881E-02     1.000000       -0.9552239       -0.9379150       -1.7308881E-02    0.1572706         6.358469    
 ten43                tensio       -0.9632606       -0.9379150       -2.5345620E-02     1.000000       -0.9632606       -0.9379150       -2.5345620E-02    0.1572706         6.358469    
 ten44                tensio       -0.9712974       -0.9416140       -2.9683359E-02     1.000000       -0.9712974       -0.9416140       -2.9683359E-02    0.1572706         6.358469    
 ten45                tensio       -0.9799082       -0.9416140       -3.8294152E-02     1.000000       -0.9799082       -0.9416140       -3.8294152E-02    0.1572706         6.358469    
 ten46                tensio       -0.9862227       -0.9416140       -4.4608732E-02     1.000000       -0.9862227       -0.9416140       -4.4608732E-02    0.1572706         6.358469    
 ten47                tensio       -0.9936854       -0.9453420       -4.8343419E-02     1.000000       -0.9936854       -0.9453420       -4.8343419E-02    0.1572706         6.358469    
 ten48                tensio        -1.000574       -0.9453420       -5.5232053E-02     1.000000        -1.000574       -0.9453420       -5.5232053E-02    0.1572706         6.358469    
 ten49                tensio        -1.006889       -0.9491020       -5.7786634E-02     1.000000        -1.006889       -0.9491020       -5.7786634E-02    0.1572706         6.358469    
 ten50                tensio        -1.013203       -0.9491020       -6.4101215E-02     1.000000        -1.013203       -0.9491020       -6.4101215E-02    0.1572706         6.358469    
 ten51                tensio        -1.020092       -0.9528920       -6.7199848E-02     1.000000        -1.020092       -0.9528920       -6.7199848E-02    0.1572706         6.358469    
 ten52                tensio        -1.025832       -0.9605660       -6.5266377E-02     1.000000        -1.025832       -0.9605660       -6.5266377E-02    0.1572706         6.358469    
 ten53                tensio        -1.030999       -0.9683680       -6.2630852E-02     1.000000        -1.030999       -0.9683680       -6.2630852E-02    0.1572706         6.358469    
 ten54                tensio        -1.035591       -0.9763020       -5.9289274E-02     1.000000        -1.035591       -0.9763020       -5.9289274E-02    0.1572706         6.358469    
 ten55                tensio        -1.039610       -0.9843710       -5.5238644E-02     1.000000        -1.039610       -0.9843710       -5.5238644E-02    0.1572706         6.358469    
 ten56                tensio        -1.044202       -0.9925800       -5.1622067E-02     1.000000        -1.044202       -0.9925800       -5.1622067E-02    0.1572706         6.358469    
 ten57                tensio        -1.049943       -0.9967370       -5.3205595E-02     1.000000        -1.049943       -0.9967370       -5.3205595E-02    0.1572706         6.358469    
 ten58                tensio        -1.052813        -1.005162       -4.7650859E-02     1.000000        -1.052813        -1.005162       -4.7650859E-02    0.1572706         6.358469    
 ten59                tensio        -1.056257        -1.009430       -4.6827176E-02     1.000000        -1.056257        -1.009430       -4.6827176E-02    0.1572706         6.358469    
 ten60                tensio        -1.060850        -1.018080       -4.2769598E-02     1.000000        -1.060850        -1.018080       -4.2769598E-02    0.1572706         6.358469    
 ten61                tensio        -1.063720        -1.022463       -4.1256862E-02     1.000000        -1.063720        -1.022463       -4.1256862E-02    0.1572706         6.358469    
 ten62                tensio        -1.068312        -1.031348       -3.6964285E-02     1.000000        -1.068312        -1.031348       -3.6964285E-02    0.1572706         6.358469    
 ten63                tensio        -1.072331        -1.035851       -3.6479654E-02     1.000000        -1.072331        -1.035851       -3.6479654E-02    0.1572706         6.358469    
 ten64                tensio        -1.075775        -1.040396       -3.5378971E-02     1.000000        -1.075775        -1.040396       -3.5378971E-02    0.1572706         6.358469    
 ten65                tensio        -1.078071        -1.044982       -3.3089183E-02     1.000000        -1.078071        -1.044982       -3.3089183E-02    0.1572706         6.358469    
 ten66                tensio        -1.082090        -1.054283       -2.7806552E-02     1.000000        -1.082090        -1.054283       -2.7806552E-02    0.1572706         6.358469    
 ten67                tensio        -1.085534        -1.058999       -2.6534869E-02     1.000000        -1.085534        -1.058999       -2.6534869E-02    0.1572706         6.358469    
 ten68                tensio        -1.088404        -1.063759       -2.4645133E-02     1.000000        -1.088404        -1.063759       -2.4645133E-02    0.1572706         6.358469    
 ten69                tensio        -1.091274        -1.068564       -2.2710397E-02     1.000000        -1.091274        -1.068564       -2.2710397E-02    0.1572706         6.358469    
 ten70                tensio        -1.092423        -1.073416       -1.9006503E-02     1.000000        -1.092423        -1.073416       -1.9006503E-02    0.1572706         6.358469    
 ten71                tensio        -1.097015        -1.078313       -1.8701925E-02     1.000000        -1.097015        -1.078313       -1.8701925E-02    0.1572706         6.358469    
 ten72                tensio        -1.100459        -1.083258       -1.7201242E-02     1.000000        -1.100459        -1.083258       -1.7201242E-02    0.1572706         6.358469    
 ten73                tensio        -1.102181        -1.088251       -1.3930401E-02     1.000000        -1.102181        -1.088251       -1.3930401E-02    0.1572706         6.358469    
 ten74                tensio        -1.105052        -1.093293       -1.1758665E-02     1.000000        -1.105052        -1.093293       -1.1758665E-02    0.1572706         6.358469    
 ten75                tensio        -1.107348        -1.098384       -8.9638760E-03     1.000000        -1.107348        -1.098384       -8.9638760E-03    0.1572706         6.358469    
 ten76                tensio        -1.109644        -1.103526       -6.1180873E-03     1.000000        -1.109644        -1.103526       -6.1180873E-03    0.1572706         6.358469    
 ten77                tensio        -1.113088        -1.108718       -4.3704041E-03     1.000000        -1.113088        -1.108718       -4.3704041E-03    0.1572706         6.358469    
 ten78                tensio        -1.114237        -1.113963       -2.7350976E-04     1.000000        -1.114237        -1.113963       -2.7350976E-04    0.1572706         6.358469    
 ten79                tensio        -1.117107        -1.113963       -3.1437738E-03     1.000000        -1.117107        -1.113963       -3.1437738E-03    0.1572706         6.358469    
 ten80                tensio        -1.120551        -1.119260       -1.2910907E-03     1.000000        -1.120551        -1.119260       -1.2910907E-03    0.1572706         6.358469    
 ten81                tensio        -1.122847        -1.124611        1.7636980E-03     1.000000        -1.122847        -1.124611        1.7636980E-03    0.1572706         6.358469    
 ten82                tensio        -1.125144        -1.130016        4.8724868E-03     1.000000        -1.125144        -1.130016        4.8724868E-03    0.1572706         6.358469    
 ten83                tensio        -1.128014        -1.130016        2.0022227E-03     1.000000        -1.128014        -1.130016        2.0022227E-03    0.1572706         6.358469    
 ten84                tensio        -1.130310        -1.135477        5.1670115E-03     1.000000        -1.130310        -1.135477        5.1670115E-03    0.1572706         6.358469    
 ten85                tensio        -1.131458        -1.140994        9.5359059E-03     1.000000        -1.131458        -1.140994        9.5359059E-03    0.1572706         6.358469    
 ten86                tensio        -1.135476        -1.146568        1.1091536E-02     1.000000        -1.135476        -1.146568        1.1091536E-02    0.1572706         6.358469    
 ten87                tensio        -1.137199        -1.146568        9.3693777E-03     1.000000        -1.137199        -1.146568        9.3693777E-03    0.1572706         6.358469    
 ten88                tensio        -1.137773        -1.152200        1.4427325E-02     1.000000        -1.137773        -1.152200        1.4427325E-02    0.1572706         6.358469    
 ten89                tensio        -1.139495        -1.157892        1.8397166E-02     1.000000        -1.139495        -1.157892        1.8397166E-02    0.1572706         6.358469    
 ten90                tensio        -1.142939        -1.157892        1.4952850E-02     1.000000        -1.142939        -1.157892        1.4952850E-02    0.1572706         6.358469    
 ten91                tensio        -1.144661        -1.163644        1.8982691E-02     1.000000        -1.144661        -1.163644        1.8982691E-02    0.1572706         6.358469    
 ten92                tensio        -1.146958        -1.169456        2.2498480E-02     1.000000        -1.146958        -1.169456        2.2498480E-02    0.1572706         6.358469    
 ten93                tensio        -1.148106        -1.169456        2.1350374E-02     1.000000        -1.148106        -1.169456        2.1350374E-02    0.1572706         6.358469    
 ten94                tensio        -1.150402        -1.175331        2.4929163E-02     1.000000        -1.150402        -1.175331        2.4929163E-02    0.1572706         6.358469    
 ten95                tensio        -1.157290        -1.175331        1.8040529E-02     1.000000        -1.157290        -1.175331        1.8040529E-02    0.1572706         6.358469    
 ten96                tensio        -1.153846        -1.181270        2.7423846E-02     1.000000        -1.153846        -1.181270        2.7423846E-02    0.1572706         6.358469    
