 Name                 Group          Measured         Modelled         Residual         Weight       Weight*Measured    Weight*Modelled  Weight*Residual  Measurement_sd   Natural_weight
 ten1                 tensio        -1.464409        -1.740453        0.2760443         1.000000        -1.464409        -1.740453        0.2760443        0.1593347         6.276097    
 ten2                 tensio        -1.460964        -1.740453        0.2794886         1.000000        -1.460964        -1.740453        0.2794886        0.1593347         6.276097    
 ten3                 tensio        -1.458668        -1.740453        0.2817848         1.000000        -1.458668        -1.740453        0.2817848        0.1593347         6.276097    
 ten4                 tensio        -1.459816        -1.740453        0.2806367         1.000000        -1.459816        -1.740453        0.2806367        0.1593347         6.276097    
 ten5                 tensio        -1.456946        -1.740453        0.2835070         1.000000        -1.456946        -1.740453        0.2835070        0.1593347         6.276097    
 ten6                 tensio        -1.461538        -1.740453        0.2789145         1.000000        -1.461538        -1.740453        0.2789145        0.1593347         6.276097    
 ten7                 tensio        -1.460390        -1.740453        0.2800626         1.000000        -1.460390        -1.740453        0.2800626        0.1593347         6.276097    
 ten8                 tensio        -1.458668        -1.740453        0.2817848         1.000000        -1.458668        -1.740453        0.2817848        0.1593347         6.276097    
 ten9                 tensio        -1.462113        -1.740453        0.2783405         1.000000        -1.462113        -1.740453        0.2783405        0.1593347         6.276097    
 ten10                tensio        -1.453502        -1.740453        0.2869513         1.000000        -1.453502        -1.740453        0.2869513        0.1593347         6.276097    
 ten11                tensio        -1.454076        -1.740453        0.2863772         1.000000        -1.454076        -1.740453        0.2863772        0.1593347         6.276097    
 ten12                tensio        -1.451780        -1.740453        0.2886734         1.000000        -1.451780        -1.740453        0.2886734        0.1593347         6.276097    
 ten13                tensio        -1.452354        -1.740453        0.2880994         1.000000        -1.452354        -1.740453        0.2880994        0.1593347         6.276097    
 ten14                tensio        -1.458668        -1.740453        0.2817848         1.000000        -1.458668        -1.740453        0.2817848        0.1593347         6.276097    
 ten15                tensio        -1.452354        -1.740453        0.2880994         1.000000        -1.452354        -1.740453        0.2880994        0.1593347         6.276097    
 ten16                tensio        -1.448909        -1.740453        0.2915437         1.000000        -1.448909        -1.740453        0.2915437        0.1593347         6.276097    
 ten17                tensio        -1.449483        -1.740453        0.2909696         1.000000        -1.449483        -1.740453        0.2909696        0.1593347         6.276097    
 ten18                tensio        -1.430540        -1.740453        0.3099134         1.000000        -1.430540        -1.740453        0.3099134        0.1593347         6.276097    
 ten19                tensio        -1.404133        -1.740453        0.3363198         1.000000        -1.404133        -1.740453        0.3363198        0.1593347         6.276097    
 ten20                tensio        -1.320321        -1.740453        0.4201315         1.000000        -1.320321        -1.740453        0.4201315        0.1593347         6.276097    
 ten21                tensio        -1.060276        -1.112924        5.2648455E-02     1.000000        -1.060276        -1.112924        5.2648455E-02    0.1593347         6.276097    
 ten22                tensio       -0.7824340       -0.9993940        0.2169600         1.000000       -0.7824340       -0.9993940        0.2169600        0.1593347         6.276097    
 ten23                tensio       -0.7169920       -0.9421890        0.2251970         1.000000       -0.7169920       -0.9421890        0.2251970        0.1593347         6.276097    
 ten24                tensio       -0.7112514       -0.9421890        0.2309376         1.000000       -0.7112514       -0.9421890        0.2309376        0.1593347         6.276097    
 ten25                tensio       -0.7123995       -0.9421890        0.2297895         1.000000       -0.7123995       -0.9421890        0.2297895        0.1593347         6.276097    
 ten26                tensio       -0.7152698       -0.9421890        0.2269192         1.000000       -0.7152698       -0.9421890        0.2269192        0.1593347         6.276097    
 ten27                tensio       -0.7169920       -0.9457910        0.2287990         1.000000       -0.7169920       -0.9457910        0.2287990        0.1593347         6.276097    
 ten28                tensio       -0.7307692       -0.9457910        0.2150218         1.000000       -0.7307692       -0.9457910        0.2150218        0.1593347         6.276097    
 ten29                tensio       -0.7669346       -0.9457910        0.1788564         1.000000       -0.7669346       -0.9457910        0.1788564        0.1593347         6.276097    
 ten30                tensio       -0.7887486       -0.9494210        0.1606724         1.000000       -0.7887486       -0.9494210        0.1606724        0.1593347         6.276097    
 ten31                tensio       -0.8088404       -0.9494210        0.1405806         1.000000       -0.8088404       -0.9494210        0.1405806        0.1593347         6.276097    
 ten32                tensio       -0.8283582       -0.9494210        0.1210628         1.000000       -0.8283582       -0.9494210        0.1210628        0.1593347         6.276097    
 ten33                tensio       -0.8467279       -0.9530810        0.1063531         1.000000       -0.8467279       -0.9530810        0.1063531        0.1593347         6.276097    
 ten34                tensio       -0.8639495       -0.9530810        8.9131517E-02     1.000000       -0.8639495       -0.9530810        8.9131517E-02    0.1593347         6.276097    
 ten35                tensio       -0.8828932       -0.9530810        7.0187774E-02     1.000000       -0.8828932       -0.9530810        7.0187774E-02    0.1593347         6.276097    
 ten36                tensio       -0.8960964       -0.9567700        6.0673559E-02     1.000000       -0.8960964       -0.9567700        6.0673559E-02    0.1593347         6.276097    
 ten37                tensio       -0.9064294       -0.9567700        5.0340608E-02     1.000000       -0.9064294       -0.9567700        5.0340608E-02    0.1593347         6.276097    
 ten38                tensio       -0.9173364       -0.9567700        3.9433605E-02     1.000000       -0.9173364       -0.9567700        3.9433605E-02    0.1593347         6.276097    
 ten39                tensio       -0.9282434       -0.9604880        3.2244602E-02     1.000000       -0.9282434       -0.9604880        3.2244602E-02    0.1593347         6.276097    
 ten40                tensio       -0.9380023       -0.9604880        2.2485704E-02     1.000000       -0.9380023       -0.9604880        2.2485704E-02    0.1593347         6.276097    
 ten41                tensio       -0.9477612       -0.9604880        1.2726806E-02     1.000000       -0.9477612       -0.9604880        1.2726806E-02    0.1593347         6.276097    
 ten42                tensio       -0.9552239       -0.9642360        9.0121194E-03     1.000000       -0.9552239       -0.9642360        9.0121194E-03    0.1593347         6.276097    
 ten43                tensio       -0.9632606       -0.9642360        9.7538002E-04     1.000000       -0.9632606       -0.9642360        9.7538002E-04    0.1593347         6.276097    
 ten44                tensio       -0.9712974       -0.9680150       -3.2823594E-03     1.000000       -0.9712974       -0.9680150       -3.2823594E-03    0.1593347         6.276097    
 ten45                tensio       -0.9799082       -0.9680150       -1.1893152E-02     1.000000       -0.9799082       -0.9680150       -1.1893152E-02    0.1593347         6.276097    
 ten46                tensio       -0.9862227       -0.9680150       -1.8207732E-02     1.000000       -0.9862227       -0.9680150       -1.8207732E-02    0.1593347         6.276097    
 ten47                tensio       -0.9936854       -0.9718250       -2.1860419E-02     1.000000       -0.9936854       -0.9718250       -2.1860419E-02    0.1593347         6.276097    
 ten48                tensio        -1.000574       -0.9718250       -2.8749053E-02     1.000000        -1.000574       -0.9718250       -2.8749053E-02    0.1593347         6.276097    
 ten49                tensio        -1.006889       -0.9756660       -3.1222634E-02     1.000000        -1.006889       -0.9756660       -3.1222634E-02    0.1593347         6.276097    
 ten50                tensio        -1.013203       -0.9756660       -3.7537215E-02     1.000000        -1.013203       -0.9756660       -3.7537215E-02    0.1593347         6.276097    
 ten51                tensio        -1.020092       -0.9795390       -4.0552848E-02     1.000000        -1.020092       -0.9795390       -4.0552848E-02    0.1593347         6.276097    
 ten52                tensio        -1.025832       -0.9873810       -3.8451377E-02     1.000000        -1.025832       -0.9873810       -3.8451377E-02    0.1593347         6.276097    
 ten53                tensio        -1.030999       -0.9953560       -3.5642852E-02     1.000000        -1.030999       -0.9953560       -3.5642852E-02    0.1593347         6.276097    
 ten54                tensio        -1.035591        -1.003466       -3.2125274E-02     1.000000        -1.035591        -1.003466       -3.2125274E-02    0.1593347         6.276097    
 ten55                tensio        -1.039610        -1.011716       -2.7893644E-02     1.000000        -1.039610        -1.011716       -2.7893644E-02    0.1593347         6.276097    
 ten56                tensio        -1.044202        -1.020109       -2.4093067E-02     1.000000        -1.044202        -1.020109       -2.4093067E-02    0.1593347         6.276097    
 ten57                tensio        -1.049943        -1.024361       -2.5581595E-02     1.000000        -1.049943        -1.024361       -2.5581595E-02    0.1593347         6.276097    
 ten58                tensio        -1.052813        -1.032978       -1.9834859E-02     1.000000        -1.052813        -1.032978       -1.9834859E-02    0.1593347         6.276097    
 ten59                tensio        -1.056257        -1.037343       -1.8914176E-02     1.000000        -1.056257        -1.037343       -1.8914176E-02    0.1593347         6.276097    
 ten60                tensio        -1.060850        -1.046192       -1.4657598E-02     1.000000        -1.060850        -1.046192       -1.4657598E-02    0.1593347         6.276097    
 ten61                tensio        -1.063720        -1.050677       -1.3042862E-02     1.000000        -1.063720        -1.050677       -1.3042862E-02    0.1593347         6.276097    
 ten62                tensio        -1.068312        -1.059769       -8.5432847E-03     1.000000        -1.068312        -1.059769       -8.5432847E-03    0.1593347         6.276097    
 ten63                tensio        -1.072331        -1.064378       -7.9526544E-03     1.000000        -1.072331        -1.064378       -7.9526544E-03    0.1593347         6.276097    
 ten64                tensio        -1.075775        -1.069030       -6.7449713E-03     1.000000        -1.075775        -1.069030       -6.7449713E-03    0.1593347         6.276097    
 ten65                tensio        -1.078071        -1.073724       -4.3471826E-03     1.000000        -1.078071        -1.073724       -4.3471826E-03    0.1593347         6.276097    
 ten66                tensio        -1.082090        -1.083247        1.1574478E-03     1.000000        -1.082090        -1.083247        1.1574478E-03    0.1593347         6.276097    
 ten67                tensio        -1.085534        -1.088075        2.5411309E-03     1.000000        -1.085534        -1.088075        2.5411309E-03    0.1593347         6.276097    
 ten68                tensio        -1.088404        -1.092950        4.5458668E-03     1.000000        -1.088404        -1.092950        4.5458668E-03    0.1593347         6.276097    
 ten69                tensio        -1.091274        -1.097872        6.5976028E-03     1.000000        -1.091274        -1.097872        6.5976028E-03    0.1593347         6.276097    
 ten70                tensio        -1.092423        -1.102840        1.0417497E-02     1.000000        -1.092423        -1.102840        1.0417497E-02    0.1593347         6.276097    
 ten71                tensio        -1.097015        -1.107858        1.0843075E-02     1.000000        -1.097015        -1.107858        1.0843075E-02    0.1593347         6.276097    
 ten72                tensio        -1.100459        -1.112924        1.2464758E-02     1.000000        -1.100459        -1.112924        1.2464758E-02    0.1593347         6.276097    
 ten73                tensio        -1.102181        -1.118039        1.5857599E-02     1.000000        -1.102181        -1.118039        1.5857599E-02    0.1593347         6.276097    
 ten74                tensio        -1.105052        -1.123206        1.8154335E-02     1.000000        -1.105052        -1.123206        1.8154335E-02    0.1593347         6.276097    
 ten75                tensio        -1.107348        -1.128423        2.1075124E-02     1.000000        -1.107348        -1.128423        2.1075124E-02    0.1593347         6.276097    
 ten76                tensio        -1.109644        -1.128423        1.8778913E-02     1.000000        -1.109644        -1.128423        1.8778913E-02    0.1593347         6.276097    
 ten77                tensio        -1.113088        -1.133693        2.0604596E-02     1.000000        -1.113088        -1.133693        2.0604596E-02    0.1593347         6.276097    
 ten78                tensio        -1.114237        -1.139016        2.4779490E-02     1.000000        -1.114237        -1.139016        2.4779490E-02    0.1593347         6.276097    
 ten79                tensio        -1.117107        -1.144393        2.7286226E-02     1.000000        -1.117107        -1.144393        2.7286226E-02    0.1593347         6.276097    
 ten80                tensio        -1.120551        -1.149824        2.9272909E-02     1.000000        -1.120551        -1.149824        2.9272909E-02    0.1593347         6.276097    
 ten81                tensio        -1.122847        -1.155311        3.2463698E-02     1.000000        -1.122847        -1.155311        3.2463698E-02    0.1593347         6.276097    
 ten82                tensio        -1.125144        -1.155311        3.0167487E-02     1.000000        -1.125144        -1.155311        3.0167487E-02    0.1593347         6.276097    
 ten83                tensio        -1.128014        -1.160855        3.2841223E-02     1.000000        -1.128014        -1.160855        3.2841223E-02    0.1593347         6.276097    
 ten84                tensio        -1.130310        -1.166456        3.6146011E-02     1.000000        -1.130310        -1.166456        3.6146011E-02    0.1593347         6.276097    
 ten85                tensio        -1.131458        -1.172115        4.0656906E-02     1.000000        -1.131458        -1.172115        4.0656906E-02    0.1593347         6.276097    
 ten86                tensio        -1.135476        -1.172115        3.6638536E-02     1.000000        -1.135476        -1.172115        3.6638536E-02    0.1593347         6.276097    
 ten87                tensio        -1.137199        -1.177834        4.0635378E-02     1.000000        -1.137199        -1.177834        4.0635378E-02    0.1593347         6.276097    
 ten88                tensio        -1.137773        -1.183614        4.5841325E-02     1.000000        -1.137773        -1.183614        4.5841325E-02    0.1593347         6.276097    
 ten89                tensio        -1.139495        -1.183614        4.4119166E-02     1.000000        -1.139495        -1.183614        4.4119166E-02    0.1593347         6.276097    
 ten90                tensio        -1.142939        -1.189455        4.6515850E-02     1.000000        -1.142939        -1.189455        4.6515850E-02    0.1593347         6.276097    
 ten91                tensio        -1.144661        -1.189455        4.4793691E-02     1.000000        -1.144661        -1.189455        4.4793691E-02    0.1593347         6.276097    
 ten92                tensio        -1.146958        -1.195359        4.8401480E-02     1.000000        -1.146958        -1.195359        4.8401480E-02    0.1593347         6.276097    
 ten93                tensio        -1.148106        -1.201326        5.3220374E-02     1.000000        -1.148106        -1.201326        5.3220374E-02    0.1593347         6.276097    
 ten94                tensio        -1.150402        -1.201326        5.0924163E-02     1.000000        -1.150402        -1.201326        5.0924163E-02    0.1593347         6.276097    
 ten95                tensio        -1.157290        -1.207358        5.0067529E-02     1.000000        -1.157290        -1.207358        5.0067529E-02    0.1593347         6.276097    
 ten96                tensio        -1.153846        -1.207358        5.3511846E-02     1.000000        -1.153846        -1.207358        5.3511846E-02    0.1593347         6.276097    
