single point
 thetar        9.9999998E-03    1.00000        0.00000    
 thetas        0.4000000        1.00000        0.00000    
 alpha          3.676371        1.00000        0.00000    
 n              2.088495        1.00000        0.00000    
 ksat          8.8289359E-04    1.00000        0.00000    
 l             0.5000000        1.00000        0.00000    
 ihead          149.1004        1.00000        0.00000    
 start          300.0000        1.00000        0.00000    
 inten          4.000000        1.00000        0.00000    
 durat          60.00000        1.00000        0.00000    
 pulse          31.46701        1.00000        0.00000    
