 Name                 Group          Measured         Modelled         Residual         Weight       Weight*Measured    Weight*Modelled  Weight*Residual  Measurement_sd   Natural_weight
 ten1                 tensio        -1.464409        -1.749612        0.2852033         1.000000        -1.464409        -1.749612        0.2852033        0.1592449         6.279637    
 ten2                 tensio        -1.460964        -1.749612        0.2886476         1.000000        -1.460964        -1.749612        0.2886476        0.1592449         6.279637    
 ten3                 tensio        -1.458668        -1.749612        0.2909438         1.000000        -1.458668        -1.749612        0.2909438        0.1592449         6.279637    
 ten4                 tensio        -1.459816        -1.749612        0.2897957         1.000000        -1.459816        -1.749612        0.2897957        0.1592449         6.279637    
 ten5                 tensio        -1.456946        -1.749612        0.2926660         1.000000        -1.456946        -1.749612        0.2926660        0.1592449         6.279637    
 ten6                 tensio        -1.461538        -1.749612        0.2880735         1.000000        -1.461538        -1.749612        0.2880735        0.1592449         6.279637    
 ten7                 tensio        -1.460390        -1.749612        0.2892216         1.000000        -1.460390        -1.749612        0.2892216        0.1592449         6.279637    
 ten8                 tensio        -1.458668        -1.749612        0.2909438         1.000000        -1.458668        -1.749612        0.2909438        0.1592449         6.279637    
 ten9                 tensio        -1.462113        -1.749612        0.2874995         1.000000        -1.462113        -1.749612        0.2874995        0.1592449         6.279637    
 ten10                tensio        -1.453502        -1.749612        0.2961103         1.000000        -1.453502        -1.749612        0.2961103        0.1592449         6.279637    
 ten11                tensio        -1.454076        -1.749612        0.2955362         1.000000        -1.454076        -1.749612        0.2955362        0.1592449         6.279637    
 ten12                tensio        -1.451780        -1.749612        0.2978324         1.000000        -1.451780        -1.749612        0.2978324        0.1592449         6.279637    
 ten13                tensio        -1.452354        -1.749612        0.2972584         1.000000        -1.452354        -1.749612        0.2972584        0.1592449         6.279637    
 ten14                tensio        -1.458668        -1.749612        0.2909438         1.000000        -1.458668        -1.749612        0.2909438        0.1592449         6.279637    
 ten15                tensio        -1.452354        -1.749612        0.2972584         1.000000        -1.452354        -1.749612        0.2972584        0.1592449         6.279637    
 ten16                tensio        -1.448909        -1.749612        0.3007027         1.000000        -1.448909        -1.749612        0.3007027        0.1592449         6.279637    
 ten17                tensio        -1.449483        -1.749612        0.3001286         1.000000        -1.449483        -1.749612        0.3001286        0.1592449         6.279637    
 ten18                tensio        -1.430540        -1.749612        0.3190724         1.000000        -1.430540        -1.749612        0.3190724        0.1592449         6.279637    
 ten19                tensio        -1.404133        -1.749612        0.3454788         1.000000        -1.404133        -1.749612        0.3454788        0.1592449         6.279637    
 ten20                tensio        -1.320321        -1.749612        0.4292905         1.000000        -1.320321        -1.749612        0.4292905        0.1592449         6.279637    
 ten21                tensio        -1.060276        -1.102390        4.2114455E-02     1.000000        -1.060276        -1.102390        4.2114455E-02    0.1592449         6.279637    
 ten22                tensio       -0.7824340       -0.9604150        0.1779810         1.000000       -0.7824340       -0.9604150        0.1779810        0.1592449         6.279637    
 ten23                tensio       -0.7169920       -0.9008460        0.1838540         1.000000       -0.7169920       -0.9008460        0.1838540        0.1592449         6.279637    
 ten24                tensio       -0.7112514       -0.8973700        0.1861186         1.000000       -0.7112514       -0.8973700        0.1861186        0.1592449         6.279637    
 ten25                tensio       -0.7123995       -0.8973700        0.1849705         1.000000       -0.7123995       -0.8973700        0.1849705        0.1592449         6.279637    
 ten26                tensio       -0.7152698       -0.8973700        0.1821002         1.000000       -0.7152698       -0.8973700        0.1821002        0.1592449         6.279637    
 ten27                tensio       -0.7169920       -0.9008460        0.1838540         1.000000       -0.7169920       -0.9008460        0.1838540        0.1592449         6.279637    
 ten28                tensio       -0.7307692       -0.9008460        0.1700768         1.000000       -0.7307692       -0.9008460        0.1700768        0.1592449         6.279637    
 ten29                tensio       -0.7669346       -0.9008460        0.1339114         1.000000       -0.7669346       -0.9008460        0.1339114        0.1592449         6.279637    
 ten30                tensio       -0.7887486       -0.9043490        0.1156004         1.000000       -0.7887486       -0.9043490        0.1156004        0.1592449         6.279637    
 ten31                tensio       -0.8088404       -0.9043490        9.5508587E-02     1.000000       -0.8088404       -0.9043490        9.5508587E-02    0.1592449         6.279637    
 ten32                tensio       -0.8283582       -0.9043490        7.5990791E-02     1.000000       -0.8283582       -0.9043490        7.5990791E-02    0.1592449         6.279637    
 ten33                tensio       -0.8467279       -0.9043490        5.7621101E-02     1.000000       -0.8467279       -0.9043490        5.7621101E-02    0.1592449         6.279637    
 ten34                tensio       -0.8639495       -0.9078800        4.3930517E-02     1.000000       -0.8639495       -0.9078800        4.3930517E-02    0.1592449         6.279637    
 ten35                tensio       -0.8828932       -0.9078800        2.4986774E-02     1.000000       -0.8828932       -0.9078800        2.4986774E-02    0.1592449         6.279637    
 ten36                tensio       -0.8960964       -0.9114390        1.5342559E-02     1.000000       -0.8960964       -0.9114390        1.5342559E-02    0.1592449         6.279637    
 ten37                tensio       -0.9064294       -0.9114390        5.0096085E-03     1.000000       -0.9064294       -0.9114390        5.0096085E-03    0.1592449         6.279637    
 ten38                tensio       -0.9173364       -0.9114390       -5.8973949E-03     1.000000       -0.9173364       -0.9114390       -5.8973949E-03    0.1592449         6.279637    
 ten39                tensio       -0.9282434       -0.9150260       -1.3217398E-02     1.000000       -0.9282434       -0.9150260       -1.3217398E-02    0.1592449         6.279637    
 ten40                tensio       -0.9380023       -0.9150260       -2.2976296E-02     1.000000       -0.9380023       -0.9150260       -2.2976296E-02    0.1592449         6.279637    
 ten41                tensio       -0.9477612       -0.9150260       -3.2735194E-02     1.000000       -0.9477612       -0.9150260       -3.2735194E-02    0.1592449         6.279637    
 ten42                tensio       -0.9552239       -0.9186410       -3.6582881E-02     1.000000       -0.9552239       -0.9186410       -3.6582881E-02    0.1592449         6.279637    
 ten43                tensio       -0.9632606       -0.9186410       -4.4619620E-02     1.000000       -0.9632606       -0.9186410       -4.4619620E-02    0.1592449         6.279637    
 ten44                tensio       -0.9712974       -0.9222860       -4.9011359E-02     1.000000       -0.9712974       -0.9222860       -4.9011359E-02    0.1592449         6.279637    
 ten45                tensio       -0.9799082       -0.9222860       -5.7622152E-02     1.000000       -0.9799082       -0.9222860       -5.7622152E-02    0.1592449         6.279637    
 ten46                tensio       -0.9862227       -0.9222860       -6.3936732E-02     1.000000       -0.9862227       -0.9222860       -6.3936732E-02    0.1592449         6.279637    
 ten47                tensio       -0.9936854       -0.9259600       -6.7725419E-02     1.000000       -0.9936854       -0.9259600       -6.7725419E-02    0.1592449         6.279637    
 ten48                tensio        -1.000574       -0.9259600       -7.4614053E-02     1.000000        -1.000574       -0.9259600       -7.4614053E-02    0.1592449         6.279637    
 ten49                tensio        -1.006889       -0.9296630       -7.7225634E-02     1.000000        -1.006889       -0.9296630       -7.7225634E-02    0.1592449         6.279637    
 ten50                tensio        -1.013203       -0.9296630       -8.3540215E-02     1.000000        -1.013203       -0.9296630       -8.3540215E-02    0.1592449         6.279637    
 ten51                tensio        -1.020092       -0.9333970       -8.6694848E-02     1.000000        -1.020092       -0.9333970       -8.6694848E-02    0.1592449         6.279637    
 ten52                tensio        -1.025832       -0.9409580       -8.4874377E-02     1.000000        -1.025832       -0.9409580       -8.4874377E-02    0.1592449         6.279637    
 ten53                tensio        -1.030999       -0.9486430       -8.2355852E-02     1.000000        -1.030999       -0.9486430       -8.2355852E-02    0.1592449         6.279637    
 ten54                tensio        -1.035591       -0.9564580       -7.9133274E-02     1.000000        -1.035591       -0.9564580       -7.9133274E-02    0.1592449         6.279637    
 ten55                tensio        -1.039610       -0.9644050       -7.5204644E-02     1.000000        -1.039610       -0.9644050       -7.5204644E-02    0.1592449         6.279637    
 ten56                tensio        -1.044202       -0.9684300       -7.5772067E-02     1.000000        -1.044202       -0.9684300       -7.5772067E-02    0.1592449         6.279637    
 ten57                tensio        -1.049943       -0.9765830       -7.3359595E-02     1.000000        -1.049943       -0.9765830       -7.3359595E-02    0.1592449         6.279637    
 ten58                tensio        -1.052813       -0.9848780       -6.7934859E-02     1.000000        -1.052813       -0.9848780       -6.7934859E-02    0.1592449         6.279637    
 ten59                tensio        -1.056257       -0.9890800       -6.7177176E-02     1.000000        -1.056257       -0.9890800       -6.7177176E-02    0.1592449         6.279637    
 ten60                tensio        -1.060850       -0.9975960       -6.3253598E-02     1.000000        -1.060850       -0.9975960       -6.3253598E-02    0.1592449         6.279637    
 ten61                tensio        -1.063720        -1.001910       -6.1809862E-02     1.000000        -1.063720        -1.001910       -6.1809862E-02    0.1592449         6.279637    
 ten62                tensio        -1.068312        -1.010656       -5.7656285E-02     1.000000        -1.068312        -1.010656       -5.7656285E-02    0.1592449         6.279637    
 ten63                tensio        -1.072331        -1.015088       -5.7242654E-02     1.000000        -1.072331        -1.015088       -5.7242654E-02    0.1592449         6.279637    
 ten64                tensio        -1.075775        -1.019561       -5.6213971E-02     1.000000        -1.075775        -1.019561       -5.6213971E-02    0.1592449         6.279637    
 ten65                tensio        -1.078071        -1.024074       -5.3997183E-02     1.000000        -1.078071        -1.024074       -5.3997183E-02    0.1592449         6.279637    
 ten66                tensio        -1.082090        -1.033226       -4.8863552E-02     1.000000        -1.082090        -1.033226       -4.8863552E-02    0.1592449         6.279637    
 ten67                tensio        -1.085534        -1.037866       -4.7667869E-02     1.000000        -1.085534        -1.037866       -4.7667869E-02    0.1592449         6.279637    
 ten68                tensio        -1.088404        -1.042550       -4.5854133E-02     1.000000        -1.088404        -1.042550       -4.5854133E-02    0.1592449         6.279637    
 ten69                tensio        -1.091274        -1.047277       -4.3997397E-02     1.000000        -1.091274        -1.047277       -4.3997397E-02    0.1592449         6.279637    
 ten70                tensio        -1.092423        -1.052050       -4.0372503E-02     1.000000        -1.092423        -1.052050       -4.0372503E-02    0.1592449         6.279637    
 ten71                tensio        -1.097015        -1.056867       -4.0147925E-02     1.000000        -1.097015        -1.056867       -4.0147925E-02    0.1592449         6.279637    
 ten72                tensio        -1.100459        -1.061731       -3.8728242E-02     1.000000        -1.100459        -1.061731       -3.8728242E-02    0.1592449         6.279637    
 ten73                tensio        -1.102181        -1.066642       -3.5539401E-02     1.000000        -1.102181        -1.066642       -3.5539401E-02    0.1592449         6.279637    
 ten74                tensio        -1.105052        -1.071600       -3.3451665E-02     1.000000        -1.105052        -1.071600       -3.3451665E-02    0.1592449         6.279637    
 ten75                tensio        -1.107348        -1.076606       -3.0741876E-02     1.000000        -1.107348        -1.076606       -3.0741876E-02    0.1592449         6.279637    
 ten76                tensio        -1.109644        -1.081662       -2.7982087E-02     1.000000        -1.109644        -1.081662       -2.7982087E-02    0.1592449         6.279637    
 ten77                tensio        -1.113088        -1.086767       -2.6321404E-02     1.000000        -1.113088        -1.086767       -2.6321404E-02    0.1592449         6.279637    
 ten78                tensio        -1.114237        -1.091923       -2.2313510E-02     1.000000        -1.114237        -1.091923       -2.2313510E-02    0.1592449         6.279637    
 ten79                tensio        -1.117107        -1.091923       -2.5183774E-02     1.000000        -1.117107        -1.091923       -2.5183774E-02    0.1592449         6.279637    
 ten80                tensio        -1.120551        -1.097131       -2.3420091E-02     1.000000        -1.120551        -1.097131       -2.3420091E-02    0.1592449         6.279637    
 ten81                tensio        -1.122847        -1.102390       -2.0457302E-02     1.000000        -1.122847        -1.102390       -2.0457302E-02    0.1592449         6.279637    
 ten82                tensio        -1.125144        -1.107703       -1.7440513E-02     1.000000        -1.125144        -1.107703       -1.7440513E-02    0.1592449         6.279637    
 ten83                tensio        -1.128014        -1.113070       -1.4943777E-02     1.000000        -1.128014        -1.113070       -1.4943777E-02    0.1592449         6.279637    
 ten84                tensio        -1.130310        -1.113070       -1.7239989E-02     1.000000        -1.130310        -1.113070       -1.7239989E-02    0.1592449         6.279637    
 ten85                tensio        -1.131458        -1.118491       -1.2967094E-02     1.000000        -1.131458        -1.118491       -1.2967094E-02    0.1592449         6.279637    
 ten86                tensio        -1.135476        -1.123969       -1.1507464E-02     1.000000        -1.135476        -1.123969       -1.1507464E-02    0.1592449         6.279637    
 ten87                tensio        -1.137199        -1.123969       -1.3229622E-02     1.000000        -1.137199        -1.123969       -1.3229622E-02    0.1592449         6.279637    
 ten88                tensio        -1.137773        -1.129503       -8.2696751E-03     1.000000        -1.137773        -1.129503       -8.2696751E-03    0.1592449         6.279637    
 ten89                tensio        -1.139495        -1.135094       -4.4008335E-03     1.000000        -1.139495        -1.135094       -4.4008335E-03    0.1592449         6.279637    
 ten90                tensio        -1.142939        -1.135094       -7.8451504E-03     1.000000        -1.142939        -1.135094       -7.8451504E-03    0.1592449         6.279637    
 ten91                tensio        -1.144661        -1.140744       -3.9173088E-03     1.000000        -1.144661        -1.140744       -3.9173088E-03    0.1592449         6.279637    
 ten92                tensio        -1.146958        -1.146454       -5.0352009E-04     1.000000        -1.146958        -1.146454       -5.0352009E-04    0.1592449         6.279637    
 ten93                tensio        -1.148106        -1.146454       -1.6516257E-03     1.000000        -1.148106        -1.146454       -1.6516257E-03    0.1592449         6.279637    
 ten94                tensio        -1.150402        -1.152224        1.8221630E-03     1.000000        -1.150402        -1.152224        1.8221630E-03    0.1592449         6.279637    
 ten95                tensio        -1.157290        -1.158056        7.6552928E-04     1.000000        -1.157290        -1.158056        7.6552928E-04    0.1592449         6.279637    
 ten96                tensio        -1.153846        -1.158056        4.2098461E-03     1.000000        -1.153846        -1.158056        4.2098461E-03    0.1592449         6.279637    
