 Name                 Group          Measured         Modelled         Residual         Weight       Weight*Measured    Weight*Modelled  Weight*Residual  Measurement_sd   Natural_weight
 ten1                 tensio        -1.464409        -1.752566        0.2881573         1.000000        -1.464409        -1.752566        0.2881573        0.1724079         5.800197    
 ten2                 tensio        -1.460964        -1.752566        0.2916016         1.000000        -1.460964        -1.752566        0.2916016        0.1724079         5.800197    
 ten3                 tensio        -1.458668        -1.752566        0.2938978         1.000000        -1.458668        -1.752566        0.2938978        0.1724079         5.800197    
 ten4                 tensio        -1.459816        -1.752566        0.2927497         1.000000        -1.459816        -1.752566        0.2927497        0.1724079         5.800197    
 ten5                 tensio        -1.456946        -1.752566        0.2956200         1.000000        -1.456946        -1.752566        0.2956200        0.1724079         5.800197    
 ten6                 tensio        -1.461538        -1.752566        0.2910275         1.000000        -1.461538        -1.752566        0.2910275        0.1724079         5.800197    
 ten7                 tensio        -1.460390        -1.752566        0.2921756         1.000000        -1.460390        -1.752566        0.2921756        0.1724079         5.800197    
 ten8                 tensio        -1.458668        -1.752566        0.2938978         1.000000        -1.458668        -1.752566        0.2938978        0.1724079         5.800197    
 ten9                 tensio        -1.462113        -1.752566        0.2904535         1.000000        -1.462113        -1.752566        0.2904535        0.1724079         5.800197    
 ten10                tensio        -1.453502        -1.752566        0.2990643         1.000000        -1.453502        -1.752566        0.2990643        0.1724079         5.800197    
 ten11                tensio        -1.454076        -1.752566        0.2984902         1.000000        -1.454076        -1.752566        0.2984902        0.1724079         5.800197    
 ten12                tensio        -1.451780        -1.752566        0.3007864         1.000000        -1.451780        -1.752566        0.3007864        0.1724079         5.800197    
 ten13                tensio        -1.452354        -1.752566        0.3002124         1.000000        -1.452354        -1.752566        0.3002124        0.1724079         5.800197    
 ten14                tensio        -1.458668        -1.752566        0.2938978         1.000000        -1.458668        -1.752566        0.2938978        0.1724079         5.800197    
 ten15                tensio        -1.452354        -1.752566        0.3002124         1.000000        -1.452354        -1.752566        0.3002124        0.1724079         5.800197    
 ten16                tensio        -1.448909        -1.752566        0.3036567         1.000000        -1.448909        -1.752566        0.3036567        0.1724079         5.800197    
 ten17                tensio        -1.449483        -1.752566        0.3030826         1.000000        -1.449483        -1.752566        0.3030826        0.1724079         5.800197    
 ten18                tensio        -1.430540        -1.752566        0.3220264         1.000000        -1.430540        -1.752566        0.3220264        0.1724079         5.800197    
 ten19                tensio        -1.404133        -1.752566        0.3484328         1.000000        -1.404133        -1.752566        0.3484328        0.1724079         5.800197    
 ten20                tensio        -1.320321        -1.752566        0.4322445         1.000000        -1.320321        -1.752566        0.4322445        0.1724079         5.800197    
 ten21                tensio        -1.060276        -1.129468        6.9192455E-02     1.000000        -1.060276        -1.129468        6.9192455E-02    0.1724079         5.800197    
 ten22                tensio       -0.7824340        -1.024511        0.2420770         1.000000       -0.7824340        -1.024511        0.2420770        0.1724079         5.800197    
 ten23                tensio       -0.7169920       -0.9701560        0.2531640         1.000000       -0.7169920       -0.9701560        0.2531640        0.1724079         5.800197    
 ten24                tensio       -0.7112514       -0.9701560        0.2589046         1.000000       -0.7112514       -0.9701560        0.2589046        0.1724079         5.800197    
 ten25                tensio       -0.7123995       -0.9701560        0.2577565         1.000000       -0.7123995       -0.9701560        0.2577565        0.1724079         5.800197    
 ten26                tensio       -0.7152698       -0.9701560        0.2548862         1.000000       -0.7152698       -0.9701560        0.2548862        0.1724079         5.800197    
 ten27                tensio       -0.7169920       -0.9738370        0.2568450         1.000000       -0.7169920       -0.9738370        0.2568450        0.1724079         5.800197    
 ten28                tensio       -0.7307692       -0.9738370        0.2430678         1.000000       -0.7307692       -0.9738370        0.2430678        0.1724079         5.800197    
 ten29                tensio       -0.7669346       -0.9738370        0.2069024         1.000000       -0.7669346       -0.9738370        0.2069024        0.1724079         5.800197    
 ten30                tensio       -0.7887486       -0.9775470        0.1887984         1.000000       -0.7887486       -0.9775470        0.1887984        0.1724079         5.800197    
 ten31                tensio       -0.8088404       -0.9775470        0.1687066         1.000000       -0.8088404       -0.9775470        0.1687066        0.1724079         5.800197    
 ten32                tensio       -0.8283582       -0.9775470        0.1491888         1.000000       -0.8283582       -0.9775470        0.1491888        0.1724079         5.800197    
 ten33                tensio       -0.8467279       -0.9812870        0.1345591         1.000000       -0.8467279       -0.9812870        0.1345591        0.1724079         5.800197    
 ten34                tensio       -0.8639495       -0.9812870        0.1173375         1.000000       -0.8639495       -0.9812870        0.1173375        0.1724079         5.800197    
 ten35                tensio       -0.8828932       -0.9812870        9.8393774E-02     1.000000       -0.8828932       -0.9812870        9.8393774E-02    0.1724079         5.800197    
 ten36                tensio       -0.8960964       -0.9850570        8.8960559E-02     1.000000       -0.8960964       -0.9850570        8.8960559E-02    0.1724079         5.800197    
 ten37                tensio       -0.9064294       -0.9850570        7.8627608E-02     1.000000       -0.9064294       -0.9850570        7.8627608E-02    0.1724079         5.800197    
 ten38                tensio       -0.9173364       -0.9850570        6.7720605E-02     1.000000       -0.9173364       -0.9850570        6.7720605E-02    0.1724079         5.800197    
 ten39                tensio       -0.9282434       -0.9888580        6.0614602E-02     1.000000       -0.9282434       -0.9888580        6.0614602E-02    0.1724079         5.800197    
 ten40                tensio       -0.9380023       -0.9888580        5.0855704E-02     1.000000       -0.9380023       -0.9888580        5.0855704E-02    0.1724079         5.800197    
 ten41                tensio       -0.9477612       -0.9888580        4.1096806E-02     1.000000       -0.9477612       -0.9888580        4.1096806E-02    0.1724079         5.800197    
 ten42                tensio       -0.9552239       -0.9926900        3.7466119E-02     1.000000       -0.9552239       -0.9926900        3.7466119E-02    0.1724079         5.800197    
 ten43                tensio       -0.9632606       -0.9926900        2.9429380E-02     1.000000       -0.9632606       -0.9926900        2.9429380E-02    0.1724079         5.800197    
 ten44                tensio       -0.9712974       -0.9965530        2.5255641E-02     1.000000       -0.9712974       -0.9965530        2.5255641E-02    0.1724079         5.800197    
 ten45                tensio       -0.9799082       -0.9965530        1.6644848E-02     1.000000       -0.9799082       -0.9965530        1.6644848E-02    0.1724079         5.800197    
 ten46                tensio       -0.9862227       -0.9965530        1.0330268E-02     1.000000       -0.9862227       -0.9965530        1.0330268E-02    0.1724079         5.800197    
 ten47                tensio       -0.9936854        -1.000448        6.7625809E-03     1.000000       -0.9936854        -1.000448        6.7625809E-03    0.1724079         5.800197    
 ten48                tensio        -1.000574        -1.000448       -1.2605281E-04     1.000000        -1.000574        -1.000448       -1.2605281E-04    0.1724079         5.800197    
 ten49                tensio        -1.006889        -1.004375       -2.5136338E-03     1.000000        -1.006889        -1.004375       -2.5136338E-03    0.1724079         5.800197    
 ten50                tensio        -1.013203        -1.004375       -8.8282147E-03     1.000000        -1.013203        -1.004375       -8.8282147E-03    0.1724079         5.800197    
 ten51                tensio        -1.020092        -1.008335       -1.1756848E-02     1.000000        -1.020092        -1.008335       -1.1756848E-02    0.1724079         5.800197    
 ten52                tensio        -1.025832        -1.016355       -9.4773766E-03     1.000000        -1.025832        -1.016355       -9.4773766E-03    0.1724079         5.800197    
 ten53                tensio        -1.030999        -1.024511       -6.4878519E-03     1.000000        -1.030999        -1.024511       -6.4878519E-03    0.1724079         5.800197    
 ten54                tensio        -1.035591        -1.032807       -2.7842744E-03     1.000000        -1.035591        -1.032807       -2.7842744E-03    0.1724079         5.800197    
 ten55                tensio        -1.039610        -1.041246        1.6363559E-03     1.000000        -1.039610        -1.041246        1.6363559E-03    0.1724079         5.800197    
 ten56                tensio        -1.044202        -1.049834        5.6319334E-03     1.000000        -1.044202        -1.049834        5.6319334E-03    0.1724079         5.800197    
 ten57                tensio        -1.049943        -1.054185        4.2424053E-03     1.000000        -1.049943        -1.054185        4.2424053E-03    0.1724079         5.800197    
 ten58                tensio        -1.052813        -1.063004        1.0191141E-02     1.000000        -1.052813        -1.063004        1.0191141E-02    0.1724079         5.800197    
 ten59                tensio        -1.056257        -1.067472        1.1214824E-02     1.000000        -1.056257        -1.067472        1.1214824E-02    0.1724079         5.800197    
 ten60                tensio        -1.060850        -1.076531        1.5681402E-02     1.000000        -1.060850        -1.076531        1.5681402E-02    0.1724079         5.800197    
 ten61                tensio        -1.063720        -1.081123        1.7403138E-02     1.000000        -1.063720        -1.081123        1.7403138E-02    0.1724079         5.800197    
 ten62                tensio        -1.068312        -1.085756        1.7443715E-02     1.000000        -1.068312        -1.085756        1.7443715E-02    0.1724079         5.800197    
 ten63                tensio        -1.072331        -1.095153        2.2822346E-02     1.000000        -1.072331        -1.095153        2.2822346E-02    0.1724079         5.800197    
 ten64                tensio        -1.075775        -1.099917        2.4142029E-02     1.000000        -1.075775        -1.099917        2.4142029E-02    0.1724079         5.800197    
 ten65                tensio        -1.078071        -1.104726        2.6654817E-02     1.000000        -1.078071        -1.104726        2.6654817E-02    0.1724079         5.800197    
 ten66                tensio        -1.082090        -1.109580        2.7490448E-02     1.000000        -1.082090        -1.109580        2.7490448E-02    0.1724079         5.800197    
 ten67                tensio        -1.085534        -1.114481        2.8947131E-02     1.000000        -1.085534        -1.114481        2.8947131E-02    0.1724079         5.800197    
 ten68                tensio        -1.088404        -1.124424        3.6019867E-02     1.000000        -1.088404        -1.124424        3.6019867E-02    0.1724079         5.800197    
 ten69                tensio        -1.091274        -1.129468        3.8193603E-02     1.000000        -1.091274        -1.129468        3.8193603E-02    0.1724079         5.800197    
 ten70                tensio        -1.092423        -1.134561        4.2138497E-02     1.000000        -1.092423        -1.134561        4.2138497E-02    0.1724079         5.800197    
 ten71                tensio        -1.097015        -1.139703        4.2688075E-02     1.000000        -1.097015        -1.139703        4.2688075E-02    0.1724079         5.800197    
 ten72                tensio        -1.100459        -1.144897        4.4437758E-02     1.000000        -1.100459        -1.144897        4.4437758E-02    0.1724079         5.800197    
 ten73                tensio        -1.102181        -1.150142        4.7960599E-02     1.000000        -1.102181        -1.150142        4.7960599E-02    0.1724079         5.800197    
 ten74                tensio        -1.105052        -1.150142        4.5090335E-02     1.000000        -1.105052        -1.150142        4.5090335E-02    0.1724079         5.800197    
 ten75                tensio        -1.107348        -1.155440        4.8092124E-02     1.000000        -1.107348        -1.155440        4.8092124E-02    0.1724079         5.800197    
 ten76                tensio        -1.109644        -1.160791        5.1146913E-02     1.000000        -1.109644        -1.160791        5.1146913E-02    0.1724079         5.800197    
 ten77                tensio        -1.113088        -1.166196        5.3107596E-02     1.000000        -1.113088        -1.166196        5.3107596E-02    0.1724079         5.800197    
 ten78                tensio        -1.114237        -1.171656        5.7419490E-02     1.000000        -1.114237        -1.171656        5.7419490E-02    0.1724079         5.800197    
 ten79                tensio        -1.117107        -1.177172        6.0065226E-02     1.000000        -1.117107        -1.177172        6.0065226E-02    0.1724079         5.800197    
 ten80                tensio        -1.120551        -1.177172        5.6620909E-02     1.000000        -1.120551        -1.177172        5.6620909E-02    0.1724079         5.800197    
 ten81                tensio        -1.122847        -1.182744        5.9896698E-02     1.000000        -1.122847        -1.182744        5.9896698E-02    0.1724079         5.800197    
 ten82                tensio        -1.125144        -1.188375        6.3231487E-02     1.000000        -1.125144        -1.188375        6.3231487E-02    0.1724079         5.800197    
 ten83                tensio        -1.128014        -1.194065        6.6051223E-02     1.000000        -1.128014        -1.194065        6.6051223E-02    0.1724079         5.800197    
 ten84                tensio        -1.130310        -1.194065        6.3755011E-02     1.000000        -1.130310        -1.194065        6.3755011E-02    0.1724079         5.800197    
 ten85                tensio        -1.131458        -1.199814        6.8355906E-02     1.000000        -1.131458        -1.199814        6.8355906E-02    0.1724079         5.800197    
 ten86                tensio        -1.135476        -1.205624        7.0147536E-02     1.000000        -1.135476        -1.205624        7.0147536E-02    0.1724079         5.800197    
 ten87                tensio        -1.137199        -1.205624        6.8425378E-02     1.000000        -1.137199        -1.205624        6.8425378E-02    0.1724079         5.800197    
 ten88                tensio        -1.137773        -1.211496        7.3723325E-02     1.000000        -1.137773        -1.211496        7.3723325E-02    0.1724079         5.800197    
 ten89                tensio        -1.139495        -1.217431        7.7936166E-02     1.000000        -1.139495        -1.217431        7.7936166E-02    0.1724079         5.800197    
 ten90                tensio        -1.142939        -1.217431        7.4491850E-02     1.000000        -1.142939        -1.217431        7.4491850E-02    0.1724079         5.800197    
 ten91                tensio        -1.144661        -1.223429        7.8767691E-02     1.000000        -1.144661        -1.223429        7.8767691E-02    0.1724079         5.800197    
 ten92                tensio        -1.146958        -1.229493        8.2535480E-02     1.000000        -1.146958        -1.229493        8.2535480E-02    0.1724079         5.800197    
 ten93                tensio        -1.148106        -1.229493        8.1387374E-02     1.000000        -1.148106        -1.229493        8.1387374E-02    0.1724079         5.800197    
 ten94                tensio        -1.150402        -1.235624        8.5222163E-02     1.000000        -1.150402        -1.235624        8.5222163E-02    0.1724079         5.800197    
 ten95                tensio        -1.157290        -1.235624        7.8333529E-02     1.000000        -1.157290        -1.235624        7.8333529E-02    0.1724079         5.800197    
 ten96                tensio        -1.153846        -1.241821        8.7974846E-02     1.000000        -1.153846        -1.241821        8.7974846E-02    0.1724079         5.800197    
