 Name                 Group          Measured         Modelled         Residual         Weight       Weight*Measured    Weight*Modelled  Weight*Residual  Measurement_sd   Natural_weight
 ten1                 tensio        -1.464409        -1.752673        0.2882643         1.000000        -1.464409        -1.752673        0.2882643        0.1757253         5.690699    
 ten2                 tensio        -1.460964        -1.752673        0.2917086         1.000000        -1.460964        -1.752673        0.2917086        0.1757253         5.690699    
 ten3                 tensio        -1.458668        -1.752673        0.2940048         1.000000        -1.458668        -1.752673        0.2940048        0.1757253         5.690699    
 ten4                 tensio        -1.459816        -1.752673        0.2928567         1.000000        -1.459816        -1.752673        0.2928567        0.1757253         5.690699    
 ten5                 tensio        -1.456946        -1.752673        0.2957270         1.000000        -1.456946        -1.752673        0.2957270        0.1757253         5.690699    
 ten6                 tensio        -1.461538        -1.752673        0.2911345         1.000000        -1.461538        -1.752673        0.2911345        0.1757253         5.690699    
 ten7                 tensio        -1.460390        -1.752673        0.2922826         1.000000        -1.460390        -1.752673        0.2922826        0.1757253         5.690699    
 ten8                 tensio        -1.458668        -1.752673        0.2940048         1.000000        -1.458668        -1.752673        0.2940048        0.1757253         5.690699    
 ten9                 tensio        -1.462113        -1.752673        0.2905605         1.000000        -1.462113        -1.752673        0.2905605        0.1757253         5.690699    
 ten10                tensio        -1.453502        -1.752673        0.2991713         1.000000        -1.453502        -1.752673        0.2991713        0.1757253         5.690699    
 ten11                tensio        -1.454076        -1.752673        0.2985972         1.000000        -1.454076        -1.752673        0.2985972        0.1757253         5.690699    
 ten12                tensio        -1.451780        -1.752673        0.3008934         1.000000        -1.451780        -1.752673        0.3008934        0.1757253         5.690699    
 ten13                tensio        -1.452354        -1.752673        0.3003194         1.000000        -1.452354        -1.752673        0.3003194        0.1757253         5.690699    
 ten14                tensio        -1.458668        -1.752673        0.2940048         1.000000        -1.458668        -1.752673        0.2940048        0.1757253         5.690699    
 ten15                tensio        -1.452354        -1.752673        0.3003194         1.000000        -1.452354        -1.752673        0.3003194        0.1757253         5.690699    
 ten16                tensio        -1.448909        -1.752673        0.3037637         1.000000        -1.448909        -1.752673        0.3037637        0.1757253         5.690699    
 ten17                tensio        -1.449483        -1.752673        0.3031896         1.000000        -1.449483        -1.752673        0.3031896        0.1757253         5.690699    
 ten18                tensio        -1.430540        -1.752673        0.3221334         1.000000        -1.430540        -1.752673        0.3221334        0.1757253         5.690699    
 ten19                tensio        -1.404133        -1.752673        0.3485398         1.000000        -1.404133        -1.752673        0.3485398        0.1757253         5.690699    
 ten20                tensio        -1.320321        -1.752673        0.4323515         1.000000        -1.320321        -1.752673        0.4323515        0.1757253         5.690699    
 ten21                tensio        -1.060276        -1.133376        7.3100455E-02     1.000000        -1.060276        -1.133376        7.3100455E-02    0.1757253         5.690699    
 ten22                tensio       -0.7824340        -1.032927        0.2504930         1.000000       -0.7824340        -1.032927        0.2504930        0.1757253         5.690699    
 ten23                tensio       -0.7169920       -0.9782940        0.2613020         1.000000       -0.7169920       -0.9782940        0.2613020        0.1757253         5.690699    
 ten24                tensio       -0.7112514       -0.9782940        0.2670426         1.000000       -0.7112514       -0.9782940        0.2670426        0.1757253         5.690699    
 ten25                tensio       -0.7123995       -0.9782940        0.2658945         1.000000       -0.7123995       -0.9782940        0.2658945        0.1757253         5.690699    
 ten26                tensio       -0.7152698       -0.9782940        0.2630242         1.000000       -0.7152698       -0.9782940        0.2630242        0.1757253         5.690699    
 ten27                tensio       -0.7169920       -0.9819940        0.2650020         1.000000       -0.7169920       -0.9819940        0.2650020        0.1757253         5.690699    
 ten28                tensio       -0.7307692       -0.9819940        0.2512248         1.000000       -0.7307692       -0.9819940        0.2512248        0.1757253         5.690699    
 ten29                tensio       -0.7669346       -0.9819940        0.2150594         1.000000       -0.7669346       -0.9819940        0.2150594        0.1757253         5.690699    
 ten30                tensio       -0.7887486       -0.9857230        0.1969744         1.000000       -0.7887486       -0.9857230        0.1969744        0.1757253         5.690699    
 ten31                tensio       -0.8088404       -0.9857230        0.1768826         1.000000       -0.8088404       -0.9857230        0.1768826        0.1757253         5.690699    
 ten32                tensio       -0.8283582       -0.9857230        0.1573648         1.000000       -0.8283582       -0.9857230        0.1573648        0.1757253         5.690699    
 ten33                tensio       -0.8467279       -0.9894820        0.1427541         1.000000       -0.8467279       -0.9894820        0.1427541        0.1757253         5.690699    
 ten34                tensio       -0.8639495       -0.9894820        0.1255325         1.000000       -0.8639495       -0.9894820        0.1255325        0.1757253         5.690699    
 ten35                tensio       -0.8828932       -0.9894820        0.1065888         1.000000       -0.8828932       -0.9894820        0.1065888        0.1757253         5.690699    
 ten36                tensio       -0.8960964       -0.9932710        9.7174559E-02     1.000000       -0.8960964       -0.9932710        9.7174559E-02    0.1757253         5.690699    
 ten37                tensio       -0.9064294       -0.9932710        8.6841608E-02     1.000000       -0.9064294       -0.9932710        8.6841608E-02    0.1757253         5.690699    
 ten38                tensio       -0.9173364       -0.9932710        7.5934605E-02     1.000000       -0.9173364       -0.9932710        7.5934605E-02    0.1757253         5.690699    
 ten39                tensio       -0.9282434       -0.9970910        6.8847602E-02     1.000000       -0.9282434       -0.9970910        6.8847602E-02    0.1757253         5.690699    
 ten40                tensio       -0.9380023       -0.9970910        5.9088704E-02     1.000000       -0.9380023       -0.9970910        5.9088704E-02    0.1757253         5.690699    
 ten41                tensio       -0.9477612       -0.9970910        4.9329806E-02     1.000000       -0.9477612       -0.9970910        4.9329806E-02    0.1757253         5.690699    
 ten42                tensio       -0.9552239        -1.000943        4.5719119E-02     1.000000       -0.9552239        -1.000943        4.5719119E-02    0.1757253         5.690699    
 ten43                tensio       -0.9632606        -1.000943        3.7682380E-02     1.000000       -0.9632606        -1.000943        3.7682380E-02    0.1757253         5.690699    
 ten44                tensio       -0.9712974        -1.004826        3.3528641E-02     1.000000       -0.9712974        -1.004826        3.3528641E-02    0.1757253         5.690699    
 ten45                tensio       -0.9799082        -1.004826        2.4917848E-02     1.000000       -0.9799082        -1.004826        2.4917848E-02    0.1757253         5.690699    
 ten46                tensio       -0.9862227        -1.008741        2.2518268E-02     1.000000       -0.9862227        -1.008741        2.2518268E-02    0.1757253         5.690699    
 ten47                tensio       -0.9936854        -1.008741        1.5055581E-02     1.000000       -0.9936854        -1.008741        1.5055581E-02    0.1757253         5.690699    
 ten48                tensio        -1.000574        -1.008741        8.1669472E-03     1.000000        -1.000574        -1.008741        8.1669472E-03    0.1757253         5.690699    
 ten49                tensio        -1.006889        -1.012688        5.7993662E-03     1.000000        -1.006889        -1.012688        5.7993662E-03    0.1757253         5.690699    
 ten50                tensio        -1.013203        -1.012688       -5.1521470E-04     1.000000        -1.013203        -1.012688       -5.1521470E-04    0.1757253         5.690699    
 ten51                tensio        -1.020092        -1.020682        5.9015155E-04     1.000000        -1.020092        -1.020682        5.9015155E-04    0.1757253         5.690699    
 ten52                tensio        -1.025832        -1.028811        2.9786234E-03     1.000000        -1.025832        -1.028811        2.9786234E-03    0.1757253         5.690699    
 ten53                tensio        -1.030999        -1.037079        6.0801481E-03     1.000000        -1.030999        -1.037079        6.0801481E-03    0.1757253         5.690699    
 ten54                tensio        -1.035591        -1.041266        5.6747256E-03     1.000000        -1.035591        -1.041266        5.6747256E-03    0.1757253         5.690699    
 ten55                tensio        -1.039610        -1.049750        1.0140356E-02     1.000000        -1.039610        -1.049750        1.0140356E-02    0.1757253         5.690699    
 ten56                tensio        -1.044202        -1.058383        1.4180933E-02     1.000000        -1.044202        -1.058383        1.4180933E-02    0.1757253         5.690699    
 ten57                tensio        -1.049943        -1.067170        1.7227405E-02     1.000000        -1.049943        -1.067170        1.7227405E-02    0.1757253         5.690699    
 ten58                tensio        -1.052813        -1.071622        1.8809141E-02     1.000000        -1.052813        -1.071622        1.8809141E-02    0.1757253         5.690699    
 ten59                tensio        -1.056257        -1.080648        2.4390824E-02     1.000000        -1.056257        -1.080648        2.4390824E-02    0.1757253         5.690699    
 ten60                tensio        -1.060850        -1.085222        2.4372402E-02     1.000000        -1.060850        -1.085222        2.4372402E-02    0.1757253         5.690699    
 ten61                tensio        -1.063720        -1.089838        2.6118138E-02     1.000000        -1.063720        -1.089838        2.6118138E-02    0.1757253         5.690699    
 ten62                tensio        -1.068312        -1.099199        3.0886715E-02     1.000000        -1.068312        -1.099199        3.0886715E-02    0.1757253         5.690699    
 ten63                tensio        -1.072331        -1.103944        3.1613346E-02     1.000000        -1.072331        -1.103944        3.1613346E-02    0.1757253         5.690699    
 ten64                tensio        -1.075775        -1.108734        3.2959029E-02     1.000000        -1.075775        -1.108734        3.2959029E-02    0.1757253         5.690699    
 ten65                tensio        -1.078071        -1.113569        3.5497817E-02     1.000000        -1.078071        -1.113569        3.5497817E-02    0.1757253         5.690699    
 ten66                tensio        -1.082090        -1.123378        4.1288448E-02     1.000000        -1.082090        -1.123378        4.1288448E-02    0.1757253         5.690699    
 ten67                tensio        -1.085534        -1.128353        4.2819131E-02     1.000000        -1.085534        -1.128353        4.2819131E-02    0.1757253         5.690699    
 ten68                tensio        -1.088404        -1.133376        4.4971867E-02     1.000000        -1.088404        -1.133376        4.4971867E-02    0.1757253         5.690699    
 ten69                tensio        -1.091274        -1.138448        4.7173603E-02     1.000000        -1.091274        -1.138448        4.7173603E-02    0.1757253         5.690699    
 ten70                tensio        -1.092423        -1.143569        5.1146497E-02     1.000000        -1.092423        -1.143569        5.1146497E-02    0.1757253         5.690699    
 ten71                tensio        -1.097015        -1.148741        5.1726075E-02     1.000000        -1.097015        -1.148741        5.1726075E-02    0.1757253         5.690699    
 ten72                tensio        -1.100459        -1.153963        5.3503758E-02     1.000000        -1.100459        -1.153963        5.3503758E-02    0.1757253         5.690699    
 ten73                tensio        -1.102181        -1.159238        5.7056599E-02     1.000000        -1.102181        -1.159238        5.7056599E-02    0.1757253         5.690699    
 ten74                tensio        -1.105052        -1.164566        5.9514335E-02     1.000000        -1.105052        -1.164566        5.9514335E-02    0.1757253         5.690699    
 ten75                tensio        -1.107348        -1.164566        5.7218124E-02     1.000000        -1.107348        -1.164566        5.7218124E-02    0.1757253         5.690699    
 ten76                tensio        -1.109644        -1.169947        6.0302913E-02     1.000000        -1.109644        -1.169947        6.0302913E-02    0.1757253         5.690699    
 ten77                tensio        -1.113088        -1.175383        6.2294596E-02     1.000000        -1.113088        -1.175383        6.2294596E-02    0.1757253         5.690699    
 ten78                tensio        -1.114237        -1.180874        6.6637490E-02     1.000000        -1.114237        -1.180874        6.6637490E-02    0.1757253         5.690699    
 ten79                tensio        -1.117107        -1.186422        6.9315226E-02     1.000000        -1.117107        -1.186422        6.9315226E-02    0.1757253         5.690699    
 ten80                tensio        -1.120551        -1.192027        7.1475909E-02     1.000000        -1.120551        -1.192027        7.1475909E-02    0.1757253         5.690699    
 ten81                tensio        -1.122847        -1.192027        6.9179698E-02     1.000000        -1.122847        -1.192027        6.9179698E-02    0.1757253         5.690699    
 ten82                tensio        -1.125144        -1.197690        7.2546487E-02     1.000000        -1.125144        -1.197690        7.2546487E-02    0.1757253         5.690699    
 ten83                tensio        -1.128014        -1.203413        7.5399223E-02     1.000000        -1.128014        -1.203413        7.5399223E-02    0.1757253         5.690699    
 ten84                tensio        -1.130310        -1.209196        7.8886011E-02     1.000000        -1.130310        -1.209196        7.8886011E-02    0.1757253         5.690699    
 ten85                tensio        -1.131458        -1.209196        7.7737906E-02     1.000000        -1.131458        -1.209196        7.7737906E-02    0.1757253         5.690699    
 ten86                tensio        -1.135476        -1.215040        7.9563536E-02     1.000000        -1.135476        -1.215040        7.9563536E-02    0.1757253         5.690699    
 ten87                tensio        -1.137199        -1.220947        8.3748378E-02     1.000000        -1.137199        -1.220947        8.3748378E-02    0.1757253         5.690699    
 ten88                tensio        -1.137773        -1.220947        8.3174325E-02     1.000000        -1.137773        -1.220947        8.3174325E-02    0.1757253         5.690699    
 ten89                tensio        -1.139495        -1.226917        8.7422166E-02     1.000000        -1.139495        -1.226917        8.7422166E-02    0.1757253         5.690699    
 ten90                tensio        -1.142939        -1.226917        8.3977850E-02     1.000000        -1.142939        -1.226917        8.3977850E-02    0.1757253         5.690699    
 ten91                tensio        -1.144661        -1.232952        8.8290691E-02     1.000000        -1.144661        -1.232952        8.8290691E-02    0.1757253         5.690699    
 ten92                tensio        -1.146958        -1.239052        9.2094480E-02     1.000000        -1.146958        -1.239052        9.2094480E-02    0.1757253         5.690699    
 ten93                tensio        -1.148106        -1.239052        9.0946374E-02     1.000000        -1.148106        -1.239052        9.0946374E-02    0.1757253         5.690699    
 ten94                tensio        -1.150402        -1.245220        9.4818163E-02     1.000000        -1.150402        -1.245220        9.4818163E-02    0.1757253         5.690699    
 ten95                tensio        -1.157290        -1.245220        8.7929529E-02     1.000000        -1.157290        -1.245220        8.7929529E-02    0.1757253         5.690699    
 ten96                tensio        -1.153846        -1.251455        9.7608846E-02     1.000000        -1.153846        -1.251455        9.7608846E-02    0.1757253         5.690699    
