single point
 thetar        9.9999998E-03    1.00000        0.00000    
 thetas        0.4016316        1.00000        0.00000    
 alpha          3.532492        1.00000        0.00000    
 n              2.181570        1.00000        0.00000    
 ksat          8.5976876E-04    1.00000        0.00000    
 l             0.5000000        1.00000        0.00000    
 ihead          150.2808        1.00000        0.00000    
 start          300.0000        1.00000        0.00000    
 inten          4.000000        1.00000        0.00000    
 durat          60.00000        1.00000        0.00000    
 pulse          31.40007        1.00000        0.00000    
