 Name                 Group          Measured         Modelled         Residual         Weight       Weight*Measured    Weight*Modelled  Weight*Residual  Measurement_sd   Natural_weight
 ten1                 tensio        -1.464409        -1.740482        0.2760733         1.000000        -1.464409        -1.740482        0.2760733        0.1593045         6.277287    
 ten2                 tensio        -1.460964        -1.740482        0.2795176         1.000000        -1.460964        -1.740482        0.2795176        0.1593045         6.277287    
 ten3                 tensio        -1.458668        -1.740482        0.2818138         1.000000        -1.458668        -1.740482        0.2818138        0.1593045         6.277287    
 ten4                 tensio        -1.459816        -1.740482        0.2806657         1.000000        -1.459816        -1.740482        0.2806657        0.1593045         6.277287    
 ten5                 tensio        -1.456946        -1.740482        0.2835360         1.000000        -1.456946        -1.740482        0.2835360        0.1593045         6.277287    
 ten6                 tensio        -1.461538        -1.740482        0.2789435         1.000000        -1.461538        -1.740482        0.2789435        0.1593045         6.277287    
 ten7                 tensio        -1.460390        -1.740482        0.2800916         1.000000        -1.460390        -1.740482        0.2800916        0.1593045         6.277287    
 ten8                 tensio        -1.458668        -1.740482        0.2818138         1.000000        -1.458668        -1.740482        0.2818138        0.1593045         6.277287    
 ten9                 tensio        -1.462113        -1.740482        0.2783695         1.000000        -1.462113        -1.740482        0.2783695        0.1593045         6.277287    
 ten10                tensio        -1.453502        -1.740482        0.2869803         1.000000        -1.453502        -1.740482        0.2869803        0.1593045         6.277287    
 ten11                tensio        -1.454076        -1.740482        0.2864062         1.000000        -1.454076        -1.740482        0.2864062        0.1593045         6.277287    
 ten12                tensio        -1.451780        -1.740482        0.2887024         1.000000        -1.451780        -1.740482        0.2887024        0.1593045         6.277287    
 ten13                tensio        -1.452354        -1.740482        0.2881284         1.000000        -1.452354        -1.740482        0.2881284        0.1593045         6.277287    
 ten14                tensio        -1.458668        -1.740482        0.2818138         1.000000        -1.458668        -1.740482        0.2818138        0.1593045         6.277287    
 ten15                tensio        -1.452354        -1.740482        0.2881284         1.000000        -1.452354        -1.740482        0.2881284        0.1593045         6.277287    
 ten16                tensio        -1.448909        -1.740482        0.2915727         1.000000        -1.448909        -1.740482        0.2915727        0.1593045         6.277287    
 ten17                tensio        -1.449483        -1.740482        0.2909986         1.000000        -1.449483        -1.740482        0.2909986        0.1593045         6.277287    
 ten18                tensio        -1.430540        -1.740482        0.3099424         1.000000        -1.430540        -1.740482        0.3099424        0.1593045         6.277287    
 ten19                tensio        -1.404133        -1.740482        0.3363488         1.000000        -1.404133        -1.740482        0.3363488        0.1593045         6.277287    
 ten20                tensio        -1.320321        -1.740482        0.4201605         1.000000        -1.320321        -1.740482        0.4201605        0.1593045         6.277287    
 ten21                tensio        -1.060276        -1.112811        5.2535455E-02     1.000000        -1.060276        -1.112811        5.2535455E-02    0.1593045         6.277287    
 ten22                tensio       -0.7824340       -0.9992650        0.2168310         1.000000       -0.7824340       -0.9992650        0.2168310        0.1593045         6.277287    
 ten23                tensio       -0.7169920       -0.9420540        0.2250620         1.000000       -0.7169920       -0.9420540        0.2250620        0.1593045         6.277287    
 ten24                tensio       -0.7112514       -0.9420540        0.2308026         1.000000       -0.7112514       -0.9420540        0.2308026        0.1593045         6.277287    
 ten25                tensio       -0.7123995       -0.9420540        0.2296545         1.000000       -0.7123995       -0.9420540        0.2296545        0.1593045         6.277287    
 ten26                tensio       -0.7152698       -0.9420540        0.2267842         1.000000       -0.7152698       -0.9420540        0.2267842        0.1593045         6.277287    
 ten27                tensio       -0.7169920       -0.9456560        0.2286640         1.000000       -0.7169920       -0.9456560        0.2286640        0.1593045         6.277287    
 ten28                tensio       -0.7307692       -0.9456560        0.2148868         1.000000       -0.7307692       -0.9456560        0.2148868        0.1593045         6.277287    
 ten29                tensio       -0.7669346       -0.9456560        0.1787214         1.000000       -0.7669346       -0.9456560        0.1787214        0.1593045         6.277287    
 ten30                tensio       -0.7887486       -0.9492870        0.1605384         1.000000       -0.7887486       -0.9492870        0.1605384        0.1593045         6.277287    
 ten31                tensio       -0.8088404       -0.9492870        0.1404466         1.000000       -0.8088404       -0.9492870        0.1404466        0.1593045         6.277287    
 ten32                tensio       -0.8283582       -0.9492870        0.1209288         1.000000       -0.8283582       -0.9492870        0.1209288        0.1593045         6.277287    
 ten33                tensio       -0.8467279       -0.9529470        0.1062191         1.000000       -0.8467279       -0.9529470        0.1062191        0.1593045         6.277287    
 ten34                tensio       -0.8639495       -0.9529470        8.8997517E-02     1.000000       -0.8639495       -0.9529470        8.8997517E-02    0.1593045         6.277287    
 ten35                tensio       -0.8828932       -0.9529470        7.0053774E-02     1.000000       -0.8828932       -0.9529470        7.0053774E-02    0.1593045         6.277287    
 ten36                tensio       -0.8960964       -0.9566360        6.0539559E-02     1.000000       -0.8960964       -0.9566360        6.0539559E-02    0.1593045         6.277287    
 ten37                tensio       -0.9064294       -0.9566360        5.0206608E-02     1.000000       -0.9064294       -0.9566360        5.0206608E-02    0.1593045         6.277287    
 ten38                tensio       -0.9173364       -0.9566360        3.9299605E-02     1.000000       -0.9173364       -0.9566360        3.9299605E-02    0.1593045         6.277287    
 ten39                tensio       -0.9282434       -0.9603550        3.2111602E-02     1.000000       -0.9282434       -0.9603550        3.2111602E-02    0.1593045         6.277287    
 ten40                tensio       -0.9380023       -0.9603550        2.2352704E-02     1.000000       -0.9380023       -0.9603550        2.2352704E-02    0.1593045         6.277287    
 ten41                tensio       -0.9477612       -0.9603550        1.2593806E-02     1.000000       -0.9477612       -0.9603550        1.2593806E-02    0.1593045         6.277287    
 ten42                tensio       -0.9552239       -0.9641030        8.8791194E-03     1.000000       -0.9552239       -0.9641030        8.8791194E-03    0.1593045         6.277287    
 ten43                tensio       -0.9632606       -0.9641030        8.4238002E-04     1.000000       -0.9632606       -0.9641030        8.4238002E-04    0.1593045         6.277287    
 ten44                tensio       -0.9712974       -0.9678830       -3.4143594E-03     1.000000       -0.9712974       -0.9678830       -3.4143594E-03    0.1593045         6.277287    
 ten45                tensio       -0.9799082       -0.9678830       -1.2025152E-02     1.000000       -0.9799082       -0.9678830       -1.2025152E-02    0.1593045         6.277287    
 ten46                tensio       -0.9862227       -0.9678830       -1.8339732E-02     1.000000       -0.9862227       -0.9678830       -1.8339732E-02    0.1593045         6.277287    
 ten47                tensio       -0.9936854       -0.9716930       -2.1992419E-02     1.000000       -0.9936854       -0.9716930       -2.1992419E-02    0.1593045         6.277287    
 ten48                tensio        -1.000574       -0.9716930       -2.8881053E-02     1.000000        -1.000574       -0.9716930       -2.8881053E-02    0.1593045         6.277287    
 ten49                tensio        -1.006889       -0.9755350       -3.1353634E-02     1.000000        -1.006889       -0.9755350       -3.1353634E-02    0.1593045         6.277287    
 ten50                tensio        -1.013203       -0.9755350       -3.7668215E-02     1.000000        -1.013203       -0.9755350       -3.7668215E-02    0.1593045         6.277287    
 ten51                tensio        -1.020092       -0.9794080       -4.0683848E-02     1.000000        -1.020092       -0.9794080       -4.0683848E-02    0.1593045         6.277287    
 ten52                tensio        -1.025832       -0.9872510       -3.8581377E-02     1.000000        -1.025832       -0.9872510       -3.8581377E-02    0.1593045         6.277287    
 ten53                tensio        -1.030999       -0.9952270       -3.5771852E-02     1.000000        -1.030999       -0.9952270       -3.5771852E-02    0.1593045         6.277287    
 ten54                tensio        -1.035591        -1.003338       -3.2253274E-02     1.000000        -1.035591        -1.003338       -3.2253274E-02    0.1593045         6.277287    
 ten55                tensio        -1.039610        -1.011589       -2.8020644E-02     1.000000        -1.039610        -1.011589       -2.8020644E-02    0.1593045         6.277287    
 ten56                tensio        -1.044202        -1.019984       -2.4218067E-02     1.000000        -1.044202        -1.019984       -2.4218067E-02    0.1593045         6.277287    
 ten57                tensio        -1.049943        -1.024236       -2.5706595E-02     1.000000        -1.049943        -1.024236       -2.5706595E-02    0.1593045         6.277287    
 ten58                tensio        -1.052813        -1.032853       -1.9959859E-02     1.000000        -1.052813        -1.032853       -1.9959859E-02    0.1593045         6.277287    
 ten59                tensio        -1.056257        -1.037220       -1.9037176E-02     1.000000        -1.056257        -1.037220       -1.9037176E-02    0.1593045         6.277287    
 ten60                tensio        -1.060850        -1.046070       -1.4779598E-02     1.000000        -1.060850        -1.046070       -1.4779598E-02    0.1593045         6.277287    
 ten61                tensio        -1.063720        -1.050555       -1.3164862E-02     1.000000        -1.063720        -1.050555       -1.3164862E-02    0.1593045         6.277287    
 ten62                tensio        -1.068312        -1.059649       -8.6632847E-03     1.000000        -1.068312        -1.059649       -8.6632847E-03    0.1593045         6.277287    
 ten63                tensio        -1.072331        -1.064258       -8.0726544E-03     1.000000        -1.072331        -1.064258       -8.0726544E-03    0.1593045         6.277287    
 ten64                tensio        -1.075775        -1.068910       -6.8649713E-03     1.000000        -1.075775        -1.068910       -6.8649713E-03    0.1593045         6.277287    
 ten65                tensio        -1.078071        -1.073606       -4.4651825E-03     1.000000        -1.078071        -1.073606       -4.4651825E-03    0.1593045         6.277287    
 ten66                tensio        -1.082090        -1.078345       -3.7445522E-03     1.000000        -1.082090        -1.078345       -3.7445522E-03    0.1593045         6.277287    
 ten67                tensio        -1.085534        -1.087959        2.4251309E-03     1.000000        -1.085534        -1.087959        2.4251309E-03    0.1593045         6.277287    
 ten68                tensio        -1.088404        -1.092834        4.4298668E-03     1.000000        -1.088404        -1.092834        4.4298668E-03    0.1593045         6.277287    
 ten69                tensio        -1.091274        -1.097757        6.4826028E-03     1.000000        -1.091274        -1.097757        6.4826028E-03    0.1593045         6.277287    
 ten70                tensio        -1.092423        -1.102726        1.0303497E-02     1.000000        -1.092423        -1.102726        1.0303497E-02    0.1593045         6.277287    
 ten71                tensio        -1.097015        -1.107744        1.0729075E-02     1.000000        -1.097015        -1.107744        1.0729075E-02    0.1593045         6.277287    
 ten72                tensio        -1.100459        -1.112811        1.2351758E-02     1.000000        -1.100459        -1.112811        1.2351758E-02    0.1593045         6.277287    
 ten73                tensio        -1.102181        -1.117928        1.5746599E-02     1.000000        -1.102181        -1.117928        1.5746599E-02    0.1593045         6.277287    
 ten74                tensio        -1.105052        -1.123095        1.8043335E-02     1.000000        -1.105052        -1.123095        1.8043335E-02    0.1593045         6.277287    
 ten75                tensio        -1.107348        -1.128313        2.0965124E-02     1.000000        -1.107348        -1.128313        2.0965124E-02    0.1593045         6.277287    
 ten76                tensio        -1.109644        -1.128313        1.8668913E-02     1.000000        -1.109644        -1.128313        1.8668913E-02    0.1593045         6.277287    
 ten77                tensio        -1.113088        -1.133584        2.0495596E-02     1.000000        -1.113088        -1.133584        2.0495596E-02    0.1593045         6.277287    
 ten78                tensio        -1.114237        -1.138908        2.4671490E-02     1.000000        -1.114237        -1.138908        2.4671490E-02    0.1593045         6.277287    
 ten79                tensio        -1.117107        -1.144285        2.7178226E-02     1.000000        -1.117107        -1.144285        2.7178226E-02    0.1593045         6.277287    
 ten80                tensio        -1.120551        -1.149717        2.9165909E-02     1.000000        -1.120551        -1.149717        2.9165909E-02    0.1593045         6.277287    
 ten81                tensio        -1.122847        -1.155205        3.2357698E-02     1.000000        -1.122847        -1.155205        3.2357698E-02    0.1593045         6.277287    
 ten82                tensio        -1.125144        -1.155205        3.0061487E-02     1.000000        -1.125144        -1.155205        3.0061487E-02    0.1593045         6.277287    
 ten83                tensio        -1.128014        -1.160750        3.2736223E-02     1.000000        -1.128014        -1.160750        3.2736223E-02    0.1593045         6.277287    
 ten84                tensio        -1.130310        -1.166352        3.6042011E-02     1.000000        -1.130310        -1.166352        3.6042011E-02    0.1593045         6.277287    
 ten85                tensio        -1.131458        -1.166352        3.4893906E-02     1.000000        -1.131458        -1.166352        3.4893906E-02    0.1593045         6.277287    
 ten86                tensio        -1.135476        -1.172013        3.6536536E-02     1.000000        -1.135476        -1.172013        3.6536536E-02    0.1593045         6.277287    
 ten87                tensio        -1.137199        -1.177733        4.0534378E-02     1.000000        -1.137199        -1.177733        4.0534378E-02    0.1593045         6.277287    
 ten88                tensio        -1.137773        -1.183513        4.5740325E-02     1.000000        -1.137773        -1.183513        4.5740325E-02    0.1593045         6.277287    
 ten89                tensio        -1.139495        -1.183513        4.4018166E-02     1.000000        -1.139495        -1.183513        4.4018166E-02    0.1593045         6.277287    
 ten90                tensio        -1.142939        -1.189355        4.6415850E-02     1.000000        -1.142939        -1.189355        4.6415850E-02    0.1593045         6.277287    
 ten91                tensio        -1.144661        -1.189355        4.4693691E-02     1.000000        -1.144661        -1.189355        4.4693691E-02    0.1593045         6.277287    
 ten92                tensio        -1.146958        -1.195260        4.8302480E-02     1.000000        -1.146958        -1.195260        4.8302480E-02    0.1593045         6.277287    
 ten93                tensio        -1.148106        -1.201228        5.3122374E-02     1.000000        -1.148106        -1.201228        5.3122374E-02    0.1593045         6.277287    
 ten94                tensio        -1.150402        -1.201228        5.0826163E-02     1.000000        -1.150402        -1.201228        5.0826163E-02    0.1593045         6.277287    
 ten95                tensio        -1.157290        -1.207261        4.9970529E-02     1.000000        -1.157290        -1.207261        4.9970529E-02    0.1593045         6.277287    
 ten96                tensio        -1.153846        -1.207261        5.3414846E-02     1.000000        -1.153846        -1.207261        5.3414846E-02    0.1593045         6.277287    
