 Name                 Group          Measured         Modelled         Residual         Weight       Weight*Measured    Weight*Modelled  Weight*Residual  Measurement_sd   Natural_weight
 ten1                 tensio        -1.464409        -1.738142        0.2737333         1.000000        -1.464409        -1.738142        0.2737333        0.1550516         6.449465    
 ten2                 tensio        -1.460964        -1.738142        0.2771776         1.000000        -1.460964        -1.738142        0.2771776        0.1550516         6.449465    
 ten3                 tensio        -1.458668        -1.738142        0.2794738         1.000000        -1.458668        -1.738142        0.2794738        0.1550516         6.449465    
 ten4                 tensio        -1.459816        -1.738142        0.2783257         1.000000        -1.459816        -1.738142        0.2783257        0.1550516         6.449465    
 ten5                 tensio        -1.456946        -1.738142        0.2811960         1.000000        -1.456946        -1.738142        0.2811960        0.1550516         6.449465    
 ten6                 tensio        -1.461538        -1.738142        0.2766035         1.000000        -1.461538        -1.738142        0.2766035        0.1550516         6.449465    
 ten7                 tensio        -1.460390        -1.738142        0.2777516         1.000000        -1.460390        -1.738142        0.2777516        0.1550516         6.449465    
 ten8                 tensio        -1.458668        -1.738142        0.2794738         1.000000        -1.458668        -1.738142        0.2794738        0.1550516         6.449465    
 ten9                 tensio        -1.462113        -1.738142        0.2760295         1.000000        -1.462113        -1.738142        0.2760295        0.1550516         6.449465    
 ten10                tensio        -1.453502        -1.738142        0.2846403         1.000000        -1.453502        -1.738142        0.2846403        0.1550516         6.449465    
 ten11                tensio        -1.454076        -1.738142        0.2840662         1.000000        -1.454076        -1.738142        0.2840662        0.1550516         6.449465    
 ten12                tensio        -1.451780        -1.738142        0.2863624         1.000000        -1.451780        -1.738142        0.2863624        0.1550516         6.449465    
 ten13                tensio        -1.452354        -1.738142        0.2857884         1.000000        -1.452354        -1.738142        0.2857884        0.1550516         6.449465    
 ten14                tensio        -1.458668        -1.738142        0.2794738         1.000000        -1.458668        -1.738142        0.2794738        0.1550516         6.449465    
 ten15                tensio        -1.452354        -1.738142        0.2857884         1.000000        -1.452354        -1.738142        0.2857884        0.1550516         6.449465    
 ten16                tensio        -1.448909        -1.738142        0.2892327         1.000000        -1.448909        -1.738142        0.2892327        0.1550516         6.449465    
 ten17                tensio        -1.449483        -1.738142        0.2886586         1.000000        -1.449483        -1.738142        0.2886586        0.1550516         6.449465    
 ten18                tensio        -1.430540        -1.738142        0.3076024         1.000000        -1.430540        -1.738142        0.3076024        0.1550516         6.449465    
 ten19                tensio        -1.404133        -1.738142        0.3340088         1.000000        -1.404133        -1.738142        0.3340088        0.1550516         6.449465    
 ten20                tensio        -1.320321        -1.738142        0.4178205         1.000000        -1.320321        -1.738142        0.4178205        0.1550516         6.449465    
 ten21                tensio        -1.060276        -1.094651        3.4375455E-02     1.000000        -1.060276        -1.094651        3.4375455E-02    0.1550516         6.449465    
 ten22                tensio       -0.7824340       -0.9532410        0.1708070         1.000000       -0.7824340       -0.9532410        0.1708070        0.1550516         6.449465    
 ten23                tensio       -0.7169920       -0.8938970        0.1769050         1.000000       -0.7169920       -0.8938970        0.1769050        0.1550516         6.449465    
 ten24                tensio       -0.7112514       -0.8869980        0.1757466         1.000000       -0.7112514       -0.8869980        0.1757466        0.1550516         6.449465    
 ten25                tensio       -0.7123995       -0.8869980        0.1745985         1.000000       -0.7123995       -0.8869980        0.1745985        0.1550516         6.449465    
 ten26                tensio       -0.7152698       -0.8869980        0.1717282         1.000000       -0.7152698       -0.8869980        0.1717282        0.1550516         6.449465    
 ten27                tensio       -0.7169920       -0.8904340        0.1734420         1.000000       -0.7169920       -0.8904340        0.1734420        0.1550516         6.449465    
 ten28                tensio       -0.7307692       -0.8904340        0.1596648         1.000000       -0.7307692       -0.8904340        0.1596648        0.1550516         6.449465    
 ten29                tensio       -0.7669346       -0.8904340        0.1234994         1.000000       -0.7669346       -0.8904340        0.1234994        0.1550516         6.449465    
 ten30                tensio       -0.7887486       -0.8938970        0.1051484         1.000000       -0.7887486       -0.8938970        0.1051484        0.1550516         6.449465    
 ten31                tensio       -0.8088404       -0.8938970        8.5056587E-02     1.000000       -0.8088404       -0.8938970        8.5056587E-02    0.1550516         6.449465    
 ten32                tensio       -0.8283582       -0.8938970        6.5538791E-02     1.000000       -0.8283582       -0.8938970        6.5538791E-02    0.1550516         6.449465    
 ten33                tensio       -0.8467279       -0.8973870        5.0659101E-02     1.000000       -0.8467279       -0.8973870        5.0659101E-02    0.1550516         6.449465    
 ten34                tensio       -0.8639495       -0.8973870        3.3437517E-02     1.000000       -0.8639495       -0.8973870        3.3437517E-02    0.1550516         6.449465    
 ten35                tensio       -0.8828932       -0.8973870        1.4493774E-02     1.000000       -0.8828932       -0.8973870        1.4493774E-02    0.1550516         6.449465    
 ten36                tensio       -0.8960964       -0.9009050        4.8085591E-03     1.000000       -0.8960964       -0.9009050        4.8085591E-03    0.1550516         6.449465    
 ten37                tensio       -0.9064294       -0.9009050       -5.5243915E-03     1.000000       -0.9064294       -0.9009050       -5.5243915E-03    0.1550516         6.449465    
 ten38                tensio       -0.9173364       -0.9009050       -1.6431395E-02     1.000000       -0.9173364       -0.9009050       -1.6431395E-02    0.1550516         6.449465    
 ten39                tensio       -0.9282434       -0.9044500       -2.3793398E-02     1.000000       -0.9282434       -0.9044500       -2.3793398E-02    0.1550516         6.449465    
 ten40                tensio       -0.9380023       -0.9044500       -3.3552296E-02     1.000000       -0.9380023       -0.9044500       -3.3552296E-02    0.1550516         6.449465    
 ten41                tensio       -0.9477612       -0.9044500       -4.3311194E-02     1.000000       -0.9477612       -0.9044500       -4.3311194E-02    0.1550516         6.449465    
 ten42                tensio       -0.9552239       -0.9080230       -4.7200881E-02     1.000000       -0.9552239       -0.9080230       -4.7200881E-02    0.1550516         6.449465    
 ten43                tensio       -0.9632606       -0.9080230       -5.5237620E-02     1.000000       -0.9632606       -0.9080230       -5.5237620E-02    0.1550516         6.449465    
 ten44                tensio       -0.9712974       -0.9116250       -5.9672359E-02     1.000000       -0.9712974       -0.9116250       -5.9672359E-02    0.1550516         6.449465    
 ten45                tensio       -0.9799082       -0.9116250       -6.8283152E-02     1.000000       -0.9799082       -0.9116250       -6.8283152E-02    0.1550516         6.449465    
 ten46                tensio       -0.9862227       -0.9116250       -7.4597732E-02     1.000000       -0.9862227       -0.9116250       -7.4597732E-02    0.1550516         6.449465    
 ten47                tensio       -0.9936854       -0.9152560       -7.8429419E-02     1.000000       -0.9936854       -0.9152560       -7.8429419E-02    0.1550516         6.449465    
 ten48                tensio        -1.000574       -0.9152560       -8.5318053E-02     1.000000        -1.000574       -0.9152560       -8.5318053E-02    0.1550516         6.449465    
 ten49                tensio        -1.006889       -0.9189160       -8.7972634E-02     1.000000        -1.006889       -0.9189160       -8.7972634E-02    0.1550516         6.449465    
 ten50                tensio        -1.013203       -0.9189160       -9.4287215E-02     1.000000        -1.013203       -0.9189160       -9.4287215E-02    0.1550516         6.449465    
 ten51                tensio        -1.020092       -0.9226060       -9.7485848E-02     1.000000        -1.020092       -0.9226060       -9.7485848E-02    0.1550516         6.449465    
 ten52                tensio        -1.025832       -0.9300760       -9.5756377E-02     1.000000        -1.025832       -0.9300760       -9.5756377E-02    0.1550516         6.449465    
 ten53                tensio        -1.030999       -0.9376700       -9.3328852E-02     1.000000        -1.030999       -0.9376700       -9.3328852E-02    0.1550516         6.449465    
 ten54                tensio        -1.035591       -0.9453900       -9.0201274E-02     1.000000        -1.035591       -0.9453900       -9.0201274E-02    0.1550516         6.449465    
 ten55                tensio        -1.039610       -0.9532410       -8.6368644E-02     1.000000        -1.039610       -0.9532410       -8.6368644E-02    0.1550516         6.449465    
 ten56                tensio        -1.044202       -0.9612250       -8.2977067E-02     1.000000        -1.044202       -0.9612250       -8.2977067E-02    0.1550516         6.449465    
 ten57                tensio        -1.049943       -0.9693470       -8.0595595E-02     1.000000        -1.049943       -0.9693470       -8.0595595E-02    0.1550516         6.449465    
 ten58                tensio        -1.052813       -0.9734600       -7.9352859E-02     1.000000        -1.052813       -0.9734600       -7.9352859E-02    0.1550516         6.449465    
 ten59                tensio        -1.056257       -0.9817950       -7.4462176E-02     1.000000        -1.056257       -0.9817950       -7.4462176E-02    0.1550516         6.449465    
 ten60                tensio        -1.060850       -0.9860180       -7.4831598E-02     1.000000        -1.060850       -0.9860180       -7.4831598E-02    0.1550516         6.449465    
 ten61                tensio        -1.063720       -0.9945760       -6.9143862E-02     1.000000        -1.063720       -0.9945760       -6.9143862E-02    0.1550516         6.449465    
 ten62                tensio        -1.068312       -0.9989120       -6.9400285E-02     1.000000        -1.068312       -0.9989120       -6.9400285E-02    0.1550516         6.449465    
 ten63                tensio        -1.072331        -1.003287       -6.9043654E-02     1.000000        -1.072331        -1.003287       -6.9043654E-02    0.1550516         6.449465    
 ten64                tensio        -1.075775        -1.012157       -6.3617971E-02     1.000000        -1.075775        -1.012157       -6.3617971E-02    0.1550516         6.449465    
 ten65                tensio        -1.078071        -1.016653       -6.1418183E-02     1.000000        -1.078071        -1.016653       -6.1418183E-02    0.1550516         6.449465    
 ten66                tensio        -1.082090        -1.021190       -6.0899552E-02     1.000000        -1.082090        -1.021190       -6.0899552E-02    0.1550516         6.449465    
 ten67                tensio        -1.085534        -1.025769       -5.9764869E-02     1.000000        -1.085534        -1.025769       -5.9764869E-02    0.1550516         6.449465    
 ten68                tensio        -1.088404        -1.030390       -5.8014133E-02     1.000000        -1.088404        -1.030390       -5.8014133E-02    0.1550516         6.449465    
 ten69                tensio        -1.091274        -1.039764       -5.1510397E-02     1.000000        -1.091274        -1.039764       -5.1510397E-02    0.1550516         6.449465    
 ten70                tensio        -1.092423        -1.044517       -4.7905503E-02     1.000000        -1.092423        -1.044517       -4.7905503E-02    0.1550516         6.449465    
 ten71                tensio        -1.097015        -1.049315       -4.7699925E-02     1.000000        -1.097015        -1.049315       -4.7699925E-02    0.1550516         6.449465    
 ten72                tensio        -1.100459        -1.054159       -4.6300242E-02     1.000000        -1.100459        -1.054159       -4.6300242E-02    0.1550516         6.449465    
 ten73                tensio        -1.102181        -1.059050       -4.3131401E-02     1.000000        -1.102181        -1.059050       -4.3131401E-02    0.1550516         6.449465    
 ten74                tensio        -1.105052        -1.063988       -4.1063665E-02     1.000000        -1.105052        -1.063988       -4.1063665E-02    0.1550516         6.449465    
 ten75                tensio        -1.107348        -1.068974       -3.8373876E-02     1.000000        -1.107348        -1.068974       -3.8373876E-02    0.1550516         6.449465    
 ten76                tensio        -1.109644        -1.068974       -4.0670087E-02     1.000000        -1.109644        -1.068974       -4.0670087E-02    0.1550516         6.449465    
 ten77                tensio        -1.113088        -1.074009       -3.9079404E-02     1.000000        -1.113088        -1.074009       -3.9079404E-02    0.1550516         6.449465    
 ten78                tensio        -1.114237        -1.079093       -3.5143510E-02     1.000000        -1.114237        -1.079093       -3.5143510E-02    0.1550516         6.449465    
 ten79                tensio        -1.117107        -1.084228       -3.2878774E-02     1.000000        -1.117107        -1.084228       -3.2878774E-02    0.1550516         6.449465    
 ten80                tensio        -1.120551        -1.089414       -3.1137091E-02     1.000000        -1.120551        -1.089414       -3.1137091E-02    0.1550516         6.449465    
 ten81                tensio        -1.122847        -1.094651       -2.8196302E-02     1.000000        -1.122847        -1.094651       -2.8196302E-02    0.1550516         6.449465    
 ten82                tensio        -1.125144        -1.094651       -3.0492513E-02     1.000000        -1.125144        -1.094651       -3.0492513E-02    0.1550516         6.449465    
 ten83                tensio        -1.128014        -1.099942       -2.8071777E-02     1.000000        -1.128014        -1.099942       -2.8071777E-02    0.1550516         6.449465    
 ten84                tensio        -1.130310        -1.105286       -2.5023989E-02     1.000000        -1.130310        -1.105286       -2.5023989E-02    0.1550516         6.449465    
 ten85                tensio        -1.131458        -1.110685       -2.0773094E-02     1.000000        -1.131458        -1.110685       -2.0773094E-02    0.1550516         6.449465    
 ten86                tensio        -1.135476        -1.110685       -2.4791464E-02     1.000000        -1.135476        -1.110685       -2.4791464E-02    0.1550516         6.449465    
 ten87                tensio        -1.137199        -1.116139       -2.1059622E-02     1.000000        -1.137199        -1.116139       -2.1059622E-02    0.1550516         6.449465    
 ten88                tensio        -1.137773        -1.121650       -1.6122675E-02     1.000000        -1.137773        -1.121650       -1.6122675E-02    0.1550516         6.449465    
 ten89                tensio        -1.139495        -1.121650       -1.7844834E-02     1.000000        -1.139495        -1.121650       -1.7844834E-02    0.1550516         6.449465    
 ten90                tensio        -1.142939        -1.127217       -1.5722150E-02     1.000000        -1.142939        -1.127217       -1.5722150E-02    0.1550516         6.449465    
 ten91                tensio        -1.144661        -1.132843       -1.1818309E-02     1.000000        -1.144661        -1.132843       -1.1818309E-02    0.1550516         6.449465    
 ten92                tensio        -1.146958        -1.132843       -1.4114520E-02     1.000000        -1.146958        -1.132843       -1.4114520E-02    0.1550516         6.449465    
 ten93                tensio        -1.148106        -1.138528       -9.5776257E-03     1.000000        -1.148106        -1.138528       -9.5776257E-03    0.1550516         6.449465    
 ten94                tensio        -1.150402        -1.144273       -6.1288370E-03     1.000000        -1.150402        -1.144273       -6.1288370E-03    0.1550516         6.449465    
 ten95                tensio        -1.157290        -1.144273       -1.3017471E-02     1.000000        -1.157290        -1.144273       -1.3017471E-02    0.1550516         6.449465    
 ten96                tensio        -1.153846        -1.150080       -3.7661539E-03     1.000000        -1.153846        -1.150080       -3.7661539E-03    0.1550516         6.449465    
