 Name                 Group          Measured         Modelled         Residual         Weight       Weight*Measured    Weight*Modelled  Weight*Residual  Measurement_sd   Natural_weight
 ten1                 tensio        -1.464409        -1.734708        0.2702993         1.000000        -1.464409        -1.734708        0.2702993        0.1582857         6.317689    
 ten2                 tensio        -1.460964        -1.734708        0.2737436         1.000000        -1.460964        -1.734708        0.2737436        0.1582857         6.317689    
 ten3                 tensio        -1.458668        -1.734708        0.2760398         1.000000        -1.458668        -1.734708        0.2760398        0.1582857         6.317689    
 ten4                 tensio        -1.459816        -1.734708        0.2748917         1.000000        -1.459816        -1.734708        0.2748917        0.1582857         6.317689    
 ten5                 tensio        -1.456946        -1.734708        0.2777620         1.000000        -1.456946        -1.734708        0.2777620        0.1582857         6.317689    
 ten6                 tensio        -1.461538        -1.734708        0.2731695         1.000000        -1.461538        -1.734708        0.2731695        0.1582857         6.317689    
 ten7                 tensio        -1.460390        -1.734708        0.2743176         1.000000        -1.460390        -1.734708        0.2743176        0.1582857         6.317689    
 ten8                 tensio        -1.458668        -1.734708        0.2760398         1.000000        -1.458668        -1.734708        0.2760398        0.1582857         6.317689    
 ten9                 tensio        -1.462113        -1.734708        0.2725955         1.000000        -1.462113        -1.734708        0.2725955        0.1582857         6.317689    
 ten10                tensio        -1.453502        -1.734708        0.2812063         1.000000        -1.453502        -1.734708        0.2812063        0.1582857         6.317689    
 ten11                tensio        -1.454076        -1.734708        0.2806322         1.000000        -1.454076        -1.734708        0.2806322        0.1582857         6.317689    
 ten12                tensio        -1.451780        -1.734708        0.2829284         1.000000        -1.451780        -1.734708        0.2829284        0.1582857         6.317689    
 ten13                tensio        -1.452354        -1.734708        0.2823544         1.000000        -1.452354        -1.734708        0.2823544        0.1582857         6.317689    
 ten14                tensio        -1.458668        -1.734708        0.2760398         1.000000        -1.458668        -1.734708        0.2760398        0.1582857         6.317689    
 ten15                tensio        -1.452354        -1.734708        0.2823544         1.000000        -1.452354        -1.734708        0.2823544        0.1582857         6.317689    
 ten16                tensio        -1.448909        -1.734708        0.2857987         1.000000        -1.448909        -1.734708        0.2857987        0.1582857         6.317689    
 ten17                tensio        -1.449483        -1.734708        0.2852246         1.000000        -1.449483        -1.734708        0.2852246        0.1582857         6.317689    
 ten18                tensio        -1.430540        -1.734708        0.3041684         1.000000        -1.430540        -1.734708        0.3041684        0.1582857         6.317689    
 ten19                tensio        -1.404133        -1.734708        0.3305748         1.000000        -1.404133        -1.734708        0.3305748        0.1582857         6.317689    
 ten20                tensio        -1.320321        -1.734708        0.4143865         1.000000        -1.320321        -1.734708        0.4143865        0.1582857         6.317689    
 ten21                tensio        -1.060276        -1.087862        2.7586455E-02     1.000000        -1.060276        -1.087862        2.7586455E-02    0.1582857         6.317689    
 ten22                tensio       -0.7824340       -0.9280500        0.1456160         1.000000       -0.7824340       -0.9280500        0.1456160        0.1582857         6.317689    
 ten23                tensio       -0.7169920       -0.8697400        0.1527480         1.000000       -0.7169920       -0.8697400        0.1527480        0.1582857         6.317689    
 ten24                tensio       -0.7112514       -0.8629590        0.1517076         1.000000       -0.7112514       -0.8629590        0.1517076        0.1582857         6.317689    
 ten25                tensio       -0.7123995       -0.8629590        0.1505595         1.000000       -0.7123995       -0.8629590        0.1505595        0.1582857         6.317689    
 ten26                tensio       -0.7152698       -0.8629590        0.1476892         1.000000       -0.7152698       -0.8629590        0.1476892        0.1582857         6.317689    
 ten27                tensio       -0.7169920       -0.8629590        0.1459670         1.000000       -0.7169920       -0.8629590        0.1459670        0.1582857         6.317689    
 ten28                tensio       -0.7307692       -0.8663360        0.1355668         1.000000       -0.7307692       -0.8663360        0.1355668        0.1582857         6.317689    
 ten29                tensio       -0.7669346       -0.8663360        9.9401442E-02     1.000000       -0.7669346       -0.8663360        9.9401442E-02    0.1582857         6.317689    
 ten30                tensio       -0.7887486       -0.8663360        7.7587435E-02     1.000000       -0.7887486       -0.8663360        7.7587435E-02    0.1582857         6.317689    
 ten31                tensio       -0.8088404       -0.8697400        6.0899587E-02     1.000000       -0.8088404       -0.8697400        6.0899587E-02    0.1582857         6.317689    
 ten32                tensio       -0.8283582       -0.8697400        4.1381791E-02     1.000000       -0.8283582       -0.8697400        4.1381791E-02    0.1582857         6.317689    
 ten33                tensio       -0.8467279       -0.8697400        2.3012101E-02     1.000000       -0.8467279       -0.8697400        2.3012101E-02    0.1582857         6.317689    
 ten34                tensio       -0.8639495       -0.8731700        9.2205166E-03     1.000000       -0.8639495       -0.8731700        9.2205166E-03    0.1582857         6.317689    
 ten35                tensio       -0.8828932       -0.8731700       -9.7232262E-03     1.000000       -0.8828932       -0.8731700       -9.7232262E-03    0.1582857         6.317689    
 ten36                tensio       -0.8960964       -0.8731700       -2.2926441E-02     1.000000       -0.8960964       -0.8731700       -2.2926441E-02    0.1582857         6.317689    
 ten37                tensio       -0.9064294       -0.8766270       -2.9802392E-02     1.000000       -0.9064294       -0.8766270       -2.9802392E-02    0.1582857         6.317689    
 ten38                tensio       -0.9173364       -0.8766270       -4.0709395E-02     1.000000       -0.9173364       -0.8766270       -4.0709395E-02    0.1582857         6.317689    
 ten39                tensio       -0.9282434       -0.8766270       -5.1616398E-02     1.000000       -0.9282434       -0.8766270       -5.1616398E-02    0.1582857         6.317689    
 ten40                tensio       -0.9380023       -0.8801120       -5.7890296E-02     1.000000       -0.9380023       -0.8801120       -5.7890296E-02    0.1582857         6.317689    
 ten41                tensio       -0.9477612       -0.8801120       -6.7649194E-02     1.000000       -0.9477612       -0.8801120       -6.7649194E-02    0.1582857         6.317689    
 ten42                tensio       -0.9552239       -0.8836240       -7.1599881E-02     1.000000       -0.9552239       -0.8836240       -7.1599881E-02    0.1582857         6.317689    
 ten43                tensio       -0.9632606       -0.8836240       -7.9636620E-02     1.000000       -0.9632606       -0.8836240       -7.9636620E-02    0.1582857         6.317689    
 ten44                tensio       -0.9712974       -0.8836240       -8.7673359E-02     1.000000       -0.9712974       -0.8836240       -8.7673359E-02    0.1582857         6.317689    
 ten45                tensio       -0.9799082       -0.8871630       -9.2745152E-02     1.000000       -0.9799082       -0.8871630       -9.2745152E-02    0.1582857         6.317689    
 ten46                tensio       -0.9862227       -0.8871630       -9.9059732E-02     1.000000       -0.9862227       -0.8871630       -9.9059732E-02    0.1582857         6.317689    
 ten47                tensio       -0.9936854       -0.8907310       -0.1029544         1.000000       -0.9936854       -0.8907310       -0.1029544        0.1582857         6.317689    
 ten48                tensio        -1.000574       -0.8907310       -0.1098431         1.000000        -1.000574       -0.8907310       -0.1098431        0.1582857         6.317689    
 ten49                tensio        -1.006889       -0.8907310       -0.1161576         1.000000        -1.006889       -0.8907310       -0.1161576        0.1582857         6.317689    
 ten50                tensio        -1.013203       -0.8943280       -0.1188752         1.000000        -1.013203       -0.8943280       -0.1188752        0.1582857         6.317689    
 ten51                tensio        -1.020092       -0.8979540       -0.1221378         1.000000        -1.020092       -0.8979540       -0.1221378        0.1582857         6.317689    
 ten52                tensio        -1.025832       -0.9052940       -0.1205384         1.000000        -1.025832       -0.9052940       -0.1205384        0.1582857         6.317689    
 ten53                tensio        -1.030999       -0.9127540       -0.1182449         1.000000        -1.030999       -0.9127540       -0.1182449        0.1582857         6.317689    
 ten54                tensio        -1.035591       -0.9203390       -0.1152523         1.000000        -1.035591       -0.9203390       -0.1152523        0.1582857         6.317689    
 ten55                tensio        -1.039610       -0.9280500       -0.1115596         1.000000        -1.039610       -0.9280500       -0.1115596        0.1582857         6.317689    
 ten56                tensio        -1.044202       -0.9319550       -0.1122471         1.000000        -1.044202       -0.9319550       -0.1122471        0.1582857         6.317689    
 ten57                tensio        -1.049943       -0.9398630       -0.1100796         1.000000        -1.049943       -0.9398630       -0.1100796        0.1582857         6.317689    
 ten58                tensio        -1.052813       -0.9479080       -0.1049049         1.000000        -1.052813       -0.9479080       -0.1049049        0.1582857         6.317689    
 ten59                tensio        -1.056257       -0.9519820       -0.1042752         1.000000        -1.056257       -0.9519820       -0.1042752        0.1582857         6.317689    
 ten60                tensio        -1.060850       -0.9602380       -0.1006116         1.000000        -1.060850       -0.9602380       -0.1006116        0.1582857         6.317689    
 ten61                tensio        -1.063720       -0.9644210       -9.9298862E-02     1.000000        -1.063720       -0.9644210       -9.9298862E-02    0.1582857         6.317689    
 ten62                tensio        -1.068312       -0.9728970       -9.5415285E-02     1.000000        -1.068312       -0.9728970       -9.5415285E-02    0.1582857         6.317689    
 ten63                tensio        -1.072331       -0.9771910       -9.5139654E-02     1.000000        -1.072331       -0.9771910       -9.5139654E-02    0.1582857         6.317689    
 ten64                tensio        -1.075775       -0.9815250       -9.4249971E-02     1.000000        -1.075775       -0.9815250       -9.4249971E-02    0.1582857         6.317689    
 ten65                tensio        -1.078071       -0.9858970       -9.2174183E-02     1.000000        -1.078071       -0.9858970       -9.2174183E-02    0.1582857         6.317689    
 ten66                tensio        -1.082090       -0.9947620       -8.7327552E-02     1.000000        -1.082090       -0.9947620       -8.7327552E-02    0.1582857         6.317689    
 ten67                tensio        -1.085534       -0.9992550       -8.6278869E-02     1.000000        -1.085534       -0.9992550       -8.6278869E-02    0.1582857         6.317689    
 ten68                tensio        -1.088404        -1.003789       -8.4615133E-02     1.000000        -1.088404        -1.003789       -8.4615133E-02    0.1582857         6.317689    
 ten69                tensio        -1.091274        -1.008366       -8.2908397E-02     1.000000        -1.091274        -1.008366       -8.2908397E-02    0.1582857         6.317689    
 ten70                tensio        -1.092423        -1.012985       -7.9437503E-02     1.000000        -1.092423        -1.012985       -7.9437503E-02    0.1582857         6.317689    
 ten71                tensio        -1.097015        -1.017648       -7.9366925E-02     1.000000        -1.097015        -1.017648       -7.9366925E-02    0.1582857         6.317689    
 ten72                tensio        -1.100459        -1.022355       -7.8104242E-02     1.000000        -1.100459        -1.022355       -7.8104242E-02    0.1582857         6.317689    
 ten73                tensio        -1.102181        -1.027106       -7.5075401E-02     1.000000        -1.102181        -1.027106       -7.5075401E-02    0.1582857         6.317689    
 ten74                tensio        -1.105052        -1.031902       -7.3149665E-02     1.000000        -1.105052        -1.031902       -7.3149665E-02    0.1582857         6.317689    
 ten75                tensio        -1.107348        -1.036745       -7.0602876E-02     1.000000        -1.107348        -1.036745       -7.0602876E-02    0.1582857         6.317689    
 ten76                tensio        -1.109644        -1.041634       -6.8010087E-02     1.000000        -1.109644        -1.041634       -6.8010087E-02    0.1582857         6.317689    
 ten77                tensio        -1.113088        -1.046571       -6.6517404E-02     1.000000        -1.113088        -1.046571       -6.6517404E-02    0.1582857         6.317689    
 ten78                tensio        -1.114237        -1.051555       -6.2681510E-02     1.000000        -1.114237        -1.051555       -6.2681510E-02    0.1582857         6.317689    
 ten79                tensio        -1.117107        -1.056589       -6.0517774E-02     1.000000        -1.117107        -1.056589       -6.0517774E-02    0.1582857         6.317689    
 ten80                tensio        -1.120551        -1.061672       -5.8879091E-02     1.000000        -1.120551        -1.061672       -5.8879091E-02    0.1582857         6.317689    
 ten81                tensio        -1.122847        -1.061672       -6.1175302E-02     1.000000        -1.122847        -1.061672       -6.1175302E-02    0.1582857         6.317689    
 ten82                tensio        -1.125144        -1.066806       -5.8337513E-02     1.000000        -1.125144        -1.066806       -5.8337513E-02    0.1582857         6.317689    
 ten83                tensio        -1.128014        -1.071991       -5.6022777E-02     1.000000        -1.128014        -1.071991       -5.6022777E-02    0.1582857         6.317689    
 ten84                tensio        -1.130310        -1.077228       -5.3081989E-02     1.000000        -1.130310        -1.077228       -5.3081989E-02    0.1582857         6.317689    
 ten85                tensio        -1.131458        -1.077228       -5.4230094E-02     1.000000        -1.131458        -1.077228       -5.4230094E-02    0.1582857         6.317689    
 ten86                tensio        -1.135476        -1.082518       -5.2958464E-02     1.000000        -1.135476        -1.082518       -5.2958464E-02    0.1582857         6.317689    
 ten87                tensio        -1.137199        -1.087862       -4.9336622E-02     1.000000        -1.137199        -1.087862       -4.9336622E-02    0.1582857         6.317689    
 ten88                tensio        -1.137773        -1.093260       -4.4512675E-02     1.000000        -1.137773        -1.093260       -4.4512675E-02    0.1582857         6.317689    
 ten89                tensio        -1.139495        -1.093260       -4.6234834E-02     1.000000        -1.139495        -1.093260       -4.6234834E-02    0.1582857         6.317689    
 ten90                tensio        -1.142939        -1.098714       -4.4225150E-02     1.000000        -1.142939        -1.098714       -4.4225150E-02    0.1582857         6.317689    
 ten91                tensio        -1.144661        -1.104224       -4.0437309E-02     1.000000        -1.144661        -1.104224       -4.0437309E-02    0.1582857         6.317689    
 ten92                tensio        -1.146958        -1.104224       -4.2733520E-02     1.000000        -1.146958        -1.104224       -4.2733520E-02    0.1582857         6.317689    
 ten93                tensio        -1.148106        -1.109792       -3.8313626E-02     1.000000        -1.148106        -1.109792       -3.8313626E-02    0.1582857         6.317689    
 ten94                tensio        -1.150402        -1.115418       -3.4983837E-02     1.000000        -1.150402        -1.115418       -3.4983837E-02    0.1582857         6.317689    
 ten95                tensio        -1.157290        -1.115418       -4.1872471E-02     1.000000        -1.157290        -1.115418       -4.1872471E-02    0.1582857         6.317689    
 ten96                tensio        -1.153846        -1.121103       -3.2743154E-02     1.000000        -1.153846        -1.121103       -3.2743154E-02    0.1582857         6.317689    
