 Name                 Group          Measured         Modelled         Residual         Weight       Weight*Measured    Weight*Modelled  Weight*Residual  Measurement_sd   Natural_weight
 ten1                 tensio        -1.464409        -1.753428        0.2890193         1.000000        -1.464409        -1.753428        0.2890193        0.1664572         6.007550    
 ten2                 tensio        -1.460964        -1.753428        0.2924636         1.000000        -1.460964        -1.753428        0.2924636        0.1664572         6.007550    
 ten3                 tensio        -1.458668        -1.753428        0.2947598         1.000000        -1.458668        -1.753428        0.2947598        0.1664572         6.007550    
 ten4                 tensio        -1.459816        -1.753428        0.2936117         1.000000        -1.459816        -1.753428        0.2936117        0.1664572         6.007550    
 ten5                 tensio        -1.456946        -1.753428        0.2964820         1.000000        -1.456946        -1.753428        0.2964820        0.1664572         6.007550    
 ten6                 tensio        -1.461538        -1.753428        0.2918895         1.000000        -1.461538        -1.753428        0.2918895        0.1664572         6.007550    
 ten7                 tensio        -1.460390        -1.753428        0.2930376         1.000000        -1.460390        -1.753428        0.2930376        0.1664572         6.007550    
 ten8                 tensio        -1.458668        -1.753428        0.2947598         1.000000        -1.458668        -1.753428        0.2947598        0.1664572         6.007550    
 ten9                 tensio        -1.462113        -1.753428        0.2913155         1.000000        -1.462113        -1.753428        0.2913155        0.1664572         6.007550    
 ten10                tensio        -1.453502        -1.753428        0.2999263         1.000000        -1.453502        -1.753428        0.2999263        0.1664572         6.007550    
 ten11                tensio        -1.454076        -1.753428        0.2993522         1.000000        -1.454076        -1.753428        0.2993522        0.1664572         6.007550    
 ten12                tensio        -1.451780        -1.753428        0.3016484         1.000000        -1.451780        -1.753428        0.3016484        0.1664572         6.007550    
 ten13                tensio        -1.452354        -1.753428        0.3010744         1.000000        -1.452354        -1.753428        0.3010744        0.1664572         6.007550    
 ten14                tensio        -1.458668        -1.753428        0.2947598         1.000000        -1.458668        -1.753428        0.2947598        0.1664572         6.007550    
 ten15                tensio        -1.452354        -1.753428        0.3010744         1.000000        -1.452354        -1.753428        0.3010744        0.1664572         6.007550    
 ten16                tensio        -1.448909        -1.753428        0.3045187         1.000000        -1.448909        -1.753428        0.3045187        0.1664572         6.007550    
 ten17                tensio        -1.449483        -1.753428        0.3039446         1.000000        -1.449483        -1.753428        0.3039446        0.1664572         6.007550    
 ten18                tensio        -1.430540        -1.753428        0.3228884         1.000000        -1.430540        -1.753428        0.3228884        0.1664572         6.007550    
 ten19                tensio        -1.404133        -1.753428        0.3492948         1.000000        -1.404133        -1.753428        0.3492948        0.1664572         6.007550    
 ten20                tensio        -1.320321        -1.753428        0.4331065         1.000000        -1.320321        -1.753428        0.4331065        0.1664572         6.007550    
 ten21                tensio        -1.060276        -1.121016        6.0740455E-02     1.000000        -1.060276        -1.121016        6.0740455E-02    0.1664572         6.007550    
 ten22                tensio       -0.7824340        -1.006863        0.2244290         1.000000       -0.7824340        -1.006863        0.2244290        0.1664572         6.007550    
 ten23                tensio       -0.7169920       -0.9493620        0.2323700         1.000000       -0.7169920       -0.9493620        0.2323700        0.1664572         6.007550    
 ten24                tensio       -0.7112514       -0.9493620        0.2381106         1.000000       -0.7112514       -0.9493620        0.2381106        0.1664572         6.007550    
 ten25                tensio       -0.7123995       -0.9493620        0.2369625         1.000000       -0.7123995       -0.9493620        0.2369625        0.1664572         6.007550    
 ten26                tensio       -0.7152698       -0.9493620        0.2340922         1.000000       -0.7152698       -0.9493620        0.2340922        0.1664572         6.007550    
 ten27                tensio       -0.7169920       -0.9529830        0.2359910         1.000000       -0.7169920       -0.9529830        0.2359910        0.1664572         6.007550    
 ten28                tensio       -0.7307692       -0.9529830        0.2222138         1.000000       -0.7307692       -0.9529830        0.2222138        0.1664572         6.007550    
 ten29                tensio       -0.7669346       -0.9529830        0.1860484         1.000000       -0.7669346       -0.9529830        0.1860484        0.1664572         6.007550    
 ten30                tensio       -0.7887486       -0.9566320        0.1678834         1.000000       -0.7887486       -0.9566320        0.1678834        0.1664572         6.007550    
 ten31                tensio       -0.8088404       -0.9566320        0.1477916         1.000000       -0.8088404       -0.9566320        0.1477916        0.1664572         6.007550    
 ten32                tensio       -0.8283582       -0.9566320        0.1282738         1.000000       -0.8283582       -0.9566320        0.1282738        0.1664572         6.007550    
 ten33                tensio       -0.8467279       -0.9603100        0.1135821         1.000000       -0.8467279       -0.9603100        0.1135821        0.1664572         6.007550    
 ten34                tensio       -0.8639495       -0.9603100        9.6360517E-02     1.000000       -0.8639495       -0.9603100        9.6360517E-02    0.1664572         6.007550    
 ten35                tensio       -0.8828932       -0.9603100        7.7416774E-02     1.000000       -0.8828932       -0.9603100        7.7416774E-02    0.1664572         6.007550    
 ten36                tensio       -0.8960964       -0.9640170        6.7920559E-02     1.000000       -0.8960964       -0.9640170        6.7920559E-02    0.1664572         6.007550    
 ten37                tensio       -0.9064294       -0.9640170        5.7587608E-02     1.000000       -0.9064294       -0.9640170        5.7587608E-02    0.1664572         6.007550    
 ten38                tensio       -0.9173364       -0.9640170        4.6680605E-02     1.000000       -0.9173364       -0.9640170        4.6680605E-02    0.1664572         6.007550    
 ten39                tensio       -0.9282434       -0.9677550        3.9511602E-02     1.000000       -0.9282434       -0.9677550        3.9511602E-02    0.1664572         6.007550    
 ten40                tensio       -0.9380023       -0.9677550        2.9752704E-02     1.000000       -0.9380023       -0.9677550        2.9752704E-02    0.1664572         6.007550    
 ten41                tensio       -0.9477612       -0.9677550        1.9993806E-02     1.000000       -0.9477612       -0.9677550        1.9993806E-02    0.1664572         6.007550    
 ten42                tensio       -0.9552239       -0.9715220        1.6298119E-02     1.000000       -0.9552239       -0.9715220        1.6298119E-02    0.1664572         6.007550    
 ten43                tensio       -0.9632606       -0.9715220        8.2613800E-03     1.000000       -0.9632606       -0.9715220        8.2613800E-03    0.1664572         6.007550    
 ten44                tensio       -0.9712974       -0.9753210        4.0236406E-03     1.000000       -0.9712974       -0.9753210        4.0236406E-03    0.1664572         6.007550    
 ten45                tensio       -0.9799082       -0.9753210       -4.5871516E-03     1.000000       -0.9799082       -0.9753210       -4.5871516E-03    0.1664572         6.007550    
 ten46                tensio       -0.9862227       -0.9753210       -1.0901732E-02     1.000000       -0.9862227       -0.9753210       -1.0901732E-02    0.1664572         6.007550    
 ten47                tensio       -0.9936854       -0.9791500       -1.4535419E-02     1.000000       -0.9936854       -0.9791500       -1.4535419E-02    0.1664572         6.007550    
 ten48                tensio        -1.000574       -0.9791500       -2.1424053E-02     1.000000        -1.000574       -0.9791500       -2.1424053E-02    0.1664572         6.007550    
 ten49                tensio        -1.006889       -0.9830110       -2.3877634E-02     1.000000        -1.006889       -0.9830110       -2.3877634E-02    0.1664572         6.007550    
 ten50                tensio        -1.013203       -0.9830110       -3.0192215E-02     1.000000        -1.013203       -0.9830110       -3.0192215E-02    0.1664572         6.007550    
 ten51                tensio        -1.020092       -0.9869040       -3.3187848E-02     1.000000        -1.020092       -0.9869040       -3.3187848E-02    0.1664572         6.007550    
 ten52                tensio        -1.025832       -0.9947870       -3.1045377E-02     1.000000        -1.025832       -0.9947870       -3.1045377E-02    0.1664572         6.007550    
 ten53                tensio        -1.030999        -1.002803       -2.8195852E-02     1.000000        -1.030999        -1.002803       -2.8195852E-02    0.1664572         6.007550    
 ten54                tensio        -1.035591        -1.010956       -2.4635274E-02     1.000000        -1.035591        -1.010956       -2.4635274E-02    0.1664572         6.007550    
 ten55                tensio        -1.039610        -1.019250       -2.0359644E-02     1.000000        -1.039610        -1.019250       -2.0359644E-02    0.1664572         6.007550    
 ten56                tensio        -1.044202        -1.027688       -1.6514067E-02     1.000000        -1.044202        -1.027688       -1.6514067E-02    0.1664572         6.007550    
 ten57                tensio        -1.049943        -1.031962       -1.7980595E-02     1.000000        -1.049943        -1.031962       -1.7980595E-02    0.1664572         6.007550    
 ten58                tensio        -1.052813        -1.040625       -1.2187859E-02     1.000000        -1.052813        -1.040625       -1.2187859E-02    0.1664572         6.007550    
 ten59                tensio        -1.056257        -1.045014       -1.1243176E-02     1.000000        -1.056257        -1.045014       -1.1243176E-02    0.1664572         6.007550    
 ten60                tensio        -1.060850        -1.053911       -6.9385982E-03     1.000000        -1.060850        -1.053911       -6.9385982E-03    0.1664572         6.007550    
 ten61                tensio        -1.063720        -1.058420       -5.2998622E-03     1.000000        -1.063720        -1.058420       -5.2998622E-03    0.1664572         6.007550    
 ten62                tensio        -1.068312        -1.067563       -7.4928473E-04     1.000000        -1.068312        -1.067563       -7.4928473E-04    0.1664572         6.007550    
 ten63                tensio        -1.072331        -1.072197       -1.3365442E-04     1.000000        -1.072331        -1.072197       -1.3365442E-04    0.1664572         6.007550    
 ten64                tensio        -1.075775        -1.076874        1.0990287E-03     1.000000        -1.075775        -1.076874        1.0990287E-03    0.1664572         6.007550    
 ten65                tensio        -1.078071        -1.081595        3.5238175E-03     1.000000        -1.078071        -1.081595        3.5238175E-03    0.1664572         6.007550    
 ten66                tensio        -1.082090        -1.091170        9.0804478E-03     1.000000        -1.082090        -1.091170        9.0804478E-03    0.1664572         6.007550    
 ten67                tensio        -1.085534        -1.096026        1.0492131E-02     1.000000        -1.085534        -1.096026        1.0492131E-02    0.1664572         6.007550    
 ten68                tensio        -1.088404        -1.100928        1.2523867E-02     1.000000        -1.088404        -1.100928        1.2523867E-02    0.1664572         6.007550    
 ten69                tensio        -1.091274        -1.105878        1.4603603E-02     1.000000        -1.091274        -1.105878        1.4603603E-02    0.1664572         6.007550    
 ten70                tensio        -1.092423        -1.110875        1.8452497E-02     1.000000        -1.092423        -1.110875        1.8452497E-02    0.1664572         6.007550    
 ten71                tensio        -1.097015        -1.115921        1.8906075E-02     1.000000        -1.097015        -1.115921        1.8906075E-02    0.1664572         6.007550    
 ten72                tensio        -1.100459        -1.121016        2.0556758E-02     1.000000        -1.100459        -1.121016        2.0556758E-02    0.1664572         6.007550    
 ten73                tensio        -1.102181        -1.126161        2.3979599E-02     1.000000        -1.102181        -1.126161        2.3979599E-02    0.1664572         6.007550    
 ten74                tensio        -1.105052        -1.131357        2.6305335E-02     1.000000        -1.105052        -1.131357        2.6305335E-02    0.1664572         6.007550    
 ten75                tensio        -1.107348        -1.136605        2.9257124E-02     1.000000        -1.107348        -1.136605        2.9257124E-02    0.1664572         6.007550    
 ten76                tensio        -1.109644        -1.141906        3.2261913E-02     1.000000        -1.109644        -1.141906        3.2261913E-02    0.1664572         6.007550    
 ten77                tensio        -1.113088        -1.141906        2.8817596E-02     1.000000        -1.113088        -1.141906        2.8817596E-02    0.1664572         6.007550    
 ten78                tensio        -1.114237        -1.147260        3.3023490E-02     1.000000        -1.114237        -1.147260        3.3023490E-02    0.1664572         6.007550    
 ten79                tensio        -1.117107        -1.152668        3.5561226E-02     1.000000        -1.117107        -1.152668        3.5561226E-02    0.1664572         6.007550    
 ten80                tensio        -1.120551        -1.158132        3.7580909E-02     1.000000        -1.120551        -1.158132        3.7580909E-02    0.1664572         6.007550    
 ten81                tensio        -1.122847        -1.163651        4.0803698E-02     1.000000        -1.122847        -1.163651        4.0803698E-02    0.1664572         6.007550    
 ten82                tensio        -1.125144        -1.163651        3.8507487E-02     1.000000        -1.125144        -1.163651        3.8507487E-02    0.1664572         6.007550    
 ten83                tensio        -1.128014        -1.169228        4.1214223E-02     1.000000        -1.128014        -1.169228        4.1214223E-02    0.1664572         6.007550    
 ten84                tensio        -1.130310        -1.174863        4.4553011E-02     1.000000        -1.130310        -1.174863        4.4553011E-02    0.1664572         6.007550    
 ten85                tensio        -1.131458        -1.180556        4.9097906E-02     1.000000        -1.131458        -1.180556        4.9097906E-02    0.1664572         6.007550    
 ten86                tensio        -1.135476        -1.180556        4.5079536E-02     1.000000        -1.135476        -1.180556        4.5079536E-02    0.1664572         6.007550    
 ten87                tensio        -1.137199        -1.186310        4.9111378E-02     1.000000        -1.137199        -1.186310        4.9111378E-02    0.1664572         6.007550    
 ten88                tensio        -1.137773        -1.192125        5.4352325E-02     1.000000        -1.137773        -1.192125        5.4352325E-02    0.1664572         6.007550    
 ten89                tensio        -1.139495        -1.192125        5.2630166E-02     1.000000        -1.139495        -1.192125        5.2630166E-02    0.1664572         6.007550    
 ten90                tensio        -1.142939        -1.198002        5.5062850E-02     1.000000        -1.142939        -1.198002        5.5062850E-02    0.1664572         6.007550    
 ten91                tensio        -1.144661        -1.198002        5.3340691E-02     1.000000        -1.144661        -1.198002        5.3340691E-02    0.1664572         6.007550    
 ten92                tensio        -1.146958        -1.203942        5.6984480E-02     1.000000        -1.146958        -1.203942        5.6984480E-02    0.1664572         6.007550    
 ten93                tensio        -1.148106        -1.209946        6.1840374E-02     1.000000        -1.148106        -1.209946        6.1840374E-02    0.1664572         6.007550    
 ten94                tensio        -1.150402        -1.209946        5.9544163E-02     1.000000        -1.150402        -1.209946        5.9544163E-02    0.1664572         6.007550    
 ten95                tensio        -1.157290        -1.216015        5.8724529E-02     1.000000        -1.157290        -1.216015        5.8724529E-02    0.1664572         6.007550    
 ten96                tensio        -1.153846        -1.216015        6.2168846E-02     1.000000        -1.153846        -1.216015        6.2168846E-02    0.1664572         6.007550    
