 Name                 Group          Measured         Modelled         Residual         Weight       Weight*Measured    Weight*Modelled  Weight*Residual  Measurement_sd   Natural_weight
 ten1                 tensio        -1.464409        -1.743905        0.2794963         1.000000        -1.464409        -1.743905        0.2794963        0.1570646         6.366806    
 ten2                 tensio        -1.460964        -1.743905        0.2829406         1.000000        -1.460964        -1.743905        0.2829406        0.1570646         6.366806    
 ten3                 tensio        -1.458668        -1.743905        0.2852368         1.000000        -1.458668        -1.743905        0.2852368        0.1570646         6.366806    
 ten4                 tensio        -1.459816        -1.743905        0.2840887         1.000000        -1.459816        -1.743905        0.2840887        0.1570646         6.366806    
 ten5                 tensio        -1.456946        -1.743905        0.2869590         1.000000        -1.456946        -1.743905        0.2869590        0.1570646         6.366806    
 ten6                 tensio        -1.461538        -1.743905        0.2823665         1.000000        -1.461538        -1.743905        0.2823665        0.1570646         6.366806    
 ten7                 tensio        -1.460390        -1.743905        0.2835146         1.000000        -1.460390        -1.743905        0.2835146        0.1570646         6.366806    
 ten8                 tensio        -1.458668        -1.743905        0.2852368         1.000000        -1.458668        -1.743905        0.2852368        0.1570646         6.366806    
 ten9                 tensio        -1.462113        -1.743905        0.2817925         1.000000        -1.462113        -1.743905        0.2817925        0.1570646         6.366806    
 ten10                tensio        -1.453502        -1.743905        0.2904033         1.000000        -1.453502        -1.743905        0.2904033        0.1570646         6.366806    
 ten11                tensio        -1.454076        -1.743905        0.2898292         1.000000        -1.454076        -1.743905        0.2898292        0.1570646         6.366806    
 ten12                tensio        -1.451780        -1.743905        0.2921254         1.000000        -1.451780        -1.743905        0.2921254        0.1570646         6.366806    
 ten13                tensio        -1.452354        -1.743905        0.2915514         1.000000        -1.452354        -1.743905        0.2915514        0.1570646         6.366806    
 ten14                tensio        -1.458668        -1.743905        0.2852368         1.000000        -1.458668        -1.743905        0.2852368        0.1570646         6.366806    
 ten15                tensio        -1.452354        -1.743905        0.2915514         1.000000        -1.452354        -1.743905        0.2915514        0.1570646         6.366806    
 ten16                tensio        -1.448909        -1.743905        0.2949957         1.000000        -1.448909        -1.743905        0.2949957        0.1570646         6.366806    
 ten17                tensio        -1.449483        -1.743905        0.2944216         1.000000        -1.449483        -1.743905        0.2944216        0.1570646         6.366806    
 ten18                tensio        -1.430540        -1.743905        0.3133654         1.000000        -1.430540        -1.743905        0.3133654        0.1570646         6.366806    
 ten19                tensio        -1.404133        -1.743905        0.3397718         1.000000        -1.404133        -1.743905        0.3397718        0.1570646         6.366806    
 ten20                tensio        -1.320321        -1.743905        0.4235835         1.000000        -1.320321        -1.743905        0.4235835        0.1570646         6.366806    
 ten21                tensio        -1.060276        -1.109596        4.9320455E-02     1.000000        -1.060276        -1.109596        4.9320455E-02    0.1570646         6.366806    
 ten22                tensio       -0.7824340       -0.9773680        0.1949340         1.000000       -0.7824340       -0.9773680        0.1949340        0.1570646         6.366806    
 ten23                tensio       -0.7169920       -0.9209890        0.2039970         1.000000       -0.7169920       -0.9209890        0.2039970        0.1570646         6.366806    
 ten24                tensio       -0.7112514       -0.9174660        0.2062146         1.000000       -0.7112514       -0.9174660        0.2062146        0.1570646         6.366806    
 ten25                tensio       -0.7123995       -0.9174660        0.2050665         1.000000       -0.7123995       -0.9174660        0.2050665        0.1570646         6.366806    
 ten26                tensio       -0.7152698       -0.9174660        0.2021962         1.000000       -0.7152698       -0.9174660        0.2021962        0.1570646         6.366806    
 ten27                tensio       -0.7169920       -0.9209890        0.2039970         1.000000       -0.7169920       -0.9209890        0.2039970        0.1570646         6.366806    
 ten28                tensio       -0.7307692       -0.9209890        0.1902198         1.000000       -0.7307692       -0.9209890        0.1902198        0.1570646         6.366806    
 ten29                tensio       -0.7669346       -0.9209890        0.1540544         1.000000       -0.7669346       -0.9209890        0.1540544        0.1570646         6.366806    
 ten30                tensio       -0.7887486       -0.9245400        0.1357914         1.000000       -0.7887486       -0.9245400        0.1357914        0.1570646         6.366806    
 ten31                tensio       -0.8088404       -0.9245400        0.1156996         1.000000       -0.8088404       -0.9245400        0.1156996        0.1570646         6.366806    
 ten32                tensio       -0.8283582       -0.9245400        9.6181791E-02     1.000000       -0.8283582       -0.9245400        9.6181791E-02    0.1570646         6.366806    
 ten33                tensio       -0.8467279       -0.9281180        8.1390101E-02     1.000000       -0.8467279       -0.9281180        8.1390101E-02    0.1570646         6.366806    
 ten34                tensio       -0.8639495       -0.9281180        6.4168517E-02     1.000000       -0.8639495       -0.9281180        6.4168517E-02    0.1570646         6.366806    
 ten35                tensio       -0.8828932       -0.9281180        4.5224774E-02     1.000000       -0.8828932       -0.9281180        4.5224774E-02    0.1570646         6.366806    
 ten36                tensio       -0.8960964       -0.9317250        3.5628559E-02     1.000000       -0.8960964       -0.9317250        3.5628559E-02    0.1570646         6.366806    
 ten37                tensio       -0.9064294       -0.9317250        2.5295608E-02     1.000000       -0.9064294       -0.9317250        2.5295608E-02    0.1570646         6.366806    
 ten38                tensio       -0.9173364       -0.9317250        1.4388605E-02     1.000000       -0.9173364       -0.9317250        1.4388605E-02    0.1570646         6.366806    
 ten39                tensio       -0.9282434       -0.9353610        7.1176016E-03     1.000000       -0.9282434       -0.9353610        7.1176016E-03    0.1570646         6.366806    
 ten40                tensio       -0.9380023       -0.9353610       -2.6412962E-03     1.000000       -0.9380023       -0.9353610       -2.6412962E-03    0.1570646         6.366806    
 ten41                tensio       -0.9477612       -0.9353610       -1.2400194E-02     1.000000       -0.9477612       -0.9353610       -1.2400194E-02    0.1570646         6.366806    
 ten42                tensio       -0.9552239       -0.9390270       -1.6196881E-02     1.000000       -0.9552239       -0.9390270       -1.6196881E-02    0.1570646         6.366806    
 ten43                tensio       -0.9632606       -0.9390270       -2.4233620E-02     1.000000       -0.9632606       -0.9390270       -2.4233620E-02    0.1570646         6.366806    
 ten44                tensio       -0.9712974       -0.9427210       -2.8576359E-02     1.000000       -0.9712974       -0.9427210       -2.8576359E-02    0.1570646         6.366806    
 ten45                tensio       -0.9799082       -0.9427210       -3.7187152E-02     1.000000       -0.9799082       -0.9427210       -3.7187152E-02    0.1570646         6.366806    
 ten46                tensio       -0.9862227       -0.9427210       -4.3501732E-02     1.000000       -0.9862227       -0.9427210       -4.3501732E-02    0.1570646         6.366806    
 ten47                tensio       -0.9936854       -0.9464460       -4.7239419E-02     1.000000       -0.9936854       -0.9464460       -4.7239419E-02    0.1570646         6.366806    
 ten48                tensio        -1.000574       -0.9464460       -5.4128053E-02     1.000000        -1.000574       -0.9464460       -5.4128053E-02    0.1570646         6.366806    
 ten49                tensio        -1.006889       -0.9502010       -5.6687634E-02     1.000000        -1.006889       -0.9502010       -5.6687634E-02    0.1570646         6.366806    
 ten50                tensio        -1.013203       -0.9502010       -6.3002215E-02     1.000000        -1.013203       -0.9502010       -6.3002215E-02    0.1570646         6.366806    
 ten51                tensio        -1.020092       -0.9578030       -6.2288848E-02     1.000000        -1.020092       -0.9578030       -6.2288848E-02    0.1570646         6.366806    
 ten52                tensio        -1.025832       -0.9655310       -6.0301377E-02     1.000000        -1.025832       -0.9655310       -6.0301377E-02    0.1570646         6.366806    
 ten53                tensio        -1.030999       -0.9733890       -5.7609852E-02     1.000000        -1.030999       -0.9733890       -5.7609852E-02    0.1570646         6.366806    
 ten54                tensio        -1.035591       -0.9773680       -5.8223274E-02     1.000000        -1.035591       -0.9773680       -5.8223274E-02    0.1570646         6.366806    
 ten55                tensio        -1.039610       -0.9854270       -5.4182644E-02     1.000000        -1.039610       -0.9854270       -5.4182644E-02    0.1570646         6.366806    
 ten56                tensio        -1.044202       -0.9936250       -5.0577067E-02     1.000000        -1.044202       -0.9936250       -5.0577067E-02    0.1570646         6.366806    
 ten57                tensio        -1.049943        -1.001965       -4.7977595E-02     1.000000        -1.049943        -1.001965       -4.7977595E-02    0.1570646         6.366806    
 ten58                tensio        -1.052813        -1.006190       -4.6622859E-02     1.000000        -1.052813        -1.006190       -4.6622859E-02    0.1570646         6.366806    
 ten59                tensio        -1.056257        -1.014753       -4.1504176E-02     1.000000        -1.056257        -1.014753       -4.1504176E-02    0.1570646         6.366806    
 ten60                tensio        -1.060850        -1.019091       -4.1758598E-02     1.000000        -1.060850        -1.019091       -4.1758598E-02    0.1570646         6.366806    
 ten61                tensio        -1.063720        -1.027884       -3.5835862E-02     1.000000        -1.063720        -1.027884       -3.5835862E-02    0.1570646         6.366806    
 ten62                tensio        -1.068312        -1.032341       -3.5971285E-02     1.000000        -1.068312        -1.032341       -3.5971285E-02    0.1570646         6.366806    
 ten63                tensio        -1.072331        -1.036838       -3.5492654E-02     1.000000        -1.072331        -1.036838       -3.5492654E-02    0.1570646         6.366806    
 ten64                tensio        -1.075775        -1.045956       -2.9818971E-02     1.000000        -1.075775        -1.045956       -2.9818971E-02    0.1570646         6.366806    
 ten65                tensio        -1.078071        -1.050578       -2.7493183E-02     1.000000        -1.078071        -1.050578       -2.7493183E-02    0.1570646         6.366806    
 ten66                tensio        -1.082090        -1.055243       -2.6846552E-02     1.000000        -1.082090        -1.055243       -2.6846552E-02    0.1570646         6.366806    
 ten67                tensio        -1.085534        -1.059952       -2.5581869E-02     1.000000        -1.085534        -1.059952       -2.5581869E-02    0.1570646         6.366806    
 ten68                tensio        -1.088404        -1.064706       -2.3698133E-02     1.000000        -1.088404        -1.064706       -2.3698133E-02    0.1570646         6.366806    
 ten69                tensio        -1.091274        -1.069504       -2.1770397E-02     1.000000        -1.091274        -1.069504       -2.1770397E-02    0.1570646         6.366806    
 ten70                tensio        -1.092423        -1.074348       -1.8074503E-02     1.000000        -1.092423        -1.074348       -1.8074503E-02    0.1570646         6.366806    
 ten71                tensio        -1.097015        -1.079238       -1.7776925E-02     1.000000        -1.097015        -1.079238       -1.7776925E-02    0.1570646         6.366806    
 ten72                tensio        -1.100459        -1.084176       -1.6283242E-02     1.000000        -1.100459        -1.084176       -1.6283242E-02    0.1570646         6.366806    
 ten73                tensio        -1.102181        -1.089161       -1.3020401E-02     1.000000        -1.102181        -1.089161       -1.3020401E-02    0.1570646         6.366806    
 ten74                tensio        -1.105052        -1.094195       -1.0856665E-02     1.000000        -1.105052        -1.094195       -1.0856665E-02    0.1570646         6.366806    
 ten75                tensio        -1.107348        -1.099278       -8.0698760E-03     1.000000        -1.107348        -1.099278       -8.0698760E-03    0.1570646         6.366806    
 ten76                tensio        -1.109644        -1.104412       -5.2320873E-03     1.000000        -1.109644        -1.104412       -5.2320873E-03    0.1570646         6.366806    
 ten77                tensio        -1.113088        -1.109596       -3.4924041E-03     1.000000        -1.113088        -1.109596       -3.4924041E-03    0.1570646         6.366806    
 ten78                tensio        -1.114237        -1.114832        5.9549024E-04     1.000000        -1.114237        -1.114832        5.9549024E-04    0.1570646         6.366806    
 ten79                tensio        -1.117107        -1.120121        3.0142262E-03     1.000000        -1.117107        -1.120121        3.0142262E-03    0.1570646         6.366806    
 ten80                tensio        -1.120551        -1.120121       -4.3009070E-04     1.000000        -1.120551        -1.120121       -4.3009070E-04    0.1570646         6.366806    
 ten81                tensio        -1.122847        -1.125463        2.6156981E-03     1.000000        -1.122847        -1.125463        2.6156981E-03    0.1570646         6.366806    
 ten82                tensio        -1.125144        -1.130860        5.7164868E-03     1.000000        -1.125144        -1.130860        5.7164868E-03    0.1570646         6.366806    
 ten83                tensio        -1.128014        -1.136312        8.2982227E-03     1.000000        -1.128014        -1.136312        8.2982227E-03    0.1570646         6.366806    
 ten84                tensio        -1.130310        -1.141819        1.1509011E-02     1.000000        -1.130310        -1.141819        1.1509011E-02    0.1570646         6.366806    
 ten85                tensio        -1.131458        -1.141819        1.0360906E-02     1.000000        -1.131458        -1.141819        1.0360906E-02    0.1570646         6.366806    
 ten86                tensio        -1.135476        -1.147384        1.1907536E-02     1.000000        -1.135476        -1.147384        1.1907536E-02    0.1570646         6.366806    
 ten87                tensio        -1.137199        -1.153007        1.5808378E-02     1.000000        -1.137199        -1.153007        1.5808378E-02    0.1570646         6.366806    
 ten88                tensio        -1.137773        -1.153007        1.5234325E-02     1.000000        -1.137773        -1.153007        1.5234325E-02    0.1570646         6.366806    
 ten89                tensio        -1.139495        -1.158689        1.9194166E-02     1.000000        -1.139495        -1.158689        1.9194166E-02    0.1570646         6.366806    
 ten90                tensio        -1.142939        -1.164431        2.1491850E-02     1.000000        -1.142939        -1.164431        2.1491850E-02    0.1570646         6.366806    
 ten91                tensio        -1.144661        -1.164431        1.9769691E-02     1.000000        -1.144661        -1.164431        1.9769691E-02    0.1570646         6.366806    
 ten92                tensio        -1.146958        -1.170234        2.3276480E-02     1.000000        -1.146958        -1.170234        2.3276480E-02    0.1570646         6.366806    
 ten93                tensio        -1.148106        -1.176099        2.7993374E-02     1.000000        -1.148106        -1.176099        2.7993374E-02    0.1570646         6.366806    
 ten94                tensio        -1.150402        -1.176099        2.5697163E-02     1.000000        -1.150402        -1.176099        2.5697163E-02    0.1570646         6.366806    
 ten95                tensio        -1.157290        -1.182027        2.4736529E-02     1.000000        -1.157290        -1.182027        2.4736529E-02    0.1570646         6.366806    
 ten96                tensio        -1.153846        -1.182027        2.8180846E-02     1.000000        -1.153846        -1.182027        2.8180846E-02    0.1570646         6.366806    
