single point
 thetar        9.9999998E-03    1.00000        0.00000    
 thetas        0.5000000        1.00000        0.00000    
 alpha          5.000000        1.00000        0.00000    
 n              1.406227        1.00000        0.00000    
 ksat          8.0947146E-04    1.00000        0.00000    
 l             0.5000000        1.00000        0.00000    
 ihead          150.4447        1.00000        0.00000    
 start          300.0000        1.00000        0.00000    
 inten          4.000000        1.00000        0.00000    
 durat          60.00000        1.00000        0.00000    
 pulse          30.92952        1.00000        0.00000    
