 Name                 Group          Measured         Modelled         Residual         Weight       Weight*Measured    Weight*Modelled  Weight*Residual  Measurement_sd   Natural_weight
 ten1                 tensio        -1.464409        -1.742395        0.2779863         1.000000        -1.464409        -1.742395        0.2779863        0.1550277         6.450461    
 ten2                 tensio        -1.460964        -1.742395        0.2814306         1.000000        -1.460964        -1.742395        0.2814306        0.1550277         6.450461    
 ten3                 tensio        -1.458668        -1.742395        0.2837268         1.000000        -1.458668        -1.742395        0.2837268        0.1550277         6.450461    
 ten4                 tensio        -1.459816        -1.742395        0.2825787         1.000000        -1.459816        -1.742395        0.2825787        0.1550277         6.450461    
 ten5                 tensio        -1.456946        -1.742395        0.2854490         1.000000        -1.456946        -1.742395        0.2854490        0.1550277         6.450461    
 ten6                 tensio        -1.461538        -1.742395        0.2808565         1.000000        -1.461538        -1.742395        0.2808565        0.1550277         6.450461    
 ten7                 tensio        -1.460390        -1.742395        0.2820046         1.000000        -1.460390        -1.742395        0.2820046        0.1550277         6.450461    
 ten8                 tensio        -1.458668        -1.742395        0.2837268         1.000000        -1.458668        -1.742395        0.2837268        0.1550277         6.450461    
 ten9                 tensio        -1.462113        -1.742395        0.2802825         1.000000        -1.462113        -1.742395        0.2802825        0.1550277         6.450461    
 ten10                tensio        -1.453502        -1.742395        0.2888933         1.000000        -1.453502        -1.742395        0.2888933        0.1550277         6.450461    
 ten11                tensio        -1.454076        -1.742395        0.2883192         1.000000        -1.454076        -1.742395        0.2883192        0.1550277         6.450461    
 ten12                tensio        -1.451780        -1.742395        0.2906154         1.000000        -1.451780        -1.742395        0.2906154        0.1550277         6.450461    
 ten13                tensio        -1.452354        -1.742395        0.2900414         1.000000        -1.452354        -1.742395        0.2900414        0.1550277         6.450461    
 ten14                tensio        -1.458668        -1.742395        0.2837268         1.000000        -1.458668        -1.742395        0.2837268        0.1550277         6.450461    
 ten15                tensio        -1.452354        -1.742395        0.2900414         1.000000        -1.452354        -1.742395        0.2900414        0.1550277         6.450461    
 ten16                tensio        -1.448909        -1.742395        0.2934857         1.000000        -1.448909        -1.742395        0.2934857        0.1550277         6.450461    
 ten17                tensio        -1.449483        -1.742395        0.2929116         1.000000        -1.449483        -1.742395        0.2929116        0.1550277         6.450461    
 ten18                tensio        -1.430540        -1.742395        0.3118554         1.000000        -1.430540        -1.742395        0.3118554        0.1550277         6.450461    
 ten19                tensio        -1.404133        -1.742395        0.3382618         1.000000        -1.404133        -1.742395        0.3382618        0.1550277         6.450461    
 ten20                tensio        -1.320321        -1.742395        0.4220735         1.000000        -1.320321        -1.742395        0.4220735        0.1550277         6.450461    
 ten21                tensio        -1.060276        -1.077438        1.7162455E-02     1.000000        -1.060276        -1.077438        1.7162455E-02    0.1550277         6.450461    
 ten22                tensio       -0.7824340       -0.9575830        0.1751490         1.000000       -0.7824340       -0.9575830        0.1751490        0.1550277         6.450461    
 ten23                tensio       -0.7169920       -0.9108200        0.1938280         1.000000       -0.7169920       -0.9108200        0.1938280        0.1550277         6.450461    
 ten24                tensio       -0.7112514       -0.9108200        0.1995686         1.000000       -0.7112514       -0.9108200        0.1995686        0.1550277         6.450461    
 ten25                tensio       -0.7123995       -0.9108200        0.1984205         1.000000       -0.7123995       -0.9108200        0.1984205        0.1550277         6.450461    
 ten26                tensio       -0.7152698       -0.9108200        0.1955502         1.000000       -0.7152698       -0.9108200        0.1955502        0.1550277         6.450461    
 ten27                tensio       -0.7169920       -0.9142510        0.1972590         1.000000       -0.7169920       -0.9142510        0.1972590        0.1550277         6.450461    
 ten28                tensio       -0.7307692       -0.9142510        0.1834818         1.000000       -0.7307692       -0.9142510        0.1834818        0.1550277         6.450461    
 ten29                tensio       -0.7669346       -0.9142510        0.1473164         1.000000       -0.7669346       -0.9142510        0.1473164        0.1550277         6.450461    
 ten30                tensio       -0.7887486       -0.9177080        0.1289594         1.000000       -0.7887486       -0.9177080        0.1289594        0.1550277         6.450461    
 ten31                tensio       -0.8088404       -0.9177080        0.1088676         1.000000       -0.8088404       -0.9177080        0.1088676        0.1550277         6.450461    
 ten32                tensio       -0.8283582       -0.9177080        8.9349791E-02     1.000000       -0.8283582       -0.9177080        8.9349791E-02    0.1550277         6.450461    
 ten33                tensio       -0.8467279       -0.9211920        7.4464101E-02     1.000000       -0.8467279       -0.9211920        7.4464101E-02    0.1550277         6.450461    
 ten34                tensio       -0.8639495       -0.9211920        5.7242517E-02     1.000000       -0.8639495       -0.9211920        5.7242517E-02    0.1550277         6.450461    
 ten35                tensio       -0.8828932       -0.9211920        3.8298774E-02     1.000000       -0.8828932       -0.9211920        3.8298774E-02    0.1550277         6.450461    
 ten36                tensio       -0.8960964       -0.9247030        2.8606559E-02     1.000000       -0.8960964       -0.9247030        2.8606559E-02    0.1550277         6.450461    
 ten37                tensio       -0.9064294       -0.9247030        1.8273608E-02     1.000000       -0.9064294       -0.9247030        1.8273608E-02    0.1550277         6.450461    
 ten38                tensio       -0.9173364       -0.9282420        1.0905605E-02     1.000000       -0.9173364       -0.9282420        1.0905605E-02    0.1550277         6.450461    
 ten39                tensio       -0.9282434       -0.9282420       -1.3983930E-06     1.000000       -0.9282434       -0.9282420       -1.3983930E-06    0.1550277         6.450461    
 ten40                tensio       -0.9380023       -0.9282420       -9.7602962E-03     1.000000       -0.9380023       -0.9282420       -9.7602962E-03    0.1550277         6.450461    
 ten41                tensio       -0.9477612       -0.9318080       -1.5953194E-02     1.000000       -0.9477612       -0.9318080       -1.5953194E-02    0.1550277         6.450461    
 ten42                tensio       -0.9552239       -0.9318080       -2.3415881E-02     1.000000       -0.9552239       -0.9318080       -2.3415881E-02    0.1550277         6.450461    
 ten43                tensio       -0.9632606       -0.9354030       -2.7857620E-02     1.000000       -0.9632606       -0.9354030       -2.7857620E-02    0.1550277         6.450461    
 ten44                tensio       -0.9712974       -0.9354030       -3.5894359E-02     1.000000       -0.9712974       -0.9354030       -3.5894359E-02    0.1550277         6.450461    
 ten45                tensio       -0.9799082       -0.9390260       -4.0882152E-02     1.000000       -0.9799082       -0.9390260       -4.0882152E-02    0.1550277         6.450461    
 ten46                tensio       -0.9862227       -0.9390260       -4.7196732E-02     1.000000       -0.9862227       -0.9390260       -4.7196732E-02    0.1550277         6.450461    
 ten47                tensio       -0.9936854       -0.9426780       -5.1007419E-02     1.000000       -0.9936854       -0.9426780       -5.1007419E-02    0.1550277         6.450461    
 ten48                tensio        -1.000574       -0.9426780       -5.7896053E-02     1.000000        -1.000574       -0.9426780       -5.7896053E-02    0.1550277         6.450461    
 ten49                tensio        -1.006889       -0.9463590       -6.0529634E-02     1.000000        -1.006889       -0.9463590       -6.0529634E-02    0.1550277         6.450461    
 ten50                tensio        -1.013203       -0.9538110       -5.9392215E-02     1.000000        -1.013203       -0.9538110       -5.9392215E-02    0.1550277         6.450461    
 ten51                tensio        -1.020092       -0.9613860       -5.8705848E-02     1.000000        -1.020092       -0.9613860       -5.8705848E-02    0.1550277         6.450461    
 ten52                tensio        -1.025832       -0.9690850       -5.6747377E-02     1.000000        -1.025832       -0.9690850       -5.6747377E-02    0.1550277         6.450461    
 ten53                tensio        -1.030999       -0.9769130       -5.4085852E-02     1.000000        -1.030999       -0.9769130       -5.4085852E-02    0.1550277         6.450461    
 ten54                tensio        -1.035591       -0.9848730       -5.0718274E-02     1.000000        -1.035591       -0.9848730       -5.0718274E-02    0.1550277         6.450461    
 ten55                tensio        -1.039610       -0.9929680       -4.6641644E-02     1.000000        -1.039610       -0.9929680       -4.6641644E-02    0.1550277         6.450461    
 ten56                tensio        -1.044202        -1.001204       -4.2998067E-02     1.000000        -1.044202        -1.001204       -4.2998067E-02    0.1550277         6.450461    
 ten57                tensio        -1.049943        -1.005375       -4.4567595E-02     1.000000        -1.049943        -1.005375       -4.4567595E-02    0.1550277         6.450461    
 ten58                tensio        -1.052813        -1.013827       -3.8985859E-02     1.000000        -1.052813        -1.013827       -3.8985859E-02    0.1550277         6.450461    
 ten59                tensio        -1.056257        -1.018109       -3.8148176E-02     1.000000        -1.056257        -1.018109       -3.8148176E-02    0.1550277         6.450461    
 ten60                tensio        -1.060850        -1.026787       -3.4062598E-02     1.000000        -1.060850        -1.026787       -3.4062598E-02    0.1550277         6.450461    
 ten61                tensio        -1.063720        -1.031184       -3.2535862E-02     1.000000        -1.063720        -1.031184       -3.2535862E-02    0.1550277         6.450461    
 ten62                tensio        -1.068312        -1.040099       -2.8213285E-02     1.000000        -1.068312        -1.040099       -2.8213285E-02    0.1550277         6.450461    
 ten63                tensio        -1.072331        -1.044617       -2.7713654E-02     1.000000        -1.072331        -1.044617       -2.7713654E-02    0.1550277         6.450461    
 ten64                tensio        -1.075775        -1.049176       -2.6598971E-02     1.000000        -1.075775        -1.049176       -2.6598971E-02    0.1550277         6.450461    
 ten65                tensio        -1.078071        -1.053778       -2.4293183E-02     1.000000        -1.078071        -1.053778       -2.4293183E-02    0.1550277         6.450461    
 ten66                tensio        -1.082090        -1.063109       -1.8980552E-02     1.000000        -1.082090        -1.063109       -1.8980552E-02    0.1550277         6.450461    
 ten67                tensio        -1.085534        -1.067841       -1.7692869E-02     1.000000        -1.085534        -1.067841       -1.7692869E-02    0.1550277         6.450461    
 ten68                tensio        -1.088404        -1.072617       -1.5787133E-02     1.000000        -1.088404        -1.072617       -1.5787133E-02    0.1550277         6.450461    
 ten69                tensio        -1.091274        -1.077438       -1.3836397E-02     1.000000        -1.091274        -1.077438       -1.3836397E-02    0.1550277         6.450461    
 ten70                tensio        -1.092423        -1.082306       -1.0116503E-02     1.000000        -1.092423        -1.082306       -1.0116503E-02    0.1550277         6.450461    
 ten71                tensio        -1.097015        -1.087220       -9.7949254E-03     1.000000        -1.097015        -1.087220       -9.7949254E-03    0.1550277         6.450461    
 ten72                tensio        -1.100459        -1.092181       -8.2782422E-03     1.000000        -1.100459        -1.092181       -8.2782422E-03    0.1550277         6.450461    
 ten73                tensio        -1.102181        -1.097191       -4.9904007E-03     1.000000        -1.102181        -1.097191       -4.9904007E-03    0.1550277         6.450461    
 ten74                tensio        -1.105052        -1.102249       -2.8026647E-03     1.000000        -1.105052        -1.102249       -2.8026647E-03    0.1550277         6.450461    
 ten75                tensio        -1.107348        -1.107357        9.1240000E-06     1.000000        -1.107348        -1.107357        9.1240000E-06    0.1550277         6.450461    
 ten76                tensio        -1.109644        -1.112516        2.8719127E-03     1.000000        -1.109644        -1.112516        2.8719127E-03    0.1550277         6.450461    
 ten77                tensio        -1.113088        -1.117726        4.6375959E-03     1.000000        -1.113088        -1.117726        4.6375959E-03    0.1550277         6.450461    
 ten78                tensio        -1.114237        -1.117726        3.4894902E-03     1.000000        -1.114237        -1.117726        3.4894902E-03    0.1550277         6.450461    
 ten79                tensio        -1.117107        -1.122988        5.8812262E-03     1.000000        -1.117107        -1.122988        5.8812262E-03    0.1550277         6.450461    
 ten80                tensio        -1.120551        -1.128304        7.7529093E-03     1.000000        -1.120551        -1.128304        7.7529093E-03    0.1550277         6.450461    
 ten81                tensio        -1.122847        -1.133673        1.0825698E-02     1.000000        -1.122847        -1.133673        1.0825698E-02    0.1550277         6.450461    
 ten82                tensio        -1.125144        -1.139096        1.3952487E-02     1.000000        -1.125144        -1.139096        1.3952487E-02    0.1550277         6.450461    
 ten83                tensio        -1.128014        -1.139096        1.1082223E-02     1.000000        -1.128014        -1.139096        1.1082223E-02    0.1550277         6.450461    
 ten84                tensio        -1.130310        -1.144575        1.4265011E-02     1.000000        -1.130310        -1.144575        1.4265011E-02    0.1550277         6.450461    
 ten85                tensio        -1.131458        -1.150111        1.8652906E-02     1.000000        -1.131458        -1.150111        1.8652906E-02    0.1550277         6.450461    
 ten86                tensio        -1.135476        -1.155705        2.0228536E-02     1.000000        -1.135476        -1.155705        2.0228536E-02    0.1550277         6.450461    
 ten87                tensio        -1.137199        -1.155705        1.8506378E-02     1.000000        -1.137199        -1.155705        1.8506378E-02    0.1550277         6.450461    
 ten88                tensio        -1.137773        -1.161356        2.3583325E-02     1.000000        -1.137773        -1.161356        2.3583325E-02    0.1550277         6.450461    
 ten89                tensio        -1.139495        -1.167067        2.7572166E-02     1.000000        -1.139495        -1.167067        2.7572166E-02    0.1550277         6.450461    
 ten90                tensio        -1.142939        -1.167067        2.4127850E-02     1.000000        -1.142939        -1.167067        2.4127850E-02    0.1550277         6.450461    
 ten91                tensio        -1.144661        -1.172839        2.8177691E-02     1.000000        -1.144661        -1.172839        2.8177691E-02    0.1550277         6.450461    
 ten92                tensio        -1.146958        -1.178672        3.1714480E-02     1.000000        -1.146958        -1.178672        3.1714480E-02    0.1550277         6.450461    
 ten93                tensio        -1.148106        -1.178672        3.0566374E-02     1.000000        -1.148106        -1.178672        3.0566374E-02    0.1550277         6.450461    
 ten94                tensio        -1.150402        -1.184568        3.4166163E-02     1.000000        -1.150402        -1.184568        3.4166163E-02    0.1550277         6.450461    
 ten95                tensio        -1.157290        -1.184568        2.7277529E-02     1.000000        -1.157290        -1.184568        2.7277529E-02    0.1550277         6.450461    
 ten96                tensio        -1.153846        -1.190527        3.6680846E-02     1.000000        -1.153846        -1.190527        3.6680846E-02    0.1550277         6.450461    
