 Name                 Group          Measured         Modelled         Residual         Weight       Weight*Measured    Weight*Modelled  Weight*Residual  Measurement_sd   Natural_weight
 ten1                 tensio        -1.464409        -1.742792        0.2783833         1.000000        -1.464409        -1.742792        0.2783833        0.1587010         6.301156    
 ten2                 tensio        -1.460964        -1.742792        0.2818276         1.000000        -1.460964        -1.742792        0.2818276        0.1587010         6.301156    
 ten3                 tensio        -1.458668        -1.742792        0.2841238         1.000000        -1.458668        -1.742792        0.2841238        0.1587010         6.301156    
 ten4                 tensio        -1.459816        -1.742792        0.2829757         1.000000        -1.459816        -1.742792        0.2829757        0.1587010         6.301156    
 ten5                 tensio        -1.456946        -1.742792        0.2858460         1.000000        -1.456946        -1.742792        0.2858460        0.1587010         6.301156    
 ten6                 tensio        -1.461538        -1.742792        0.2812535         1.000000        -1.461538        -1.742792        0.2812535        0.1587010         6.301156    
 ten7                 tensio        -1.460390        -1.742792        0.2824016         1.000000        -1.460390        -1.742792        0.2824016        0.1587010         6.301156    
 ten8                 tensio        -1.458668        -1.742792        0.2841238         1.000000        -1.458668        -1.742792        0.2841238        0.1587010         6.301156    
 ten9                 tensio        -1.462113        -1.742792        0.2806795         1.000000        -1.462113        -1.742792        0.2806795        0.1587010         6.301156    
 ten10                tensio        -1.453502        -1.742792        0.2892903         1.000000        -1.453502        -1.742792        0.2892903        0.1587010         6.301156    
 ten11                tensio        -1.454076        -1.742792        0.2887162         1.000000        -1.454076        -1.742792        0.2887162        0.1587010         6.301156    
 ten12                tensio        -1.451780        -1.742792        0.2910124         1.000000        -1.451780        -1.742792        0.2910124        0.1587010         6.301156    
 ten13                tensio        -1.452354        -1.742792        0.2904384         1.000000        -1.452354        -1.742792        0.2904384        0.1587010         6.301156    
 ten14                tensio        -1.458668        -1.742792        0.2841238         1.000000        -1.458668        -1.742792        0.2841238        0.1587010         6.301156    
 ten15                tensio        -1.452354        -1.742792        0.2904384         1.000000        -1.452354        -1.742792        0.2904384        0.1587010         6.301156    
 ten16                tensio        -1.448909        -1.742792        0.2938827         1.000000        -1.448909        -1.742792        0.2938827        0.1587010         6.301156    
 ten17                tensio        -1.449483        -1.742792        0.2933086         1.000000        -1.449483        -1.742792        0.2933086        0.1587010         6.301156    
 ten18                tensio        -1.430540        -1.742792        0.3122524         1.000000        -1.430540        -1.742792        0.3122524        0.1587010         6.301156    
 ten19                tensio        -1.404133        -1.742792        0.3386588         1.000000        -1.404133        -1.742792        0.3386588        0.1587010         6.301156    
 ten20                tensio        -1.320321        -1.742792        0.4224705         1.000000        -1.320321        -1.742792        0.4224705        0.1587010         6.301156    
 ten21                tensio        -1.060276        -1.096620        3.6344455E-02     1.000000        -1.060276        -1.096620        3.6344455E-02    0.1587010         6.301156    
 ten22                tensio       -0.7824340       -0.9408100        0.1583760         1.000000       -0.7824340       -0.9408100        0.1583760        0.1587010         6.301156    
 ten23                tensio       -0.7169920       -0.8854860        0.1684940         1.000000       -0.7169920       -0.8854860        0.1684940        0.1587010         6.301156    
 ten24                tensio       -0.7112514       -0.8751940        0.1639426         1.000000       -0.7112514       -0.8751940        0.1639426        0.1587010         6.301156    
 ten25                tensio       -0.7123995       -0.8751940        0.1627945         1.000000       -0.7123995       -0.8751940        0.1627945        0.1587010         6.301156    
 ten26                tensio       -0.7152698       -0.8751940        0.1599242         1.000000       -0.7152698       -0.8751940        0.1599242        0.1587010         6.301156    
 ten27                tensio       -0.7169920       -0.8785980        0.1616060         1.000000       -0.7169920       -0.8785980        0.1616060        0.1587010         6.301156    
 ten28                tensio       -0.7307692       -0.8785980        0.1478288         1.000000       -0.7307692       -0.8785980        0.1478288        0.1587010         6.301156    
 ten29                tensio       -0.7669346       -0.8785980        0.1116634         1.000000       -0.7669346       -0.8785980        0.1116634        0.1587010         6.301156    
 ten30                tensio       -0.7887486       -0.8820290        9.3280435E-02     1.000000       -0.7887486       -0.8820290        9.3280435E-02    0.1587010         6.301156    
 ten31                tensio       -0.8088404       -0.8820290        7.3188587E-02     1.000000       -0.8088404       -0.8820290        7.3188587E-02    0.1587010         6.301156    
 ten32                tensio       -0.8283582       -0.8820290        5.3670791E-02     1.000000       -0.8283582       -0.8820290        5.3670791E-02    0.1587010         6.301156    
 ten33                tensio       -0.8467279       -0.8820290        3.5301101E-02     1.000000       -0.8467279       -0.8820290        3.5301101E-02    0.1587010         6.301156    
 ten34                tensio       -0.8639495       -0.8854860        2.1536517E-02     1.000000       -0.8639495       -0.8854860        2.1536517E-02    0.1587010         6.301156    
 ten35                tensio       -0.8828932       -0.8854860        2.5927738E-03     1.000000       -0.8828932       -0.8854860        2.5927738E-03    0.1587010         6.301156    
 ten36                tensio       -0.8960964       -0.8889710       -7.1254409E-03     1.000000       -0.8960964       -0.8889710       -7.1254409E-03    0.1587010         6.301156    
 ten37                tensio       -0.9064294       -0.8889710       -1.7458392E-02     1.000000       -0.9064294       -0.8889710       -1.7458392E-02    0.1587010         6.301156    
 ten38                tensio       -0.9173364       -0.8889710       -2.8365395E-02     1.000000       -0.9173364       -0.8889710       -2.8365395E-02    0.1587010         6.301156    
 ten39                tensio       -0.9282434       -0.8924830       -3.5760398E-02     1.000000       -0.9282434       -0.8924830       -3.5760398E-02    0.1587010         6.301156    
 ten40                tensio       -0.9380023       -0.8924830       -4.5519296E-02     1.000000       -0.9380023       -0.8924830       -4.5519296E-02    0.1587010         6.301156    
 ten41                tensio       -0.9477612       -0.8924830       -5.5278194E-02     1.000000       -0.9477612       -0.8924830       -5.5278194E-02    0.1587010         6.301156    
 ten42                tensio       -0.9552239       -0.8960230       -5.9200881E-02     1.000000       -0.9552239       -0.8960230       -5.9200881E-02    0.1587010         6.301156    
 ten43                tensio       -0.9632606       -0.8960230       -6.7237620E-02     1.000000       -0.9632606       -0.8960230       -6.7237620E-02    0.1587010         6.301156    
 ten44                tensio       -0.9712974       -0.8995910       -7.1706359E-02     1.000000       -0.9712974       -0.8995910       -7.1706359E-02    0.1587010         6.301156    
 ten45                tensio       -0.9799082       -0.8995910       -8.0317152E-02     1.000000       -0.9799082       -0.8995910       -8.0317152E-02    0.1587010         6.301156    
 ten46                tensio       -0.9862227       -0.8995910       -8.6631732E-02     1.000000       -0.9862227       -0.8995910       -8.6631732E-02    0.1587010         6.301156    
 ten47                tensio       -0.9936854       -0.9031880       -9.0497419E-02     1.000000       -0.9936854       -0.9031880       -9.0497419E-02    0.1587010         6.301156    
 ten48                tensio        -1.000574       -0.9031880       -9.7386053E-02     1.000000        -1.000574       -0.9031880       -9.7386053E-02    0.1587010         6.301156    
 ten49                tensio        -1.006889       -0.9068140       -0.1000746         1.000000        -1.006889       -0.9068140       -0.1000746        0.1587010         6.301156    
 ten50                tensio        -1.013203       -0.9068140       -0.1063892         1.000000        -1.013203       -0.9068140       -0.1063892        0.1587010         6.301156    
 ten51                tensio        -1.020092       -0.9104690       -0.1096228         1.000000        -1.020092       -0.9104690       -0.1096228        0.1587010         6.301156    
 ten52                tensio        -1.025832       -0.9178680       -0.1079644         1.000000        -1.025832       -0.9178680       -0.1079644        0.1587010         6.301156    
 ten53                tensio        -1.030999       -0.9253890       -0.1056099         1.000000        -1.030999       -0.9253890       -0.1056099        0.1587010         6.301156    
 ten54                tensio        -1.035591       -0.9330350       -0.1025563         1.000000        -1.035591       -0.9330350       -0.1025563        0.1587010         6.301156    
 ten55                tensio        -1.039610       -0.9408100       -9.8799644E-02     1.000000        -1.039610       -0.9408100       -9.8799644E-02    0.1587010         6.301156    
 ten56                tensio        -1.044202       -0.9487160       -9.5486067E-02     1.000000        -1.044202       -0.9487160       -9.5486067E-02    0.1587010         6.301156    
 ten57                tensio        -1.049943       -0.9527200       -9.7222595E-02     1.000000        -1.049943       -0.9527200       -9.7222595E-02    0.1587010         6.301156    
 ten58                tensio        -1.052813       -0.9608320       -9.1980859E-02     1.000000        -1.052813       -0.9608320       -9.1980859E-02    0.1587010         6.301156    
 ten59                tensio        -1.056257       -0.9690840       -8.7173176E-02     1.000000        -1.056257       -0.9690840       -8.7173176E-02    0.1587010         6.301156    
 ten60                tensio        -1.060850       -0.9732650       -8.7584598E-02     1.000000        -1.060850       -0.9732650       -8.7584598E-02    0.1587010         6.301156    
 ten61                tensio        -1.063720       -0.9817370       -8.1982862E-02     1.000000        -1.063720       -0.9817370       -8.1982862E-02    0.1587010         6.301156    
 ten62                tensio        -1.068312       -0.9860300       -8.2282285E-02     1.000000        -1.068312       -0.9860300       -8.2282285E-02    0.1587010         6.301156    
 ten63                tensio        -1.072331       -0.9903610       -8.1969654E-02     1.000000        -1.072331       -0.9903610       -8.1969654E-02    0.1587010         6.301156    
 ten64                tensio        -1.075775       -0.9991410       -7.6633971E-02     1.000000        -1.075775       -0.9991410       -7.6633971E-02    0.1587010         6.301156    
 ten65                tensio        -1.078071        -1.003591       -7.4480183E-02     1.000000        -1.078071        -1.003591       -7.4480183E-02    0.1587010         6.301156    
 ten66                tensio        -1.082090        -1.008081       -7.4008552E-02     1.000000        -1.082090        -1.008081       -7.4008552E-02    0.1587010         6.301156    
 ten67                tensio        -1.085534        -1.012613       -7.2920869E-02     1.000000        -1.085534        -1.012613       -7.2920869E-02    0.1587010         6.301156    
 ten68                tensio        -1.088404        -1.017187       -7.1217133E-02     1.000000        -1.088404        -1.017187       -7.1217133E-02    0.1587010         6.301156    
 ten69                tensio        -1.091274        -1.026463       -6.4811397E-02     1.000000        -1.091274        -1.026463       -6.4811397E-02    0.1587010         6.301156    
 ten70                tensio        -1.092423        -1.031166       -6.1256503E-02     1.000000        -1.092423        -1.031166       -6.1256503E-02    0.1587010         6.301156    
 ten71                tensio        -1.097015        -1.035914       -6.1100925E-02     1.000000        -1.097015        -1.035914       -6.1100925E-02    0.1587010         6.301156    
 ten72                tensio        -1.100459        -1.040707       -5.9752242E-02     1.000000        -1.100459        -1.040707       -5.9752242E-02    0.1587010         6.301156    
 ten73                tensio        -1.102181        -1.045546       -5.6635401E-02     1.000000        -1.102181        -1.045546       -5.6635401E-02    0.1587010         6.301156    
 ten74                tensio        -1.105052        -1.050432       -5.4619665E-02     1.000000        -1.105052        -1.050432       -5.4619665E-02    0.1587010         6.301156    
 ten75                tensio        -1.107348        -1.055364       -5.1983876E-02     1.000000        -1.107348        -1.055364       -5.1983876E-02    0.1587010         6.301156    
 ten76                tensio        -1.109644        -1.055364       -5.4280087E-02     1.000000        -1.109644        -1.055364       -5.4280087E-02    0.1587010         6.301156    
 ten77                tensio        -1.113088        -1.060345       -5.2743404E-02     1.000000        -1.113088        -1.060345       -5.2743404E-02    0.1587010         6.301156    
 ten78                tensio        -1.114237        -1.065375       -4.8861510E-02     1.000000        -1.114237        -1.065375       -4.8861510E-02    0.1587010         6.301156    
 ten79                tensio        -1.117107        -1.070454       -4.6652774E-02     1.000000        -1.117107        -1.070454       -4.6652774E-02    0.1587010         6.301156    
 ten80                tensio        -1.120551        -1.075583       -4.4968091E-02     1.000000        -1.120551        -1.075583       -4.4968091E-02    0.1587010         6.301156    
 ten81                tensio        -1.122847        -1.080764       -4.2083302E-02     1.000000        -1.122847        -1.080764       -4.2083302E-02    0.1587010         6.301156    
 ten82                tensio        -1.125144        -1.080764       -4.4379513E-02     1.000000        -1.125144        -1.080764       -4.4379513E-02    0.1587010         6.301156    
 ten83                tensio        -1.128014        -1.085996       -4.2017777E-02     1.000000        -1.128014        -1.085996       -4.2017777E-02    0.1587010         6.301156    
 ten84                tensio        -1.130310        -1.091282       -3.9027989E-02     1.000000        -1.130310        -1.091282       -3.9027989E-02    0.1587010         6.301156    
 ten85                tensio        -1.131458        -1.096620       -3.4838094E-02     1.000000        -1.131458        -1.096620       -3.4838094E-02    0.1587010         6.301156    
 ten86                tensio        -1.135476        -1.096620       -3.8856464E-02     1.000000        -1.135476        -1.096620       -3.8856464E-02    0.1587010         6.301156    
 ten87                tensio        -1.137199        -1.102014       -3.5184622E-02     1.000000        -1.137199        -1.102014       -3.5184622E-02    0.1587010         6.301156    
 ten88                tensio        -1.137773        -1.107462       -3.0310675E-02     1.000000        -1.137773        -1.107462       -3.0310675E-02    0.1587010         6.301156    
 ten89                tensio        -1.139495        -1.112967       -2.6527834E-02     1.000000        -1.139495        -1.112967       -2.6527834E-02    0.1587010         6.301156    
 ten90                tensio        -1.142939        -1.112967       -2.9972150E-02     1.000000        -1.142939        -1.112967       -2.9972150E-02    0.1587010         6.301156    
 ten91                tensio        -1.144661        -1.118530       -2.6131309E-02     1.000000        -1.144661        -1.118530       -2.6131309E-02    0.1587010         6.301156    
 ten92                tensio        -1.146958        -1.124150       -2.2807520E-02     1.000000        -1.146958        -1.124150       -2.2807520E-02    0.1587010         6.301156    
 ten93                tensio        -1.148106        -1.124150       -2.3955626E-02     1.000000        -1.148106        -1.124150       -2.3955626E-02    0.1587010         6.301156    
 ten94                tensio        -1.150402        -1.129829       -2.0572837E-02     1.000000        -1.150402        -1.129829       -2.0572837E-02    0.1587010         6.301156    
 ten95                tensio        -1.157290        -1.129829       -2.7461471E-02     1.000000        -1.157290        -1.129829       -2.7461471E-02    0.1587010         6.301156    
 ten96                tensio        -1.153846        -1.135569       -1.8277154E-02     1.000000        -1.153846        -1.135569       -1.8277154E-02    0.1587010         6.301156    
