 Name                 Group          Measured         Modelled         Residual         Weight       Weight*Measured    Weight*Modelled  Weight*Residual  Measurement_sd   Natural_weight
 ten1                 tensio        -1.464409        -1.747091        0.2826823         1.000000        -1.464409        -1.747091        0.2826823        0.1580290         6.327952    
 ten2                 tensio        -1.460964        -1.747091        0.2861266         1.000000        -1.460964        -1.747091        0.2861266        0.1580290         6.327952    
 ten3                 tensio        -1.458668        -1.747091        0.2884228         1.000000        -1.458668        -1.747091        0.2884228        0.1580290         6.327952    
 ten4                 tensio        -1.459816        -1.747091        0.2872747         1.000000        -1.459816        -1.747091        0.2872747        0.1580290         6.327952    
 ten5                 tensio        -1.456946        -1.747091        0.2901450         1.000000        -1.456946        -1.747091        0.2901450        0.1580290         6.327952    
 ten6                 tensio        -1.461538        -1.747091        0.2855525         1.000000        -1.461538        -1.747091        0.2855525        0.1580290         6.327952    
 ten7                 tensio        -1.460390        -1.747091        0.2867006         1.000000        -1.460390        -1.747091        0.2867006        0.1580290         6.327952    
 ten8                 tensio        -1.458668        -1.747091        0.2884228         1.000000        -1.458668        -1.747091        0.2884228        0.1580290         6.327952    
 ten9                 tensio        -1.462113        -1.747091        0.2849785         1.000000        -1.462113        -1.747091        0.2849785        0.1580290         6.327952    
 ten10                tensio        -1.453502        -1.747091        0.2935893         1.000000        -1.453502        -1.747091        0.2935893        0.1580290         6.327952    
 ten11                tensio        -1.454076        -1.747091        0.2930152         1.000000        -1.454076        -1.747091        0.2930152        0.1580290         6.327952    
 ten12                tensio        -1.451780        -1.747091        0.2953114         1.000000        -1.451780        -1.747091        0.2953114        0.1580290         6.327952    
 ten13                tensio        -1.452354        -1.747091        0.2947374         1.000000        -1.452354        -1.747091        0.2947374        0.1580290         6.327952    
 ten14                tensio        -1.458668        -1.747091        0.2884228         1.000000        -1.458668        -1.747091        0.2884228        0.1580290         6.327952    
 ten15                tensio        -1.452354        -1.747091        0.2947374         1.000000        -1.452354        -1.747091        0.2947374        0.1580290         6.327952    
 ten16                tensio        -1.448909        -1.747091        0.2981817         1.000000        -1.448909        -1.747091        0.2981817        0.1580290         6.327952    
 ten17                tensio        -1.449483        -1.747091        0.2976076         1.000000        -1.449483        -1.747091        0.2976076        0.1580290         6.327952    
 ten18                tensio        -1.430540        -1.747091        0.3165514         1.000000        -1.430540        -1.747091        0.3165514        0.1580290         6.327952    
 ten19                tensio        -1.404133        -1.747091        0.3429578         1.000000        -1.404133        -1.747091        0.3429578        0.1580290         6.327952    
 ten20                tensio        -1.320321        -1.747091        0.4267695         1.000000        -1.320321        -1.747091        0.4267695        0.1580290         6.327952    
 ten21                tensio        -1.060276        -1.105083        4.4807455E-02     1.000000        -1.060276        -1.105083        4.4807455E-02    0.1580290         6.327952    
 ten22                tensio       -0.7824340       -0.9678180        0.1853840         1.000000       -0.7824340       -0.9678180        0.1853840        0.1580290         6.327952    
 ten23                tensio       -0.7169920       -0.9115380        0.1945460         1.000000       -0.7169920       -0.9115380        0.1945460        0.1580290         6.327952    
 ten24                tensio       -0.7112514       -0.9045320        0.1932806         1.000000       -0.7112514       -0.9045320        0.1932806        0.1580290         6.327952    
 ten25                tensio       -0.7123995       -0.9045320        0.1921325         1.000000       -0.7123995       -0.9045320        0.1921325        0.1580290         6.327952    
 ten26                tensio       -0.7152698       -0.9045320        0.1892622         1.000000       -0.7152698       -0.9045320        0.1892622        0.1580290         6.327952    
 ten27                tensio       -0.7169920       -0.9080210        0.1910290         1.000000       -0.7169920       -0.9080210        0.1910290        0.1580290         6.327952    
 ten28                tensio       -0.7307692       -0.9080210        0.1772518         1.000000       -0.7307692       -0.9080210        0.1772518        0.1580290         6.327952    
 ten29                tensio       -0.7669346       -0.9080210        0.1410864         1.000000       -0.7669346       -0.9080210        0.1410864        0.1580290         6.327952    
 ten30                tensio       -0.7887486       -0.9115380        0.1227894         1.000000       -0.7887486       -0.9115380        0.1227894        0.1580290         6.327952    
 ten31                tensio       -0.8088404       -0.9115380        0.1026976         1.000000       -0.8088404       -0.9115380        0.1026976        0.1580290         6.327952    
 ten32                tensio       -0.8283582       -0.9115380        8.3179791E-02     1.000000       -0.8283582       -0.9115380        8.3179791E-02    0.1580290         6.327952    
 ten33                tensio       -0.8467279       -0.9150820        6.8354101E-02     1.000000       -0.8467279       -0.9150820        6.8354101E-02    0.1580290         6.327952    
 ten34                tensio       -0.8639495       -0.9150820        5.1132517E-02     1.000000       -0.8639495       -0.9150820        5.1132517E-02    0.1580290         6.327952    
 ten35                tensio       -0.8828932       -0.9150820        3.2188774E-02     1.000000       -0.8828932       -0.9150820        3.2188774E-02    0.1580290         6.327952    
 ten36                tensio       -0.8960964       -0.9186540        2.2557559E-02     1.000000       -0.8960964       -0.9186540        2.2557559E-02    0.1580290         6.327952    
 ten37                tensio       -0.9064294       -0.9186540        1.2224608E-02     1.000000       -0.9064294       -0.9186540        1.2224608E-02    0.1580290         6.327952    
 ten38                tensio       -0.9173364       -0.9186540        1.3176051E-03     1.000000       -0.9173364       -0.9186540        1.3176051E-03    0.1580290         6.327952    
 ten39                tensio       -0.9282434       -0.9222550       -5.9883984E-03     1.000000       -0.9282434       -0.9222550       -5.9883984E-03    0.1580290         6.327952    
 ten40                tensio       -0.9380023       -0.9222550       -1.5747296E-02     1.000000       -0.9380023       -0.9222550       -1.5747296E-02    0.1580290         6.327952    
 ten41                tensio       -0.9477612       -0.9222550       -2.5506194E-02     1.000000       -0.9477612       -0.9222550       -2.5506194E-02    0.1580290         6.327952    
 ten42                tensio       -0.9552239       -0.9258840       -2.9339881E-02     1.000000       -0.9552239       -0.9258840       -2.9339881E-02    0.1580290         6.327952    
 ten43                tensio       -0.9632606       -0.9258840       -3.7376620E-02     1.000000       -0.9632606       -0.9258840       -3.7376620E-02    0.1580290         6.327952    
 ten44                tensio       -0.9712974       -0.9295430       -4.1754359E-02     1.000000       -0.9712974       -0.9295430       -4.1754359E-02    0.1580290         6.327952    
 ten45                tensio       -0.9799082       -0.9295430       -5.0365152E-02     1.000000       -0.9799082       -0.9295430       -5.0365152E-02    0.1580290         6.327952    
 ten46                tensio       -0.9862227       -0.9295430       -5.6679732E-02     1.000000       -0.9862227       -0.9295430       -5.6679732E-02    0.1580290         6.327952    
 ten47                tensio       -0.9936854       -0.9332310       -6.0454419E-02     1.000000       -0.9936854       -0.9332310       -6.0454419E-02    0.1580290         6.327952    
 ten48                tensio        -1.000574       -0.9332310       -6.7343053E-02     1.000000        -1.000574       -0.9332310       -6.7343053E-02    0.1580290         6.327952    
 ten49                tensio        -1.006889       -0.9369490       -6.9939634E-02     1.000000        -1.006889       -0.9369490       -6.9939634E-02    0.1580290         6.327952    
 ten50                tensio        -1.013203       -0.9369490       -7.6254215E-02     1.000000        -1.013203       -0.9369490       -7.6254215E-02    0.1580290         6.327952    
 ten51                tensio        -1.020092       -0.9406970       -7.9394848E-02     1.000000        -1.020092       -0.9406970       -7.9394848E-02    0.1580290         6.327952    
 ten52                tensio        -1.025832       -0.9482860       -7.7546377E-02     1.000000        -1.025832       -0.9482860       -7.7546377E-02    0.1580290         6.327952    
 ten53                tensio        -1.030999       -0.9560010       -7.4997852E-02     1.000000        -1.030999       -0.9560010       -7.4997852E-02    0.1580290         6.327952    
 ten54                tensio        -1.035591       -0.9638460       -7.1745274E-02     1.000000        -1.035591       -0.9638460       -7.1745274E-02    0.1580290         6.327952    
 ten55                tensio        -1.039610       -0.9718240       -6.7785644E-02     1.000000        -1.039610       -0.9718240       -6.7785644E-02    0.1580290         6.327952    
 ten56                tensio        -1.044202       -0.9799390       -6.4263067E-02     1.000000        -1.044202       -0.9799390       -6.4263067E-02    0.1580290         6.327952    
 ten57                tensio        -1.049943       -0.9840490       -6.5893595E-02     1.000000        -1.049943       -0.9840490       -6.5893595E-02    0.1580290         6.327952    
 ten58                tensio        -1.052813       -0.9923770       -6.0435859E-02     1.000000        -1.052813       -0.9923770       -6.0435859E-02    0.1580290         6.327952    
 ten59                tensio        -1.056257        -1.000851       -5.5406176E-02     1.000000        -1.056257        -1.000851       -5.5406176E-02    0.1580290         6.327952    
 ten60                tensio        -1.060850        -1.005144       -5.5705598E-02     1.000000        -1.060850        -1.005144       -5.5705598E-02    0.1580290         6.327952    
 ten61                tensio        -1.063720        -1.013846       -4.9873862E-02     1.000000        -1.063720        -1.013846       -4.9873862E-02    0.1580290         6.327952    
 ten62                tensio        -1.068312        -1.018256       -5.0056285E-02     1.000000        -1.068312        -1.018256       -5.0056285E-02    0.1580290         6.327952    
 ten63                tensio        -1.072331        -1.022706       -4.9624654E-02     1.000000        -1.072331        -1.022706       -4.9624654E-02    0.1580290         6.327952    
 ten64                tensio        -1.075775        -1.027196       -4.8578971E-02     1.000000        -1.075775        -1.027196       -4.8578971E-02    0.1580290         6.327952    
 ten65                tensio        -1.078071        -1.036301       -4.1770183E-02     1.000000        -1.078071        -1.036301       -4.1770183E-02    0.1580290         6.327952    
 ten66                tensio        -1.082090        -1.040917       -4.1172552E-02     1.000000        -1.082090        -1.040917       -4.1172552E-02    0.1580290         6.327952    
 ten67                tensio        -1.085534        -1.045575       -3.9958869E-02     1.000000        -1.085534        -1.045575       -3.9958869E-02    0.1580290         6.327952    
 ten68                tensio        -1.088404        -1.050277       -3.8127133E-02     1.000000        -1.088404        -1.050277       -3.8127133E-02    0.1580290         6.327952    
 ten69                tensio        -1.091274        -1.055024       -3.6250397E-02     1.000000        -1.091274        -1.055024       -3.6250397E-02    0.1580290         6.327952    
 ten70                tensio        -1.092423        -1.059816       -3.2606503E-02     1.000000        -1.092423        -1.059816       -3.2606503E-02    0.1580290         6.327952    
 ten71                tensio        -1.097015        -1.064653       -3.2361925E-02     1.000000        -1.097015        -1.064653       -3.2361925E-02    0.1580290         6.327952    
 ten72                tensio        -1.100459        -1.069536       -3.0923242E-02     1.000000        -1.100459        -1.069536       -3.0923242E-02    0.1580290         6.327952    
 ten73                tensio        -1.102181        -1.074467       -2.7714401E-02     1.000000        -1.102181        -1.074467       -2.7714401E-02    0.1580290         6.327952    
 ten74                tensio        -1.105052        -1.079446       -2.5605665E-02     1.000000        -1.105052        -1.079446       -2.5605665E-02    0.1580290         6.327952    
 ten75                tensio        -1.107348        -1.084473       -2.2874876E-02     1.000000        -1.107348        -1.084473       -2.2874876E-02    0.1580290         6.327952    
 ten76                tensio        -1.109644        -1.089549       -2.0095087E-02     1.000000        -1.109644        -1.089549       -2.0095087E-02    0.1580290         6.327952    
 ten77                tensio        -1.113088        -1.094676       -1.8412404E-02     1.000000        -1.113088        -1.094676       -1.8412404E-02    0.1580290         6.327952    
 ten78                tensio        -1.114237        -1.099853       -1.4383510E-02     1.000000        -1.114237        -1.099853       -1.4383510E-02    0.1580290         6.327952    
 ten79                tensio        -1.117107        -1.105083       -1.2023774E-02     1.000000        -1.117107        -1.105083       -1.2023774E-02    0.1580290         6.327952    
 ten80                tensio        -1.120551        -1.105083       -1.5468091E-02     1.000000        -1.120551        -1.105083       -1.5468091E-02    0.1580290         6.327952    
 ten81                tensio        -1.122847        -1.110364       -1.2483302E-02     1.000000        -1.122847        -1.110364       -1.2483302E-02    0.1580290         6.327952    
 ten82                tensio        -1.125144        -1.115699       -9.4445132E-03     1.000000        -1.125144        -1.115699       -9.4445132E-03    0.1580290         6.327952    
 ten83                tensio        -1.128014        -1.121089       -6.9247773E-03     1.000000        -1.128014        -1.121089       -6.9247773E-03    0.1580290         6.327952    
 ten84                tensio        -1.130310        -1.126534       -3.7759885E-03     1.000000        -1.130310        -1.126534       -3.7759885E-03    0.1580290         6.327952    
 ten85                tensio        -1.131458        -1.126534       -4.9240941E-03     1.000000        -1.131458        -1.126534       -4.9240941E-03    0.1580290         6.327952    
 ten86                tensio        -1.135476        -1.132034       -3.4424638E-03     1.000000        -1.135476        -1.132034       -3.4424638E-03    0.1580290         6.327952    
 ten87                tensio        -1.137199        -1.137592        3.9337773E-04     1.000000        -1.137199        -1.137592        3.9337773E-04    0.1580290         6.327952    
 ten88                tensio        -1.137773        -1.137592       -1.8067509E-04     1.000000        -1.137773        -1.137592       -1.8067509E-04    0.1580290         6.327952    
 ten89                tensio        -1.139495        -1.143208        3.7131665E-03     1.000000        -1.139495        -1.143208        3.7131665E-03    0.1580290         6.327952    
 ten90                tensio        -1.142939        -1.148882        5.9428496E-03     1.000000        -1.142939        -1.148882        5.9428496E-03    0.1580290         6.327952    
 ten91                tensio        -1.144661        -1.148882        4.2206912E-03     1.000000        -1.144661        -1.148882        4.2206912E-03    0.1580290         6.327952    
 ten92                tensio        -1.146958        -1.154617        7.6594799E-03     1.000000        -1.146958        -1.154617        7.6594799E-03    0.1580290         6.327952    
 ten93                tensio        -1.148106        -1.160412        1.2306374E-02     1.000000        -1.148106        -1.160412        1.2306374E-02    0.1580290         6.327952    
 ten94                tensio        -1.150402        -1.160412        1.0010163E-02     1.000000        -1.150402        -1.160412        1.0010163E-02    0.1580290         6.327952    
 ten95                tensio        -1.157290        -1.166269        8.9785293E-03     1.000000        -1.157290        -1.166269        8.9785293E-03    0.1580290         6.327952    
 ten96                tensio        -1.153846        -1.166269        1.2422846E-02     1.000000        -1.153846        -1.166269        1.2422846E-02    0.1580290         6.327952    
