 Name                 Group          Measured         Modelled         Residual         Weight       Weight*Measured    Weight*Modelled  Weight*Residual  Measurement_sd   Natural_weight
 ten1                 tensio        -1.464409        -1.752562        0.2881533         1.000000        -1.464409        -1.752562        0.2881533        0.1683397         5.940368    
 ten2                 tensio        -1.460964        -1.752562        0.2915976         1.000000        -1.460964        -1.752562        0.2915976        0.1683397         5.940368    
 ten3                 tensio        -1.458668        -1.752562        0.2938938         1.000000        -1.458668        -1.752562        0.2938938        0.1683397         5.940368    
 ten4                 tensio        -1.459816        -1.752562        0.2927457         1.000000        -1.459816        -1.752562        0.2927457        0.1683397         5.940368    
 ten5                 tensio        -1.456946        -1.752562        0.2956160         1.000000        -1.456946        -1.752562        0.2956160        0.1683397         5.940368    
 ten6                 tensio        -1.461538        -1.752562        0.2910235         1.000000        -1.461538        -1.752562        0.2910235        0.1683397         5.940368    
 ten7                 tensio        -1.460390        -1.752562        0.2921716         1.000000        -1.460390        -1.752562        0.2921716        0.1683397         5.940368    
 ten8                 tensio        -1.458668        -1.752562        0.2938938         1.000000        -1.458668        -1.752562        0.2938938        0.1683397         5.940368    
 ten9                 tensio        -1.462113        -1.752562        0.2904495         1.000000        -1.462113        -1.752562        0.2904495        0.1683397         5.940368    
 ten10                tensio        -1.453502        -1.752562        0.2990603         1.000000        -1.453502        -1.752562        0.2990603        0.1683397         5.940368    
 ten11                tensio        -1.454076        -1.752562        0.2984862         1.000000        -1.454076        -1.752562        0.2984862        0.1683397         5.940368    
 ten12                tensio        -1.451780        -1.752562        0.3007824         1.000000        -1.451780        -1.752562        0.3007824        0.1683397         5.940368    
 ten13                tensio        -1.452354        -1.752562        0.3002084         1.000000        -1.452354        -1.752562        0.3002084        0.1683397         5.940368    
 ten14                tensio        -1.458668        -1.752562        0.2938938         1.000000        -1.458668        -1.752562        0.2938938        0.1683397         5.940368    
 ten15                tensio        -1.452354        -1.752562        0.3002084         1.000000        -1.452354        -1.752562        0.3002084        0.1683397         5.940368    
 ten16                tensio        -1.448909        -1.752562        0.3036527         1.000000        -1.448909        -1.752562        0.3036527        0.1683397         5.940368    
 ten17                tensio        -1.449483        -1.752562        0.3030786         1.000000        -1.449483        -1.752562        0.3030786        0.1683397         5.940368    
 ten18                tensio        -1.430540        -1.752562        0.3220224         1.000000        -1.430540        -1.752562        0.3220224        0.1683397         5.940368    
 ten19                tensio        -1.404133        -1.752562        0.3484288         1.000000        -1.404133        -1.752562        0.3484288        0.1683397         5.940368    
 ten20                tensio        -1.320321        -1.752562        0.4322405         1.000000        -1.320321        -1.752562        0.4322405        0.1683397         5.940368    
 ten21                tensio        -1.060276        -1.100393        4.0117455E-02     1.000000        -1.060276        -1.100393        4.0117455E-02    0.1683397         5.940368    
 ten22                tensio       -0.7824340       -0.9970730        0.2146390         1.000000       -0.7824340       -0.9970730        0.2146390        0.1683397         5.940368    
 ten23                tensio       -0.7169920       -0.9527150        0.2357230         1.000000       -0.7169920       -0.9527150        0.2357230        0.1683397         5.940368    
 ten24                tensio       -0.7112514       -0.9527150        0.2414636         1.000000       -0.7112514       -0.9527150        0.2414636        0.1683397         5.940368    
 ten25                tensio       -0.7123995       -0.9527150        0.2403155         1.000000       -0.7123995       -0.9527150        0.2403155        0.1683397         5.940368    
 ten26                tensio       -0.7152698       -0.9527150        0.2374452         1.000000       -0.7152698       -0.9527150        0.2374452        0.1683397         5.940368    
 ten27                tensio       -0.7169920       -0.9562530        0.2392610         1.000000       -0.7169920       -0.9562530        0.2392610        0.1683397         5.940368    
 ten28                tensio       -0.7307692       -0.9562530        0.2254838         1.000000       -0.7307692       -0.9562530        0.2254838        0.1683397         5.940368    
 ten29                tensio       -0.7669346       -0.9562530        0.1893184         1.000000       -0.7669346       -0.9562530        0.1893184        0.1683397         5.940368    
 ten30                tensio       -0.7887486       -0.9598190        0.1710704         1.000000       -0.7887486       -0.9598190        0.1710704        0.1683397         5.940368    
 ten31                tensio       -0.8088404       -0.9598190        0.1509786         1.000000       -0.8088404       -0.9598190        0.1509786        0.1683397         5.940368    
 ten32                tensio       -0.8283582       -0.9598190        0.1314608         1.000000       -0.8283582       -0.9598190        0.1314608        0.1683397         5.940368    
 ten33                tensio       -0.8467279       -0.9634130        0.1166851         1.000000       -0.8467279       -0.9634130        0.1166851        0.1683397         5.940368    
 ten34                tensio       -0.8639495       -0.9634130        9.9463517E-02     1.000000       -0.8639495       -0.9634130        9.9463517E-02    0.1683397         5.940368    
 ten35                tensio       -0.8828932       -0.9670350        8.4141774E-02     1.000000       -0.8828932       -0.9670350        8.4141774E-02    0.1683397         5.940368    
 ten36                tensio       -0.8960964       -0.9670350        7.0938559E-02     1.000000       -0.8960964       -0.9670350        7.0938559E-02    0.1683397         5.940368    
 ten37                tensio       -0.9064294       -0.9670350        6.0605608E-02     1.000000       -0.9064294       -0.9670350        6.0605608E-02    0.1683397         5.940368    
 ten38                tensio       -0.9173364       -0.9706860        5.3349605E-02     1.000000       -0.9173364       -0.9706860        5.3349605E-02    0.1683397         5.940368    
 ten39                tensio       -0.9282434       -0.9706860        4.2442602E-02     1.000000       -0.9282434       -0.9706860        4.2442602E-02    0.1683397         5.940368    
 ten40                tensio       -0.9380023       -0.9743650        3.6362704E-02     1.000000       -0.9380023       -0.9743650        3.6362704E-02    0.1683397         5.940368    
 ten41                tensio       -0.9477612       -0.9743650        2.6603806E-02     1.000000       -0.9477612       -0.9743650        2.6603806E-02    0.1683397         5.940368    
 ten42                tensio       -0.9552239       -0.9743650        1.9141119E-02     1.000000       -0.9552239       -0.9743650        1.9141119E-02    0.1683397         5.940368    
 ten43                tensio       -0.9632606       -0.9780740        1.4813380E-02     1.000000       -0.9632606       -0.9780740        1.4813380E-02    0.1683397         5.940368    
 ten44                tensio       -0.9712974       -0.9780740        6.7766406E-03     1.000000       -0.9712974       -0.9780740        6.7766406E-03    0.1683397         5.940368    
 ten45                tensio       -0.9799082       -0.9818130        1.9048485E-03     1.000000       -0.9799082       -0.9818130        1.9048485E-03    0.1683397         5.940368    
 ten46                tensio       -0.9862227       -0.9818130       -4.4097325E-03     1.000000       -0.9862227       -0.9818130       -4.4097325E-03    0.1683397         5.940368    
 ten47                tensio       -0.9936854       -0.9855820       -8.1034191E-03     1.000000       -0.9936854       -0.9855820       -8.1034191E-03    0.1683397         5.940368    
 ten48                tensio        -1.000574       -0.9855820       -1.4992053E-02     1.000000        -1.000574       -0.9855820       -1.4992053E-02    0.1683397         5.940368    
 ten49                tensio        -1.006889       -0.9893810       -1.7507634E-02     1.000000        -1.006889       -0.9893810       -1.7507634E-02    0.1683397         5.940368    
 ten50                tensio        -1.013203        -1.000967       -1.2236215E-02     1.000000        -1.013203        -1.000967       -1.2236215E-02    0.1683397         5.940368    
 ten51                tensio        -1.020092        -1.008851       -1.1240848E-02     1.000000        -1.020092        -1.008851       -1.1240848E-02    0.1683397         5.940368    
 ten52                tensio        -1.025832        -1.016867       -8.9653766E-03     1.000000        -1.025832        -1.016867       -8.9653766E-03    0.1683397         5.940368    
 ten53                tensio        -1.030999        -1.025020       -5.9788519E-03     1.000000        -1.030999        -1.025020       -5.9788519E-03    0.1683397         5.940368    
 ten54                tensio        -1.035591        -1.033313       -2.2782744E-03     1.000000        -1.035591        -1.033313       -2.2782744E-03    0.1683397         5.940368    
 ten55                tensio        -1.039610        -1.037512       -2.0976441E-03     1.000000        -1.039610        -1.037512       -2.0976441E-03    0.1683397         5.940368    
 ten56                tensio        -1.044202        -1.046022        1.8199334E-03     1.000000        -1.044202        -1.046022        1.8199334E-03    0.1683397         5.940368    
 ten57                tensio        -1.049943        -1.054682        4.7394053E-03     1.000000        -1.049943        -1.054682        4.7394053E-03    0.1683397         5.940368    
 ten58                tensio        -1.052813        -1.059070        6.2571412E-03     1.000000        -1.052813        -1.059070        6.2571412E-03    0.1683397         5.940368    
 ten59                tensio        -1.056257        -1.067963        1.1705824E-02     1.000000        -1.056257        -1.067963        1.1705824E-02    0.1683397         5.940368    
 ten60                tensio        -1.060850        -1.072470        1.1620402E-02     1.000000        -1.060850        -1.072470        1.1620402E-02    0.1683397         5.940368    
 ten61                tensio        -1.063720        -1.081607        1.7887138E-02     1.000000        -1.063720        -1.081607        1.7887138E-02    0.1683397         5.940368    
 ten62                tensio        -1.068312        -1.086239        1.7926715E-02     1.000000        -1.068312        -1.086239        1.7926715E-02    0.1683397         5.940368    
 ten63                tensio        -1.072331        -1.090913        1.8582346E-02     1.000000        -1.072331        -1.090913        1.8582346E-02    0.1683397         5.940368    
 ten64                tensio        -1.075775        -1.095631        1.9856029E-02     1.000000        -1.075775        -1.095631        1.9856029E-02    0.1683397         5.940368    
 ten65                tensio        -1.078071        -1.105199        2.7127817E-02     1.000000        -1.078071        -1.105199        2.7127817E-02    0.1683397         5.940368    
 ten66                tensio        -1.082090        -1.110052        2.7962448E-02     1.000000        -1.082090        -1.110052        2.7962448E-02    0.1683397         5.940368    
 ten67                tensio        -1.085534        -1.114950        2.9416131E-02     1.000000        -1.085534        -1.114950        2.9416131E-02    0.1683397         5.940368    
 ten68                tensio        -1.088404        -1.119895        3.1490867E-02     1.000000        -1.088404        -1.119895        3.1490867E-02    0.1683397         5.940368    
 ten69                tensio        -1.091274        -1.124888        3.3613603E-02     1.000000        -1.091274        -1.124888        3.3613603E-02    0.1683397         5.940368    
 ten70                tensio        -1.092423        -1.129929        3.7506497E-02     1.000000        -1.092423        -1.129929        3.7506497E-02    0.1683397         5.940368    
 ten71                tensio        -1.097015        -1.135019        3.8004075E-02     1.000000        -1.097015        -1.135019        3.8004075E-02    0.1683397         5.940368    
 ten72                tensio        -1.100459        -1.140159        3.9699758E-02     1.000000        -1.100459        -1.140159        3.9699758E-02    0.1683397         5.940368    
 ten73                tensio        -1.102181        -1.145350        4.3168599E-02     1.000000        -1.102181        -1.145350        4.3168599E-02    0.1683397         5.940368    
 ten74                tensio        -1.105052        -1.150593        4.5541335E-02     1.000000        -1.105052        -1.150593        4.5541335E-02    0.1683397         5.940368    
 ten75                tensio        -1.107348        -1.155888        4.8540124E-02     1.000000        -1.107348        -1.155888        4.8540124E-02    0.1683397         5.940368    
 ten76                tensio        -1.109644        -1.161236        5.1591913E-02     1.000000        -1.109644        -1.161236        5.1591913E-02    0.1683397         5.940368    
 ten77                tensio        -1.113088        -1.161236        4.8147596E-02     1.000000        -1.113088        -1.161236        4.8147596E-02    0.1683397         5.940368    
 ten78                tensio        -1.114237        -1.166638        5.2401490E-02     1.000000        -1.114237        -1.166638        5.2401490E-02    0.1683397         5.940368    
 ten79                tensio        -1.117107        -1.172095        5.4988226E-02     1.000000        -1.117107        -1.172095        5.4988226E-02    0.1683397         5.940368    
 ten80                tensio        -1.120551        -1.177608        5.7056909E-02     1.000000        -1.120551        -1.177608        5.7056909E-02    0.1683397         5.940368    
 ten81                tensio        -1.122847        -1.183177        6.0329698E-02     1.000000        -1.122847        -1.183177        6.0329698E-02    0.1683397         5.940368    
 ten82                tensio        -1.125144        -1.183177        5.8033487E-02     1.000000        -1.125144        -1.183177        5.8033487E-02    0.1683397         5.940368    
 ten83                tensio        -1.128014        -1.188805        6.0791223E-02     1.000000        -1.128014        -1.188805        6.0791223E-02    0.1683397         5.940368    
 ten84                tensio        -1.130310        -1.194491        6.4181011E-02     1.000000        -1.130310        -1.194491        6.4181011E-02    0.1683397         5.940368    
 ten85                tensio        -1.131458        -1.200237        6.8778906E-02     1.000000        -1.131458        -1.200237        6.8778906E-02    0.1683397         5.940368    
 ten86                tensio        -1.135476        -1.200237        6.4760536E-02     1.000000        -1.135476        -1.200237        6.4760536E-02    0.1683397         5.940368    
 ten87                tensio        -1.137199        -1.206044        6.8845378E-02     1.000000        -1.137199        -1.206044        6.8845378E-02    0.1683397         5.940368    
 ten88                tensio        -1.137773        -1.211912        7.4139325E-02     1.000000        -1.137773        -1.211912        7.4139325E-02    0.1683397         5.940368    
 ten89                tensio        -1.139495        -1.211912        7.2417166E-02     1.000000        -1.139495        -1.211912        7.2417166E-02    0.1683397         5.940368    
 ten90                tensio        -1.142939        -1.217844        7.4904850E-02     1.000000        -1.142939        -1.217844        7.4904850E-02    0.1683397         5.940368    
 ten91                tensio        -1.144661        -1.223839        7.9177691E-02     1.000000        -1.144661        -1.223839        7.9177691E-02    0.1683397         5.940368    
 ten92                tensio        -1.146958        -1.223839        7.6881480E-02     1.000000        -1.146958        -1.223839        7.6881480E-02    0.1683397         5.940368    
 ten93                tensio        -1.148106        -1.229900        8.1794374E-02     1.000000        -1.148106        -1.229900        8.1794374E-02    0.1683397         5.940368    
 ten94                tensio        -1.150402        -1.229900        7.9498163E-02     1.000000        -1.150402        -1.229900        7.9498163E-02    0.1683397         5.940368    
 ten95                tensio        -1.157290        -1.236026        7.8735529E-02     1.000000        -1.157290        -1.236026        7.8735529E-02    0.1683397         5.940368    
 ten96                tensio        -1.153846        -1.236026        8.2179846E-02     1.000000        -1.153846        -1.236026        8.2179846E-02    0.1683397         5.940368    
