 Name                 Group          Measured         Modelled         Residual         Weight       Weight*Measured    Weight*Modelled  Weight*Residual  Measurement_sd   Natural_weight
 ten1                 tensio        -1.464409        -1.744568        0.2801593         1.000000        -1.464409        -1.744568        0.2801593        0.1552859         6.439734    
 ten2                 tensio        -1.460964        -1.744568        0.2836036         1.000000        -1.460964        -1.744568        0.2836036        0.1552859         6.439734    
 ten3                 tensio        -1.458668        -1.744568        0.2858998         1.000000        -1.458668        -1.744568        0.2858998        0.1552859         6.439734    
 ten4                 tensio        -1.459816        -1.744568        0.2847517         1.000000        -1.459816        -1.744568        0.2847517        0.1552859         6.439734    
 ten5                 tensio        -1.456946        -1.744568        0.2876220         1.000000        -1.456946        -1.744568        0.2876220        0.1552859         6.439734    
 ten6                 tensio        -1.461538        -1.744568        0.2830295         1.000000        -1.461538        -1.744568        0.2830295        0.1552859         6.439734    
 ten7                 tensio        -1.460390        -1.744568        0.2841776         1.000000        -1.460390        -1.744568        0.2841776        0.1552859         6.439734    
 ten8                 tensio        -1.458668        -1.744568        0.2858998         1.000000        -1.458668        -1.744568        0.2858998        0.1552859         6.439734    
 ten9                 tensio        -1.462113        -1.744568        0.2824555         1.000000        -1.462113        -1.744568        0.2824555        0.1552859         6.439734    
 ten10                tensio        -1.453502        -1.744568        0.2910663         1.000000        -1.453502        -1.744568        0.2910663        0.1552859         6.439734    
 ten11                tensio        -1.454076        -1.744568        0.2904922         1.000000        -1.454076        -1.744568        0.2904922        0.1552859         6.439734    
 ten12                tensio        -1.451780        -1.744568        0.2927884         1.000000        -1.451780        -1.744568        0.2927884        0.1552859         6.439734    
 ten13                tensio        -1.452354        -1.744568        0.2922144         1.000000        -1.452354        -1.744568        0.2922144        0.1552859         6.439734    
 ten14                tensio        -1.458668        -1.744568        0.2858998         1.000000        -1.458668        -1.744568        0.2858998        0.1552859         6.439734    
 ten15                tensio        -1.452354        -1.744568        0.2922144         1.000000        -1.452354        -1.744568        0.2922144        0.1552859         6.439734    
 ten16                tensio        -1.448909        -1.744568        0.2956587         1.000000        -1.448909        -1.744568        0.2956587        0.1552859         6.439734    
 ten17                tensio        -1.449483        -1.744568        0.2950846         1.000000        -1.449483        -1.744568        0.2950846        0.1552859         6.439734    
 ten18                tensio        -1.430540        -1.744568        0.3140284         1.000000        -1.430540        -1.744568        0.3140284        0.1552859         6.439734    
 ten19                tensio        -1.404133        -1.744568        0.3404348         1.000000        -1.404133        -1.744568        0.3404348        0.1552859         6.439734    
 ten20                tensio        -1.320321        -1.744568        0.4242465         1.000000        -1.320321        -1.744568        0.4242465        0.1552859         6.439734    
 ten21                tensio        -1.060276        -1.073193        1.2917455E-02     1.000000        -1.060276        -1.073193        1.2917455E-02    0.1552859         6.439734    
 ten22                tensio       -0.7824340       -0.9488390        0.1664050         1.000000       -0.7824340       -0.9488390        0.1664050        0.1552859         6.439734    
 ten23                tensio       -0.7169920       -0.8988240        0.1818320         1.000000       -0.7169920       -0.8988240        0.1818320        0.1552859         6.439734    
 ten24                tensio       -0.7112514       -0.8988240        0.1875726         1.000000       -0.7112514       -0.8988240        0.1875726        0.1552859         6.439734    
 ten25                tensio       -0.7123995       -0.8988240        0.1864245         1.000000       -0.7123995       -0.8988240        0.1864245        0.1552859         6.439734    
 ten26                tensio       -0.7152698       -0.8988240        0.1835542         1.000000       -0.7152698       -0.8988240        0.1835542        0.1552859         6.439734    
 ten27                tensio       -0.7169920       -0.9022180        0.1852260         1.000000       -0.7169920       -0.9022180        0.1852260        0.1552859         6.439734    
 ten28                tensio       -0.7307692       -0.9022180        0.1714488         1.000000       -0.7307692       -0.9022180        0.1714488        0.1552859         6.439734    
 ten29                tensio       -0.7669346       -0.9022180        0.1352834         1.000000       -0.7669346       -0.9022180        0.1352834        0.1552859         6.439734    
 ten30                tensio       -0.7887486       -0.9056380        0.1168894         1.000000       -0.7887486       -0.9056380        0.1168894        0.1552859         6.439734    
 ten31                tensio       -0.8088404       -0.9056380        9.6797587E-02     1.000000       -0.8088404       -0.9056380        9.6797587E-02    0.1552859         6.439734    
 ten32                tensio       -0.8283582       -0.9056380        7.7279791E-02     1.000000       -0.8283582       -0.9056380        7.7279791E-02    0.1552859         6.439734    
 ten33                tensio       -0.8467279       -0.9090850        6.2357101E-02     1.000000       -0.8467279       -0.9090850        6.2357101E-02    0.1552859         6.439734    
 ten34                tensio       -0.8639495       -0.9090850        4.5135517E-02     1.000000       -0.8639495       -0.9090850        4.5135517E-02    0.1552859         6.439734    
 ten35                tensio       -0.8828932       -0.9090850        2.6191774E-02     1.000000       -0.8828932       -0.9090850        2.6191774E-02    0.1552859         6.439734    
 ten36                tensio       -0.8960964       -0.9125580        1.6461559E-02     1.000000       -0.8960964       -0.9125580        1.6461559E-02    0.1552859         6.439734    
 ten37                tensio       -0.9064294       -0.9125580        6.1286085E-03     1.000000       -0.9064294       -0.9125580        6.1286085E-03    0.1552859         6.439734    
 ten38                tensio       -0.9173364       -0.9160580       -1.2783949E-03     1.000000       -0.9173364       -0.9160580       -1.2783949E-03    0.1552859         6.439734    
 ten39                tensio       -0.9282434       -0.9160580       -1.2185398E-02     1.000000       -0.9282434       -0.9160580       -1.2185398E-02    0.1552859         6.439734    
 ten40                tensio       -0.9380023       -0.9160580       -2.1944296E-02     1.000000       -0.9380023       -0.9160580       -2.1944296E-02    0.1552859         6.439734    
 ten41                tensio       -0.9477612       -0.9195860       -2.8175194E-02     1.000000       -0.9477612       -0.9195860       -2.8175194E-02    0.1552859         6.439734    
 ten42                tensio       -0.9552239       -0.9195860       -3.5637881E-02     1.000000       -0.9552239       -0.9195860       -3.5637881E-02    0.1552859         6.439734    
 ten43                tensio       -0.9632606       -0.9231420       -4.0118620E-02     1.000000       -0.9632606       -0.9231420       -4.0118620E-02    0.1552859         6.439734    
 ten44                tensio       -0.9712974       -0.9231420       -4.8155359E-02     1.000000       -0.9712974       -0.9231420       -4.8155359E-02    0.1552859         6.439734    
 ten45                tensio       -0.9799082       -0.9267260       -5.3182152E-02     1.000000       -0.9799082       -0.9267260       -5.3182152E-02    0.1552859         6.439734    
 ten46                tensio       -0.9862227       -0.9267260       -5.9496732E-02     1.000000       -0.9862227       -0.9267260       -5.9496732E-02    0.1552859         6.439734    
 ten47                tensio       -0.9936854       -0.9303380       -6.3347419E-02     1.000000       -0.9936854       -0.9303380       -6.3347419E-02    0.1552859         6.439734    
 ten48                tensio        -1.000574       -0.9303380       -7.0236053E-02     1.000000        -1.000574       -0.9303380       -7.0236053E-02    0.1552859         6.439734    
 ten49                tensio        -1.006889       -0.9339790       -7.2909634E-02     1.000000        -1.006889       -0.9339790       -7.2909634E-02    0.1552859         6.439734    
 ten50                tensio        -1.013203       -0.9413490       -7.1854215E-02     1.000000        -1.013203       -0.9413490       -7.1854215E-02    0.1552859         6.439734    
 ten51                tensio        -1.020092       -0.9488390       -7.1252848E-02     1.000000        -1.020092       -0.9488390       -7.1252848E-02    0.1552859         6.439734    
 ten52                tensio        -1.025832       -0.9564530       -6.9379377E-02     1.000000        -1.025832       -0.9564530       -6.9379377E-02    0.1552859         6.439734    
 ten53                tensio        -1.030999       -0.9641930       -6.6805852E-02     1.000000        -1.030999       -0.9641930       -6.6805852E-02    0.1552859         6.439734    
 ten54                tensio        -1.035591       -0.9720630       -6.3528274E-02     1.000000        -1.035591       -0.9720630       -6.3528274E-02    0.1552859         6.439734    
 ten55                tensio        -1.039610       -0.9800660       -5.9543644E-02     1.000000        -1.039610       -0.9800660       -5.9543644E-02    0.1552859         6.439734    
 ten56                tensio        -1.044202       -0.9882070       -5.5995067E-02     1.000000        -1.044202       -0.9882070       -5.5995067E-02    0.1552859         6.439734    
 ten57                tensio        -1.049943       -0.9964890       -5.3453595E-02     1.000000        -1.049943       -0.9964890       -5.3453595E-02    0.1552859         6.439734    
 ten58                tensio        -1.052813        -1.000684       -5.2128859E-02     1.000000        -1.052813        -1.000684       -5.2128859E-02    0.1552859         6.439734    
 ten59                tensio        -1.056257        -1.009185       -4.7072176E-02     1.000000        -1.056257        -1.009185       -4.7072176E-02    0.1552859         6.439734    
 ten60                tensio        -1.060850        -1.013493       -4.7356598E-02     1.000000        -1.060850        -1.013493       -4.7356598E-02    0.1552859         6.439734    
 ten61                tensio        -1.063720        -1.022223       -4.1496862E-02     1.000000        -1.063720        -1.022223       -4.1496862E-02    0.1552859         6.439734    
 ten62                tensio        -1.068312        -1.026647       -4.1665285E-02     1.000000        -1.068312        -1.026647       -4.1665285E-02    0.1552859         6.439734    
 ten63                tensio        -1.072331        -1.031111       -4.1219654E-02     1.000000        -1.072331        -1.031111       -4.1219654E-02    0.1552859         6.439734    
 ten64                tensio        -1.075775        -1.035615       -4.0159971E-02     1.000000        -1.075775        -1.035615       -4.0159971E-02    0.1552859         6.439734    
 ten65                tensio        -1.078071        -1.044750       -3.3321183E-02     1.000000        -1.078071        -1.044750       -3.3321183E-02    0.1552859         6.439734    
 ten66                tensio        -1.082090        -1.049380       -3.2709552E-02     1.000000        -1.082090        -1.049380       -3.2709552E-02    0.1552859         6.439734    
 ten67                tensio        -1.085534        -1.054054       -3.1479869E-02     1.000000        -1.085534        -1.054054       -3.1479869E-02    0.1552859         6.439734    
 ten68                tensio        -1.088404        -1.058771       -2.9633133E-02     1.000000        -1.088404        -1.058771       -2.9633133E-02    0.1552859         6.439734    
 ten69                tensio        -1.091274        -1.063533       -2.7741397E-02     1.000000        -1.091274        -1.063533       -2.7741397E-02    0.1552859         6.439734    
 ten70                tensio        -1.092423        -1.068340       -2.4082503E-02     1.000000        -1.092423        -1.068340       -2.4082503E-02    0.1552859         6.439734    
 ten71                tensio        -1.097015        -1.073193       -2.3821925E-02     1.000000        -1.097015        -1.073193       -2.3821925E-02    0.1552859         6.439734    
 ten72                tensio        -1.100459        -1.078093       -2.2366242E-02     1.000000        -1.100459        -1.078093       -2.2366242E-02    0.1552859         6.439734    
 ten73                tensio        -1.102181        -1.083040       -1.9141401E-02     1.000000        -1.102181        -1.083040       -1.9141401E-02    0.1552859         6.439734    
 ten74                tensio        -1.105052        -1.088034       -1.7017665E-02     1.000000        -1.105052        -1.088034       -1.7017665E-02    0.1552859         6.439734    
 ten75                tensio        -1.107348        -1.093078       -1.4269876E-02     1.000000        -1.107348        -1.093078       -1.4269876E-02    0.1552859         6.439734    
 ten76                tensio        -1.109644        -1.098171       -1.1473087E-02     1.000000        -1.109644        -1.098171       -1.1473087E-02    0.1552859         6.439734    
 ten77                tensio        -1.113088        -1.103315       -9.7734041E-03     1.000000        -1.113088        -1.103315       -9.7734041E-03    0.1552859         6.439734    
 ten78                tensio        -1.114237        -1.108509       -5.7275098E-03     1.000000        -1.114237        -1.108509       -5.7275098E-03    0.1552859         6.439734    
 ten79                tensio        -1.117107        -1.113756       -3.3507738E-03     1.000000        -1.117107        -1.113756       -3.3507738E-03    0.1552859         6.439734    
 ten80                tensio        -1.120551        -1.113756       -6.7950907E-03     1.000000        -1.120551        -1.113756       -6.7950907E-03    0.1552859         6.439734    
 ten81                tensio        -1.122847        -1.119055       -3.7923020E-03     1.000000        -1.122847        -1.119055       -3.7923020E-03    0.1552859         6.439734    
 ten82                tensio        -1.125144        -1.124408       -7.3551320E-04     1.000000        -1.125144        -1.124408       -7.3551320E-04    0.1552859         6.439734    
 ten83                tensio        -1.128014        -1.129815        1.8012227E-03     1.000000        -1.128014        -1.129815        1.8012227E-03    0.1552859         6.439734    
 ten84                tensio        -1.130310        -1.135278        4.9680115E-03     1.000000        -1.130310        -1.135278        4.9680115E-03    0.1552859         6.439734    
 ten85                tensio        -1.131458        -1.135278        3.8199059E-03     1.000000        -1.131458        -1.135278        3.8199059E-03    0.1552859         6.439734    
 ten86                tensio        -1.135476        -1.140797        5.3205362E-03     1.000000        -1.135476        -1.140797        5.3205362E-03    0.1552859         6.439734    
 ten87                tensio        -1.137199        -1.146374        9.1753777E-03     1.000000        -1.137199        -1.146374        9.1753777E-03    0.1552859         6.439734    
 ten88                tensio        -1.137773        -1.146374        8.6013249E-03     1.000000        -1.137773        -1.146374        8.6013249E-03    0.1552859         6.439734    
 ten89                tensio        -1.139495        -1.152008        1.2513166E-02     1.000000        -1.139495        -1.152008        1.2513166E-02    0.1552859         6.439734    
 ten90                tensio        -1.142939        -1.157702        1.4762850E-02     1.000000        -1.142939        -1.157702        1.4762850E-02    0.1552859         6.439734    
 ten91                tensio        -1.144661        -1.157702        1.3040691E-02     1.000000        -1.144661        -1.157702        1.3040691E-02    0.1552859         6.439734    
 ten92                tensio        -1.146958        -1.163456        1.6498480E-02     1.000000        -1.146958        -1.163456        1.6498480E-02    0.1552859         6.439734    
 ten93                tensio        -1.148106        -1.169271        2.1165374E-02     1.000000        -1.148106        -1.169271        2.1165374E-02    0.1552859         6.439734    
 ten94                tensio        -1.150402        -1.169271        1.8869163E-02     1.000000        -1.150402        -1.169271        1.8869163E-02    0.1552859         6.439734    
 ten95                tensio        -1.157290        -1.175149        1.7858529E-02     1.000000        -1.157290        -1.175149        1.7858529E-02    0.1552859         6.439734    
 ten96                tensio        -1.153846        -1.175149        2.1302846E-02     1.000000        -1.153846        -1.175149        2.1302846E-02    0.1552859         6.439734    
