 Name                 Group          Measured         Modelled         Residual         Weight       Weight*Measured    Weight*Modelled  Weight*Residual  Measurement_sd   Natural_weight
 ten1                 tensio        -1.464409        -1.753414        0.2890053         1.000000        -1.464409        -1.753414        0.2890053        0.1629588         6.136519    
 ten2                 tensio        -1.460964        -1.753414        0.2924496         1.000000        -1.460964        -1.753414        0.2924496        0.1629588         6.136519    
 ten3                 tensio        -1.458668        -1.753414        0.2947458         1.000000        -1.458668        -1.753414        0.2947458        0.1629588         6.136519    
 ten4                 tensio        -1.459816        -1.753414        0.2935977         1.000000        -1.459816        -1.753414        0.2935977        0.1629588         6.136519    
 ten5                 tensio        -1.456946        -1.753414        0.2964680         1.000000        -1.456946        -1.753414        0.2964680        0.1629588         6.136519    
 ten6                 tensio        -1.461538        -1.753414        0.2918755         1.000000        -1.461538        -1.753414        0.2918755        0.1629588         6.136519    
 ten7                 tensio        -1.460390        -1.753414        0.2930236         1.000000        -1.460390        -1.753414        0.2930236        0.1629588         6.136519    
 ten8                 tensio        -1.458668        -1.753414        0.2947458         1.000000        -1.458668        -1.753414        0.2947458        0.1629588         6.136519    
 ten9                 tensio        -1.462113        -1.753414        0.2913015         1.000000        -1.462113        -1.753414        0.2913015        0.1629588         6.136519    
 ten10                tensio        -1.453502        -1.753414        0.2999123         1.000000        -1.453502        -1.753414        0.2999123        0.1629588         6.136519    
 ten11                tensio        -1.454076        -1.753414        0.2993382         1.000000        -1.454076        -1.753414        0.2993382        0.1629588         6.136519    
 ten12                tensio        -1.451780        -1.753414        0.3016344         1.000000        -1.451780        -1.753414        0.3016344        0.1629588         6.136519    
 ten13                tensio        -1.452354        -1.753414        0.3010604         1.000000        -1.452354        -1.753414        0.3010604        0.1629588         6.136519    
 ten14                tensio        -1.458668        -1.753414        0.2947458         1.000000        -1.458668        -1.753414        0.2947458        0.1629588         6.136519    
 ten15                tensio        -1.452354        -1.753414        0.3010604         1.000000        -1.452354        -1.753414        0.3010604        0.1629588         6.136519    
 ten16                tensio        -1.448909        -1.753414        0.3045047         1.000000        -1.448909        -1.753414        0.3045047        0.1629588         6.136519    
 ten17                tensio        -1.449483        -1.753414        0.3039306         1.000000        -1.449483        -1.753414        0.3039306        0.1629588         6.136519    
 ten18                tensio        -1.430540        -1.753414        0.3228744         1.000000        -1.430540        -1.753414        0.3228744        0.1629588         6.136519    
 ten19                tensio        -1.404133        -1.753414        0.3492808         1.000000        -1.404133        -1.753414        0.3492808        0.1629588         6.136519    
 ten20                tensio        -1.320321        -1.753414        0.4330925         1.000000        -1.320321        -1.753414        0.4330925        0.1629588         6.136519    
 ten21                tensio        -1.060276        -1.086429        2.6153455E-02     1.000000        -1.060276        -1.086429        2.6153455E-02    0.1629588         6.136519    
 ten22                tensio       -0.7824340       -0.9792270        0.1967930         1.000000       -0.7824340       -0.9792270        0.1967930        0.1629588         6.136519    
 ten23                tensio       -0.7169920       -0.9317590        0.2147670         1.000000       -0.7169920       -0.9317590        0.2147670        0.1629588         6.136519    
 ten24                tensio       -0.7112514       -0.9317590        0.2205076         1.000000       -0.7112514       -0.9317590        0.2205076        0.1629588         6.136519    
 ten25                tensio       -0.7123995       -0.9317590        0.2193595         1.000000       -0.7123995       -0.9317590        0.2193595        0.1629588         6.136519    
 ten26                tensio       -0.7152698       -0.9317590        0.2164892         1.000000       -0.7152698       -0.9317590        0.2164892        0.1629588         6.136519    
 ten27                tensio       -0.7169920       -0.9352410        0.2182490         1.000000       -0.7169920       -0.9352410        0.2182490        0.1629588         6.136519    
 ten28                tensio       -0.7307692       -0.9352410        0.2044718         1.000000       -0.7307692       -0.9352410        0.2044718        0.1629588         6.136519    
 ten29                tensio       -0.7669346       -0.9352410        0.1683064         1.000000       -0.7669346       -0.9352410        0.1683064        0.1629588         6.136519    
 ten30                tensio       -0.7887486       -0.9387500        0.1500014         1.000000       -0.7887486       -0.9387500        0.1500014        0.1629588         6.136519    
 ten31                tensio       -0.8088404       -0.9387500        0.1299096         1.000000       -0.8088404       -0.9387500        0.1299096        0.1629588         6.136519    
 ten32                tensio       -0.8283582       -0.9387500        0.1103918         1.000000       -0.8283582       -0.9387500        0.1103918        0.1629588         6.136519    
 ten33                tensio       -0.8467279       -0.9422860        9.5558101E-02     1.000000       -0.8467279       -0.9422860        9.5558101E-02    0.1629588         6.136519    
 ten34                tensio       -0.8639495       -0.9422860        7.8336517E-02     1.000000       -0.8639495       -0.9422860        7.8336517E-02    0.1629588         6.136519    
 ten35                tensio       -0.8828932       -0.9458500        6.2956774E-02     1.000000       -0.8828932       -0.9458500        6.2956774E-02    0.1629588         6.136519    
 ten36                tensio       -0.8960964       -0.9458500        4.9753559E-02     1.000000       -0.8960964       -0.9458500        4.9753559E-02    0.1629588         6.136519    
 ten37                tensio       -0.9064294       -0.9458500        3.9420608E-02     1.000000       -0.9064294       -0.9458500        3.9420608E-02    0.1629588         6.136519    
 ten38                tensio       -0.9173364       -0.9494410        3.2104605E-02     1.000000       -0.9173364       -0.9494410        3.2104605E-02    0.1629588         6.136519    
 ten39                tensio       -0.9282434       -0.9494410        2.1197602E-02     1.000000       -0.9282434       -0.9494410        2.1197602E-02    0.1629588         6.136519    
 ten40                tensio       -0.9380023       -0.9530610        1.5058704E-02     1.000000       -0.9380023       -0.9530610        1.5058704E-02    0.1629588         6.136519    
 ten41                tensio       -0.9477612       -0.9530610        5.2998060E-03     1.000000       -0.9477612       -0.9530610        5.2998060E-03    0.1629588         6.136519    
 ten42                tensio       -0.9552239       -0.9530610       -2.1628806E-03     1.000000       -0.9552239       -0.9530610       -2.1628806E-03    0.1629588         6.136519    
 ten43                tensio       -0.9632606       -0.9567100       -6.5506200E-03     1.000000       -0.9632606       -0.9567100       -6.5506200E-03    0.1629588         6.136519    
 ten44                tensio       -0.9712974       -0.9567100       -1.4587359E-02     1.000000       -0.9712974       -0.9567100       -1.4587359E-02    0.1629588         6.136519    
 ten45                tensio       -0.9799082       -0.9603880       -1.9520152E-02     1.000000       -0.9799082       -0.9603880       -1.9520152E-02    0.1629588         6.136519    
 ten46                tensio       -0.9862227       -0.9603880       -2.5834732E-02     1.000000       -0.9862227       -0.9603880       -2.5834732E-02    0.1629588         6.136519    
 ten47                tensio       -0.9936854       -0.9640950       -2.9590419E-02     1.000000       -0.9936854       -0.9640950       -2.9590419E-02    0.1629588         6.136519    
 ten48                tensio        -1.000574       -0.9640950       -3.6479053E-02     1.000000        -1.000574       -0.9640950       -3.6479053E-02    0.1629588         6.136519    
 ten49                tensio        -1.006889       -0.9678320       -3.9056634E-02     1.000000        -1.006889       -0.9678320       -3.9056634E-02    0.1629588         6.136519    
 ten50                tensio        -1.013203       -0.9792270       -3.3976215E-02     1.000000        -1.013203       -0.9792270       -3.3976215E-02    0.1629588         6.136519    
 ten51                tensio        -1.020092       -0.9869800       -3.3111848E-02     1.000000        -1.020092       -0.9869800       -3.3111848E-02    0.1629588         6.136519    
 ten52                tensio        -1.025832       -0.9948630       -3.0969377E-02     1.000000        -1.025832       -0.9948630       -3.0969377E-02    0.1629588         6.136519    
 ten53                tensio        -1.030999        -1.002879       -2.8119852E-02     1.000000        -1.030999        -1.002879       -2.8119852E-02    0.1629588         6.136519    
 ten54                tensio        -1.035591        -1.011031       -2.4560274E-02     1.000000        -1.035591        -1.011031       -2.4560274E-02    0.1629588         6.136519    
 ten55                tensio        -1.039610        -1.015160       -2.4449644E-02     1.000000        -1.039610        -1.015160       -2.4449644E-02    0.1629588         6.136519    
 ten56                tensio        -1.044202        -1.023525       -2.0677067E-02     1.000000        -1.044202        -1.023525       -2.0677067E-02    0.1629588         6.136519    
 ten57                tensio        -1.049943        -1.032036       -1.7906595E-02     1.000000        -1.049943        -1.032036       -1.7906595E-02    0.1629588         6.136519    
 ten58                tensio        -1.052813        -1.036348       -1.6464859E-02     1.000000        -1.052813        -1.036348       -1.6464859E-02    0.1629588         6.136519    
 ten59                tensio        -1.056257        -1.045087       -1.1170176E-02     1.000000        -1.056257        -1.045087       -1.1170176E-02    0.1629588         6.136519    
 ten60                tensio        -1.060850        -1.049515       -1.1334598E-02     1.000000        -1.060850        -1.049515       -1.1334598E-02    0.1629588         6.136519    
 ten61                tensio        -1.063720        -1.058492       -5.2278622E-03     1.000000        -1.063720        -1.058492       -5.2278622E-03    0.1629588         6.136519    
 ten62                tensio        -1.068312        -1.063042       -5.2702847E-03     1.000000        -1.068312        -1.063042       -5.2702847E-03    0.1629588         6.136519    
 ten63                tensio        -1.072331        -1.067633       -4.6976544E-03     1.000000        -1.072331        -1.067633       -4.6976544E-03    0.1629588         6.136519    
 ten64                tensio        -1.075775        -1.072267       -3.5079713E-03     1.000000        -1.075775        -1.072267       -3.5079713E-03    0.1629588         6.136519    
 ten65                tensio        -1.078071        -1.081664        3.5928174E-03     1.000000        -1.078071        -1.081664        3.5928174E-03    0.1629588         6.136519    
 ten66                tensio        -1.082090        -1.086429        4.3394478E-03     1.000000        -1.082090        -1.086429        4.3394478E-03    0.1629588         6.136519    
 ten67                tensio        -1.085534        -1.091239        5.7051309E-03     1.000000        -1.085534        -1.091239        5.7051309E-03    0.1629588         6.136519    
 ten68                tensio        -1.088404        -1.096094        7.6898668E-03     1.000000        -1.088404        -1.096094        7.6898668E-03    0.1629588         6.136519    
 ten69                tensio        -1.091274        -1.100996        9.7216028E-03     1.000000        -1.091274        -1.100996        9.7216028E-03    0.1629588         6.136519    
 ten70                tensio        -1.092423        -1.105945        1.3522497E-02     1.000000        -1.092423        -1.105945        1.3522497E-02    0.1629588         6.136519    
 ten71                tensio        -1.097015        -1.110942        1.3927075E-02     1.000000        -1.097015        -1.110942        1.3927075E-02    0.1629588         6.136519    
 ten72                tensio        -1.100459        -1.115987        1.5527758E-02     1.000000        -1.100459        -1.115987        1.5527758E-02    0.1629588         6.136519    
 ten73                tensio        -1.102181        -1.121082        1.8900599E-02     1.000000        -1.102181        -1.121082        1.8900599E-02    0.1629588         6.136519    
 ten74                tensio        -1.105052        -1.126227        2.1175335E-02     1.000000        -1.105052        -1.126227        2.1175335E-02    0.1629588         6.136519    
 ten75                tensio        -1.107348        -1.131422        2.4074124E-02     1.000000        -1.107348        -1.131422        2.4074124E-02    0.1629588         6.136519    
 ten76                tensio        -1.109644        -1.136670        2.7025913E-02     1.000000        -1.109644        -1.136670        2.7025913E-02    0.1629588         6.136519    
 ten77                tensio        -1.113088        -1.141970        2.8881596E-02     1.000000        -1.113088        -1.141970        2.8881596E-02    0.1629588         6.136519    
 ten78                tensio        -1.114237        -1.147323        3.3086490E-02     1.000000        -1.114237        -1.147323        3.3086490E-02    0.1629588         6.136519    
 ten79                tensio        -1.117107        -1.147323        3.0216226E-02     1.000000        -1.117107        -1.147323        3.0216226E-02    0.1629588         6.136519    
 ten80                tensio        -1.120551        -1.152731        3.2179909E-02     1.000000        -1.120551        -1.152731        3.2179909E-02    0.1629588         6.136519    
 ten81                tensio        -1.122847        -1.158194        3.5346698E-02     1.000000        -1.122847        -1.158194        3.5346698E-02    0.1629588         6.136519    
 ten82                tensio        -1.125144        -1.163713        3.8569487E-02     1.000000        -1.125144        -1.163713        3.8569487E-02    0.1629588         6.136519    
 ten83                tensio        -1.128014        -1.163713        3.5699223E-02     1.000000        -1.128014        -1.163713        3.5699223E-02    0.1629588         6.136519    
 ten84                tensio        -1.130310        -1.169290        3.8980011E-02     1.000000        -1.130310        -1.169290        3.8980011E-02    0.1629588         6.136519    
 ten85                tensio        -1.131458        -1.174924        4.3465906E-02     1.000000        -1.131458        -1.174924        4.3465906E-02    0.1629588         6.136519    
 ten86                tensio        -1.135476        -1.180617        4.5140536E-02     1.000000        -1.135476        -1.180617        4.5140536E-02    0.1629588         6.136519    
 ten87                tensio        -1.137199        -1.180617        4.3418378E-02     1.000000        -1.137199        -1.180617        4.3418378E-02    0.1629588         6.136519    
 ten88                tensio        -1.137773        -1.186370        4.8597325E-02     1.000000        -1.137773        -1.186370        4.8597325E-02    0.1629588         6.136519    
 ten89                tensio        -1.139495        -1.192184        5.2689166E-02     1.000000        -1.139495        -1.192184        5.2689166E-02    0.1629588         6.136519    
 ten90                tensio        -1.142939        -1.192184        4.9244850E-02     1.000000        -1.142939        -1.192184        4.9244850E-02    0.1629588         6.136519    
 ten91                tensio        -1.144661        -1.198061        5.3399691E-02     1.000000        -1.144661        -1.198061        5.3399691E-02    0.1629588         6.136519    
 ten92                tensio        -1.146958        -1.198061        5.1103480E-02     1.000000        -1.146958        -1.198061        5.1103480E-02    0.1629588         6.136519    
 ten93                tensio        -1.148106        -1.204000        5.5894374E-02     1.000000        -1.148106        -1.204000        5.5894374E-02    0.1629588         6.136519    
 ten94                tensio        -1.150402        -1.210004        5.9602163E-02     1.000000        -1.150402        -1.210004        5.9602163E-02    0.1629588         6.136519    
 ten95                tensio        -1.157290        -1.210004        5.2713529E-02     1.000000        -1.157290        -1.210004        5.2713529E-02    0.1629588         6.136519    
 ten96                tensio        -1.153846        -1.216073        6.2226846E-02     1.000000        -1.153846        -1.216073        6.2226846E-02    0.1629588         6.136519    
