 Name                 Group          Measured         Modelled         Residual         Weight       Weight*Measured    Weight*Modelled  Weight*Residual  Measurement_sd   Natural_weight
 ten1                 tensio        -1.464409        -1.752832        0.2884233         1.000000        -1.464409        -1.752832        0.2884233        0.1646960         6.071792    
 ten2                 tensio        -1.460964        -1.752832        0.2918676         1.000000        -1.460964        -1.752832        0.2918676        0.1646960         6.071792    
 ten3                 tensio        -1.458668        -1.752832        0.2941638         1.000000        -1.458668        -1.752832        0.2941638        0.1646960         6.071792    
 ten4                 tensio        -1.459816        -1.752832        0.2930157         1.000000        -1.459816        -1.752832        0.2930157        0.1646960         6.071792    
 ten5                 tensio        -1.456946        -1.752832        0.2958860         1.000000        -1.456946        -1.752832        0.2958860        0.1646960         6.071792    
 ten6                 tensio        -1.461538        -1.752832        0.2912935         1.000000        -1.461538        -1.752832        0.2912935        0.1646960         6.071792    
 ten7                 tensio        -1.460390        -1.752832        0.2924416         1.000000        -1.460390        -1.752832        0.2924416        0.1646960         6.071792    
 ten8                 tensio        -1.458668        -1.752832        0.2941638         1.000000        -1.458668        -1.752832        0.2941638        0.1646960         6.071792    
 ten9                 tensio        -1.462113        -1.752832        0.2907195         1.000000        -1.462113        -1.752832        0.2907195        0.1646960         6.071792    
 ten10                tensio        -1.453502        -1.752832        0.2993303         1.000000        -1.453502        -1.752832        0.2993303        0.1646960         6.071792    
 ten11                tensio        -1.454076        -1.752832        0.2987562         1.000000        -1.454076        -1.752832        0.2987562        0.1646960         6.071792    
 ten12                tensio        -1.451780        -1.752832        0.3010524         1.000000        -1.451780        -1.752832        0.3010524        0.1646960         6.071792    
 ten13                tensio        -1.452354        -1.752832        0.3004784         1.000000        -1.452354        -1.752832        0.3004784        0.1646960         6.071792    
 ten14                tensio        -1.458668        -1.752832        0.2941638         1.000000        -1.458668        -1.752832        0.2941638        0.1646960         6.071792    
 ten15                tensio        -1.452354        -1.752832        0.3004784         1.000000        -1.452354        -1.752832        0.3004784        0.1646960         6.071792    
 ten16                tensio        -1.448909        -1.752832        0.3039227         1.000000        -1.448909        -1.752832        0.3039227        0.1646960         6.071792    
 ten17                tensio        -1.449483        -1.752832        0.3033486         1.000000        -1.449483        -1.752832        0.3033486        0.1646960         6.071792    
 ten18                tensio        -1.430540        -1.752832        0.3222924         1.000000        -1.430540        -1.752832        0.3222924        0.1646960         6.071792    
 ten19                tensio        -1.404133        -1.752832        0.3486988         1.000000        -1.404133        -1.752832        0.3486988        0.1646960         6.071792    
 ten20                tensio        -1.320321        -1.752832        0.4325105         1.000000        -1.320321        -1.752832        0.4325105        0.1646960         6.071792    
 ten21                tensio        -1.060276        -1.090343        3.0067455E-02     1.000000        -1.060276        -1.090343        3.0067455E-02    0.1646960         6.071792    
 ten22                tensio       -0.7824340       -0.9874170        0.2049830         1.000000       -0.7824340       -0.9874170        0.2049830        0.1646960         6.071792    
 ten23                tensio       -0.7169920       -0.9397300        0.2227380         1.000000       -0.7169920       -0.9397300        0.2227380        0.1646960         6.071792    
 ten24                tensio       -0.7112514       -0.9397300        0.2284786         1.000000       -0.7112514       -0.9397300        0.2284786        0.1646960         6.071792    
 ten25                tensio       -0.7123995       -0.9397300        0.2273305         1.000000       -0.7123995       -0.9397300        0.2273305        0.1646960         6.071792    
 ten26                tensio       -0.7152698       -0.9397300        0.2244602         1.000000       -0.7152698       -0.9397300        0.2244602        0.1646960         6.071792    
 ten27                tensio       -0.7169920       -0.9432280        0.2262360         1.000000       -0.7169920       -0.9432280        0.2262360        0.1646960         6.071792    
 ten28                tensio       -0.7307692       -0.9432280        0.2124588         1.000000       -0.7307692       -0.9432280        0.2124588        0.1646960         6.071792    
 ten29                tensio       -0.7669346       -0.9432280        0.1762934         1.000000       -0.7669346       -0.9432280        0.1762934        0.1646960         6.071792    
 ten30                tensio       -0.7887486       -0.9467520        0.1580034         1.000000       -0.7887486       -0.9467520        0.1580034        0.1646960         6.071792    
 ten31                tensio       -0.8088404       -0.9467520        0.1379116         1.000000       -0.8088404       -0.9467520        0.1379116        0.1646960         6.071792    
 ten32                tensio       -0.8283582       -0.9467520        0.1183938         1.000000       -0.8283582       -0.9467520        0.1183938        0.1646960         6.071792    
 ten33                tensio       -0.8467279       -0.9503050        0.1035771         1.000000       -0.8467279       -0.9503050        0.1035771        0.1646960         6.071792    
 ten34                tensio       -0.8639495       -0.9503050        8.6355517E-02     1.000000       -0.8639495       -0.9503050        8.6355517E-02    0.1646960         6.071792    
 ten35                tensio       -0.8828932       -0.9538850        7.0991774E-02     1.000000       -0.8828932       -0.9538850        7.0991774E-02    0.1646960         6.071792    
 ten36                tensio       -0.8960964       -0.9538850        5.7788559E-02     1.000000       -0.8960964       -0.9538850        5.7788559E-02    0.1646960         6.071792    
 ten37                tensio       -0.9064294       -0.9538850        4.7455608E-02     1.000000       -0.9064294       -0.9538850        4.7455608E-02    0.1646960         6.071792    
 ten38                tensio       -0.9173364       -0.9574930        4.0156605E-02     1.000000       -0.9173364       -0.9574930        4.0156605E-02    0.1646960         6.071792    
 ten39                tensio       -0.9282434       -0.9574930        2.9249602E-02     1.000000       -0.9282434       -0.9574930        2.9249602E-02    0.1646960         6.071792    
 ten40                tensio       -0.9380023       -0.9611300        2.3127704E-02     1.000000       -0.9380023       -0.9611300        2.3127704E-02    0.1646960         6.071792    
 ten41                tensio       -0.9477612       -0.9611300        1.3368806E-02     1.000000       -0.9477612       -0.9611300        1.3368806E-02    0.1646960         6.071792    
 ten42                tensio       -0.9552239       -0.9611300        5.9061194E-03     1.000000       -0.9552239       -0.9611300        5.9061194E-03    0.1646960         6.071792    
 ten43                tensio       -0.9632606       -0.9647950        1.5343800E-03     1.000000       -0.9632606       -0.9647950        1.5343800E-03    0.1646960         6.071792    
 ten44                tensio       -0.9712974       -0.9647950       -6.5023594E-03     1.000000       -0.9712974       -0.9647950       -6.5023594E-03    0.1646960         6.071792    
 ten45                tensio       -0.9799082       -0.9684900       -1.1418152E-02     1.000000       -0.9799082       -0.9684900       -1.1418152E-02    0.1646960         6.071792    
 ten46                tensio       -0.9862227       -0.9684900       -1.7732732E-02     1.000000       -0.9862227       -0.9684900       -1.7732732E-02    0.1646960         6.071792    
 ten47                tensio       -0.9936854       -0.9722140       -2.1471419E-02     1.000000       -0.9936854       -0.9722140       -2.1471419E-02    0.1646960         6.071792    
 ten48                tensio        -1.000574       -0.9722140       -2.8360053E-02     1.000000        -1.000574       -0.9722140       -2.8360053E-02    0.1646960         6.071792    
 ten49                tensio        -1.006889       -0.9797540       -2.7134634E-02     1.000000        -1.006889       -0.9797540       -2.7134634E-02    0.1646960         6.071792    
 ten50                tensio        -1.013203       -0.9874170       -2.5786215E-02     1.000000        -1.013203       -0.9874170       -2.5786215E-02    0.1646960         6.071792    
 ten51                tensio        -1.020092       -0.9952060       -2.4885848E-02     1.000000        -1.020092       -0.9952060       -2.4885848E-02    0.1646960         6.071792    
 ten52                tensio        -1.025832        -1.003126       -2.2706377E-02     1.000000        -1.025832        -1.003126       -2.2706377E-02    0.1646960         6.071792    
 ten53                tensio        -1.030999        -1.011179       -1.9819852E-02     1.000000        -1.030999        -1.011179       -1.9819852E-02    0.1646960         6.071792    
 ten54                tensio        -1.035591        -1.019370       -1.6221274E-02     1.000000        -1.035591        -1.019370       -1.6221274E-02    0.1646960         6.071792    
 ten55                tensio        -1.039610        -1.027702       -1.1907644E-02     1.000000        -1.039610        -1.027702       -1.1907644E-02    0.1646960         6.071792    
 ten56                tensio        -1.044202        -1.031922       -1.2280067E-02     1.000000        -1.044202        -1.031922       -1.2280067E-02    0.1646960         6.071792    
 ten57                tensio        -1.049943        -1.040474       -9.4685947E-03     1.000000        -1.049943        -1.040474       -9.4685947E-03    0.1646960         6.071792    
 ten58                tensio        -1.052813        -1.044807       -8.0058588E-03     1.000000        -1.052813        -1.044807       -8.0058588E-03    0.1646960         6.071792    
 ten59                tensio        -1.056257        -1.053587       -2.6701757E-03     1.000000        -1.056257        -1.053587       -2.6701757E-03    0.1646960         6.071792    
 ten60                tensio        -1.060850        -1.058037       -2.8125982E-03     1.000000        -1.060850        -1.058037       -2.8125982E-03    0.1646960         6.071792    
 ten61                tensio        -1.063720        -1.067057        3.3371378E-03     1.000000        -1.063720        -1.067057        3.3371378E-03    0.1646960         6.071792    
 ten62                tensio        -1.068312        -1.071629        3.3167153E-03     1.000000        -1.068312        -1.071629        3.3167153E-03    0.1646960         6.071792    
 ten63                tensio        -1.072331        -1.076243        3.9123456E-03     1.000000        -1.072331        -1.076243        3.9123456E-03    0.1646960         6.071792    
 ten64                tensio        -1.075775        -1.085599        9.8240287E-03     1.000000        -1.075775        -1.085599        9.8240287E-03    0.1646960         6.071792    
 ten65                tensio        -1.078071        -1.090343        1.2271817E-02     1.000000        -1.078071        -1.090343        1.2271817E-02    0.1646960         6.071792    
 ten66                tensio        -1.082090        -1.095131        1.3041448E-02     1.000000        -1.082090        -1.095131        1.3041448E-02    0.1646960         6.071792    
 ten67                tensio        -1.085534        -1.099965        1.4431131E-02     1.000000        -1.085534        -1.099965        1.4431131E-02    0.1646960         6.071792    
 ten68                tensio        -1.088404        -1.104844        1.6439867E-02     1.000000        -1.088404        -1.104844        1.6439867E-02    0.1646960         6.071792    
 ten69                tensio        -1.091274        -1.109770        1.8495603E-02     1.000000        -1.091274        -1.109770        1.8495603E-02    0.1646960         6.071792    
 ten70                tensio        -1.092423        -1.114744        2.2321497E-02     1.000000        -1.092423        -1.114744        2.2321497E-02    0.1646960         6.071792    
 ten71                tensio        -1.097015        -1.119766        2.2751075E-02     1.000000        -1.097015        -1.119766        2.2751075E-02    0.1646960         6.071792    
 ten72                tensio        -1.100459        -1.124836        2.4376758E-02     1.000000        -1.100459        -1.124836        2.4376758E-02    0.1646960         6.071792    
 ten73                tensio        -1.102181        -1.129957        2.7775599E-02     1.000000        -1.102181        -1.129957        2.7775599E-02    0.1646960         6.071792    
 ten74                tensio        -1.105052        -1.135128        3.0076335E-02     1.000000        -1.105052        -1.135128        3.0076335E-02    0.1646960         6.071792    
 ten75                tensio        -1.107348        -1.140350        3.3002124E-02     1.000000        -1.107348        -1.140350        3.3002124E-02    0.1646960         6.071792    
 ten76                tensio        -1.109644        -1.145624        3.5979913E-02     1.000000        -1.109644        -1.145624        3.5979913E-02    0.1646960         6.071792    
 ten77                tensio        -1.113088        -1.150951        3.7862596E-02     1.000000        -1.113088        -1.150951        3.7862596E-02    0.1646960         6.071792    
 ten78                tensio        -1.114237        -1.156332        4.2095490E-02     1.000000        -1.114237        -1.156332        4.2095490E-02    0.1646960         6.071792    
 ten79                tensio        -1.117107        -1.161768        4.4661226E-02     1.000000        -1.117107        -1.161768        4.4661226E-02    0.1646960         6.071792    
 ten80                tensio        -1.120551        -1.161768        4.1216909E-02     1.000000        -1.120551        -1.161768        4.1216909E-02    0.1646960         6.071792    
 ten81                tensio        -1.122847        -1.167259        4.4411698E-02     1.000000        -1.122847        -1.167259        4.4411698E-02    0.1646960         6.071792    
 ten82                tensio        -1.125144        -1.172807        4.7663487E-02     1.000000        -1.125144        -1.172807        4.7663487E-02    0.1646960         6.071792    
 ten83                tensio        -1.128014        -1.178412        5.0398223E-02     1.000000        -1.128014        -1.178412        5.0398223E-02    0.1646960         6.071792    
 ten84                tensio        -1.130310        -1.178412        4.8102011E-02     1.000000        -1.130310        -1.178412        4.8102011E-02    0.1646960         6.071792    
 ten85                tensio        -1.131458        -1.184076        5.2617906E-02     1.000000        -1.131458        -1.184076        5.2617906E-02    0.1646960         6.071792    
 ten86                tensio        -1.135476        -1.189799        5.4322536E-02     1.000000        -1.135476        -1.189799        5.4322536E-02    0.1646960         6.071792    
 ten87                tensio        -1.137199        -1.189799        5.2600378E-02     1.000000        -1.137199        -1.189799        5.2600378E-02    0.1646960         6.071792    
 ten88                tensio        -1.137773        -1.195583        5.7810325E-02     1.000000        -1.137773        -1.195583        5.7810325E-02    0.1646960         6.071792    
 ten89                tensio        -1.139495        -1.201428        6.1933166E-02     1.000000        -1.139495        -1.201428        6.1933166E-02    0.1646960         6.071792    
 ten90                tensio        -1.142939        -1.201428        5.8488850E-02     1.000000        -1.142939        -1.201428        5.8488850E-02    0.1646960         6.071792    
 ten91                tensio        -1.144661        -1.207336        6.2674691E-02     1.000000        -1.144661        -1.207336        6.2674691E-02    0.1646960         6.071792    
 ten92                tensio        -1.146958        -1.213307        6.6349480E-02     1.000000        -1.146958        -1.213307        6.6349480E-02    0.1646960         6.071792    
 ten93                tensio        -1.148106        -1.213307        6.5201374E-02     1.000000        -1.148106        -1.213307        6.5201374E-02    0.1646960         6.071792    
 ten94                tensio        -1.150402        -1.219343        6.8941163E-02     1.000000        -1.150402        -1.219343        6.8941163E-02    0.1646960         6.071792    
 ten95                tensio        -1.157290        -1.219343        6.2052529E-02     1.000000        -1.157290        -1.219343        6.2052529E-02    0.1646960         6.071792    
 ten96                tensio        -1.153846        -1.225445        7.1598846E-02     1.000000        -1.153846        -1.225445        7.1598846E-02    0.1646960         6.071792    
