 Name                 Group          Measured         Modelled         Residual         Weight       Weight*Measured    Weight*Modelled  Weight*Residual  Measurement_sd   Natural_weight
 ten1                 tensio        -1.464409        -1.752612        0.2882033         1.000000        -1.464409        -1.752612        0.2882033        0.1749569         5.715694    
 ten2                 tensio        -1.460964        -1.752612        0.2916476         1.000000        -1.460964        -1.752612        0.2916476        0.1749569         5.715694    
 ten3                 tensio        -1.458668        -1.752612        0.2939438         1.000000        -1.458668        -1.752612        0.2939438        0.1749569         5.715694    
 ten4                 tensio        -1.459816        -1.752612        0.2927957         1.000000        -1.459816        -1.752612        0.2927957        0.1749569         5.715694    
 ten5                 tensio        -1.456946        -1.752612        0.2956660         1.000000        -1.456946        -1.752612        0.2956660        0.1749569         5.715694    
 ten6                 tensio        -1.461538        -1.752612        0.2910735         1.000000        -1.461538        -1.752612        0.2910735        0.1749569         5.715694    
 ten7                 tensio        -1.460390        -1.752612        0.2922216         1.000000        -1.460390        -1.752612        0.2922216        0.1749569         5.715694    
 ten8                 tensio        -1.458668        -1.752612        0.2939438         1.000000        -1.458668        -1.752612        0.2939438        0.1749569         5.715694    
 ten9                 tensio        -1.462113        -1.752612        0.2904995         1.000000        -1.462113        -1.752612        0.2904995        0.1749569         5.715694    
 ten10                tensio        -1.453502        -1.752612        0.2991103         1.000000        -1.453502        -1.752612        0.2991103        0.1749569         5.715694    
 ten11                tensio        -1.454076        -1.752612        0.2985362         1.000000        -1.454076        -1.752612        0.2985362        0.1749569         5.715694    
 ten12                tensio        -1.451780        -1.752612        0.3008324         1.000000        -1.451780        -1.752612        0.3008324        0.1749569         5.715694    
 ten13                tensio        -1.452354        -1.752612        0.3002584         1.000000        -1.452354        -1.752612        0.3002584        0.1749569         5.715694    
 ten14                tensio        -1.458668        -1.752612        0.2939438         1.000000        -1.458668        -1.752612        0.2939438        0.1749569         5.715694    
 ten15                tensio        -1.452354        -1.752612        0.3002584         1.000000        -1.452354        -1.752612        0.3002584        0.1749569         5.715694    
 ten16                tensio        -1.448909        -1.752612        0.3037027         1.000000        -1.448909        -1.752612        0.3037027        0.1749569         5.715694    
 ten17                tensio        -1.449483        -1.752612        0.3031286         1.000000        -1.449483        -1.752612        0.3031286        0.1749569         5.715694    
 ten18                tensio        -1.430540        -1.752612        0.3220724         1.000000        -1.430540        -1.752612        0.3220724        0.1749569         5.715694    
 ten19                tensio        -1.404133        -1.752612        0.3484788         1.000000        -1.404133        -1.752612        0.3484788        0.1749569         5.715694    
 ten20                tensio        -1.320321        -1.752612        0.4322905         1.000000        -1.320321        -1.752612        0.4322905        0.1749569         5.715694    
 ten21                tensio        -1.060276        -1.132210        7.1934455E-02     1.000000        -1.060276        -1.132210        7.1934455E-02    0.1749569         5.715694    
 ten22                tensio       -0.7824340        -1.031651        0.2492170         1.000000       -0.7824340        -1.031651        0.2492170        0.1749569         5.715694    
 ten23                tensio       -0.7169920       -0.9769690        0.2599770         1.000000       -0.7169920       -0.9769690        0.2599770        0.1749569         5.715694    
 ten24                tensio       -0.7112514       -0.9769690        0.2657176         1.000000       -0.7112514       -0.9769690        0.2657176        0.1749569         5.715694    
 ten25                tensio       -0.7123995       -0.9769690        0.2645695         1.000000       -0.7123995       -0.9769690        0.2645695        0.1749569         5.715694    
 ten26                tensio       -0.7152698       -0.9769690        0.2616992         1.000000       -0.7152698       -0.9769690        0.2616992        0.1749569         5.715694    
 ten27                tensio       -0.7169920       -0.9806710        0.2636790         1.000000       -0.7169920       -0.9806710        0.2636790        0.1749569         5.715694    
 ten28                tensio       -0.7307692       -0.9806710        0.2499018         1.000000       -0.7307692       -0.9806710        0.2499018        0.1749569         5.715694    
 ten29                tensio       -0.7669346       -0.9806710        0.2137364         1.000000       -0.7669346       -0.9806710        0.2137364        0.1749569         5.715694    
 ten30                tensio       -0.7887486       -0.9844040        0.1956554         1.000000       -0.7887486       -0.9844040        0.1956554        0.1749569         5.715694    
 ten31                tensio       -0.8088404       -0.9844040        0.1755636         1.000000       -0.8088404       -0.9844040        0.1755636        0.1749569         5.715694    
 ten32                tensio       -0.8283582       -0.9844040        0.1560458         1.000000       -0.8283582       -0.9844040        0.1560458        0.1749569         5.715694    
 ten33                tensio       -0.8467279       -0.9881660        0.1414381         1.000000       -0.8467279       -0.9881660        0.1414381        0.1749569         5.715694    
 ten34                tensio       -0.8639495       -0.9881660        0.1242165         1.000000       -0.8639495       -0.9881660        0.1242165        0.1749569         5.715694    
 ten35                tensio       -0.8828932       -0.9881660        0.1052728         1.000000       -0.8828932       -0.9881660        0.1052728        0.1749569         5.715694    
 ten36                tensio       -0.8960964       -0.9919590        9.5862559E-02     1.000000       -0.8960964       -0.9919590        9.5862559E-02    0.1749569         5.715694    
 ten37                tensio       -0.9064294       -0.9919590        8.5529608E-02     1.000000       -0.9064294       -0.9919590        8.5529608E-02    0.1749569         5.715694    
 ten38                tensio       -0.9173364       -0.9919590        7.4622605E-02     1.000000       -0.9173364       -0.9919590        7.4622605E-02    0.1749569         5.715694    
 ten39                tensio       -0.9282434       -0.9957820        6.7538602E-02     1.000000       -0.9282434       -0.9957820        6.7538602E-02    0.1749569         5.715694    
 ten40                tensio       -0.9380023       -0.9957820        5.7779704E-02     1.000000       -0.9380023       -0.9957820        5.7779704E-02    0.1749569         5.715694    
 ten41                tensio       -0.9477612       -0.9957820        4.8020806E-02     1.000000       -0.9477612       -0.9957820        4.8020806E-02    0.1749569         5.715694    
 ten42                tensio       -0.9552239       -0.9996370        4.4413119E-02     1.000000       -0.9552239       -0.9996370        4.4413119E-02    0.1749569         5.715694    
 ten43                tensio       -0.9632606       -0.9996370        3.6376380E-02     1.000000       -0.9632606       -0.9996370        3.6376380E-02    0.1749569         5.715694    
 ten44                tensio       -0.9712974        -1.003523        3.2225641E-02     1.000000       -0.9712974        -1.003523        3.2225641E-02    0.1749569         5.715694    
 ten45                tensio       -0.9799082        -1.003523        2.3614848E-02     1.000000       -0.9799082        -1.003523        2.3614848E-02    0.1749569         5.715694    
 ten46                tensio       -0.9862227        -1.003523        1.7300268E-02     1.000000       -0.9862227        -1.003523        1.7300268E-02    0.1749569         5.715694    
 ten47                tensio       -0.9936854        -1.007442        1.3756581E-02     1.000000       -0.9936854        -1.007442        1.3756581E-02    0.1749569         5.715694    
 ten48                tensio        -1.000574        -1.007442        6.8679472E-03     1.000000        -1.000574        -1.007442        6.8679472E-03    0.1749569         5.715694    
 ten49                tensio        -1.006889        -1.011393        4.5043662E-03     1.000000        -1.006889        -1.011393        4.5043662E-03    0.1749569         5.715694    
 ten50                tensio        -1.013203        -1.011393       -1.8102147E-03     1.000000        -1.013203        -1.011393       -1.8102147E-03    0.1749569         5.715694    
 ten51                tensio        -1.020092        -1.015377       -4.7148484E-03     1.000000        -1.020092        -1.015377       -4.7148484E-03    0.1749569         5.715694    
 ten52                tensio        -1.025832        -1.023445       -2.3873766E-03     1.000000        -1.025832        -1.023445       -2.3873766E-03    0.1749569         5.715694    
 ten53                tensio        -1.030999        -1.031651        6.5214811E-04     1.000000        -1.030999        -1.031651        6.5214811E-04    0.1749569         5.715694    
 ten54                tensio        -1.035591        -1.039999        4.4077256E-03     1.000000        -1.035591        -1.039999        4.4077256E-03    0.1749569         5.715694    
 ten55                tensio        -1.039610        -1.048491        8.8813559E-03     1.000000        -1.039610        -1.048491        8.8813559E-03    0.1749569         5.715694    
 ten56                tensio        -1.044202        -1.057133        1.2930933E-02     1.000000        -1.044202        -1.057133        1.2930933E-02    0.1749569         5.715694    
 ten57                tensio        -1.049943        -1.061511        1.1568405E-02     1.000000        -1.049943        -1.061511        1.1568405E-02    0.1749569         5.715694    
 ten58                tensio        -1.052813        -1.070386        1.7573141E-02     1.000000        -1.052813        -1.070386        1.7573141E-02    0.1749569         5.715694    
 ten59                tensio        -1.056257        -1.074883        1.8625824E-02     1.000000        -1.056257        -1.074883        1.8625824E-02    0.1749569         5.715694    
 ten60                tensio        -1.060850        -1.084000        2.3150402E-02     1.000000        -1.060850        -1.084000        2.3150402E-02    0.1749569         5.715694    
 ten61                tensio        -1.063720        -1.088621        2.4901138E-02     1.000000        -1.063720        -1.088621        2.4901138E-02    0.1749569         5.715694    
 ten62                tensio        -1.068312        -1.093285        2.4972715E-02     1.000000        -1.068312        -1.093285        2.4972715E-02    0.1749569         5.715694    
 ten63                tensio        -1.072331        -1.102743        3.0412346E-02     1.000000        -1.072331        -1.102743        3.0412346E-02    0.1749569         5.715694    
 ten64                tensio        -1.075775        -1.107539        3.1764029E-02     1.000000        -1.075775        -1.107539        3.1764029E-02    0.1749569         5.715694    
 ten65                tensio        -1.078071        -1.112380        3.4308817E-02     1.000000        -1.078071        -1.112380        3.4308817E-02    0.1749569         5.715694    
 ten66                tensio        -1.082090        -1.117266        3.5176448E-02     1.000000        -1.082090        -1.117266        3.5176448E-02    0.1749569         5.715694    
 ten67                tensio        -1.085534        -1.122200        3.6666131E-02     1.000000        -1.085534        -1.122200        3.6666131E-02    0.1749569         5.715694    
 ten68                tensio        -1.088404        -1.127181        3.8776867E-02     1.000000        -1.088404        -1.127181        3.8776867E-02    0.1749569         5.715694    
 ten69                tensio        -1.091274        -1.132210        4.0935603E-02     1.000000        -1.091274        -1.132210        4.0935603E-02    0.1749569         5.715694    
 ten70                tensio        -1.092423        -1.137287        4.4864497E-02     1.000000        -1.092423        -1.137287        4.4864497E-02    0.1749569         5.715694    
 ten71                tensio        -1.097015        -1.142415        4.5400075E-02     1.000000        -1.097015        -1.142415        4.5400075E-02    0.1749569         5.715694    
 ten72                tensio        -1.100459        -1.147593        4.7133758E-02     1.000000        -1.100459        -1.147593        4.7133758E-02    0.1749569         5.715694    
 ten73                tensio        -1.102181        -1.152822        5.0640599E-02     1.000000        -1.102181        -1.152822        5.0640599E-02    0.1749569         5.715694    
 ten74                tensio        -1.105052        -1.158104        5.3052335E-02     1.000000        -1.105052        -1.158104        5.3052335E-02    0.1749569         5.715694    
 ten75                tensio        -1.107348        -1.163438        5.6090124E-02     1.000000        -1.107348        -1.163438        5.6090124E-02    0.1749569         5.715694    
 ten76                tensio        -1.109644        -1.168826        5.9181913E-02     1.000000        -1.109644        -1.168826        5.9181913E-02    0.1749569         5.715694    
 ten77                tensio        -1.113088        -1.174269        6.1180596E-02     1.000000        -1.113088        -1.174269        6.1180596E-02    0.1749569         5.715694    
 ten78                tensio        -1.114237        -1.179768        6.5531490E-02     1.000000        -1.114237        -1.179768        6.5531490E-02    0.1749569         5.715694    
 ten79                tensio        -1.117107        -1.185323        6.8216226E-02     1.000000        -1.117107        -1.185323        6.8216226E-02    0.1749569         5.715694    
 ten80                tensio        -1.120551        -1.185323        6.4771909E-02     1.000000        -1.120551        -1.185323        6.4771909E-02    0.1749569         5.715694    
 ten81                tensio        -1.122847        -1.190935        6.8087698E-02     1.000000        -1.122847        -1.190935        6.8087698E-02    0.1749569         5.715694    
 ten82                tensio        -1.125144        -1.196606        7.1462487E-02     1.000000        -1.125144        -1.196606        7.1462487E-02    0.1749569         5.715694    
 ten83                tensio        -1.128014        -1.202336        7.4322223E-02     1.000000        -1.128014        -1.202336        7.4322223E-02    0.1749569         5.715694    
 ten84                tensio        -1.130310        -1.202336        7.2026011E-02     1.000000        -1.130310        -1.202336        7.2026011E-02    0.1749569         5.715694    
 ten85                tensio        -1.131458        -1.208127        7.6668906E-02     1.000000        -1.131458        -1.208127        7.6668906E-02    0.1749569         5.715694    
 ten86                tensio        -1.135476        -1.213980        7.8503536E-02     1.000000        -1.135476        -1.213980        7.8503536E-02    0.1749569         5.715694    
 ten87                tensio        -1.137199        -1.213980        7.6781378E-02     1.000000        -1.137199        -1.213980        7.6781378E-02    0.1749569         5.715694    
 ten88                tensio        -1.137773        -1.219894        8.2121325E-02     1.000000        -1.137773        -1.219894        8.2121325E-02    0.1749569         5.715694    
 ten89                tensio        -1.139495        -1.225873        8.6378166E-02     1.000000        -1.139495        -1.225873        8.6378166E-02    0.1749569         5.715694    
 ten90                tensio        -1.142939        -1.225873        8.2933850E-02     1.000000        -1.142939        -1.225873        8.2933850E-02    0.1749569         5.715694    
 ten91                tensio        -1.144661        -1.231916        8.7254691E-02     1.000000        -1.144661        -1.231916        8.7254691E-02    0.1749569         5.715694    
 ten92                tensio        -1.146958        -1.231916        8.4958480E-02     1.000000        -1.146958        -1.231916        8.4958480E-02    0.1749569         5.715694    
 ten93                tensio        -1.148106        -1.238025        8.9919374E-02     1.000000        -1.148106        -1.238025        8.9919374E-02    0.1749569         5.715694    
 ten94                tensio        -1.150402        -1.244201        9.3799163E-02     1.000000        -1.150402        -1.244201        9.3799163E-02    0.1749569         5.715694    
 ten95                tensio        -1.157290        -1.244201        8.6910529E-02     1.000000        -1.157290        -1.244201        8.6910529E-02    0.1749569         5.715694    
 ten96                tensio        -1.153846        -1.250446        9.6599846E-02     1.000000        -1.153846        -1.250446        9.6599846E-02    0.1749569         5.715694    
