single point
 thetar        9.9999998E-03    1.00000        0.00000    
 thetas        0.4021954        1.00000        0.00000    
 alpha          3.694065        1.00000        0.00000    
 n              2.108644        1.00000        0.00000    
 ksat          8.6166384E-04    1.00000        0.00000    
 l             0.5000000        1.00000        0.00000    
 ihead          150.0318        1.00000        0.00000    
 start          300.0000        1.00000        0.00000    
 inten          4.000000        1.00000        0.00000    
 durat          60.00000        1.00000        0.00000    
 pulse          31.37730        1.00000        0.00000    
