 Name                 Group          Measured         Modelled         Residual         Weight       Weight*Measured    Weight*Modelled  Weight*Residual  Measurement_sd   Natural_weight
 ten1                 tensio        -1.464409        -1.741935        0.2775263         1.000000        -1.464409        -1.741935        0.2775263        0.1576633         6.342632    
 ten2                 tensio        -1.460964        -1.741935        0.2809706         1.000000        -1.460964        -1.741935        0.2809706        0.1576633         6.342632    
 ten3                 tensio        -1.458668        -1.741935        0.2832668         1.000000        -1.458668        -1.741935        0.2832668        0.1576633         6.342632    
 ten4                 tensio        -1.459816        -1.741935        0.2821187         1.000000        -1.459816        -1.741935        0.2821187        0.1576633         6.342632    
 ten5                 tensio        -1.456946        -1.741935        0.2849890         1.000000        -1.456946        -1.741935        0.2849890        0.1576633         6.342632    
 ten6                 tensio        -1.461538        -1.741935        0.2803965         1.000000        -1.461538        -1.741935        0.2803965        0.1576633         6.342632    
 ten7                 tensio        -1.460390        -1.741935        0.2815446         1.000000        -1.460390        -1.741935        0.2815446        0.1576633         6.342632    
 ten8                 tensio        -1.458668        -1.741935        0.2832668         1.000000        -1.458668        -1.741935        0.2832668        0.1576633         6.342632    
 ten9                 tensio        -1.462113        -1.741935        0.2798225         1.000000        -1.462113        -1.741935        0.2798225        0.1576633         6.342632    
 ten10                tensio        -1.453502        -1.741935        0.2884333         1.000000        -1.453502        -1.741935        0.2884333        0.1576633         6.342632    
 ten11                tensio        -1.454076        -1.741935        0.2878592         1.000000        -1.454076        -1.741935        0.2878592        0.1576633         6.342632    
 ten12                tensio        -1.451780        -1.741935        0.2901554         1.000000        -1.451780        -1.741935        0.2901554        0.1576633         6.342632    
 ten13                tensio        -1.452354        -1.741935        0.2895814         1.000000        -1.452354        -1.741935        0.2895814        0.1576633         6.342632    
 ten14                tensio        -1.458668        -1.741935        0.2832668         1.000000        -1.458668        -1.741935        0.2832668        0.1576633         6.342632    
 ten15                tensio        -1.452354        -1.741935        0.2895814         1.000000        -1.452354        -1.741935        0.2895814        0.1576633         6.342632    
 ten16                tensio        -1.448909        -1.741935        0.2930257         1.000000        -1.448909        -1.741935        0.2930257        0.1576633         6.342632    
 ten17                tensio        -1.449483        -1.741935        0.2924516         1.000000        -1.449483        -1.741935        0.2924516        0.1576633         6.342632    
 ten18                tensio        -1.430540        -1.741935        0.3113954         1.000000        -1.430540        -1.741935        0.3113954        0.1576633         6.342632    
 ten19                tensio        -1.404133        -1.741935        0.3378018         1.000000        -1.404133        -1.741935        0.3378018        0.1576633         6.342632    
 ten20                tensio        -1.320321        -1.741935        0.4216135         1.000000        -1.320321        -1.741935        0.4216135        0.1576633         6.342632    
 ten21                tensio        -1.060276        -1.113581        5.3305455E-02     1.000000        -1.060276        -1.113581        5.3305455E-02    0.1576633         6.342632    
 ten22                tensio       -0.7824340       -0.9901590        0.2077250         1.000000       -0.7824340       -0.9901590        0.2077250        0.1576633         6.342632    
 ten23                tensio       -0.7169920       -0.9295750        0.2125830         1.000000       -0.7169920       -0.9295750        0.2125830        0.1576633         6.342632    
 ten24                tensio       -0.7112514       -0.9295750        0.2183236         1.000000       -0.7112514       -0.9295750        0.2183236        0.1576633         6.342632    
 ten25                tensio       -0.7123995       -0.9295750        0.2171755         1.000000       -0.7123995       -0.9295750        0.2171755        0.1576633         6.342632    
 ten26                tensio       -0.7152698       -0.9295750        0.2143052         1.000000       -0.7152698       -0.9295750        0.2143052        0.1576633         6.342632    
 ten27                tensio       -0.7169920       -0.9331370        0.2161450         1.000000       -0.7169920       -0.9331370        0.2161450        0.1576633         6.342632    
 ten28                tensio       -0.7307692       -0.9331370        0.2023678         1.000000       -0.7307692       -0.9331370        0.2023678        0.1576633         6.342632    
 ten29                tensio       -0.7669346       -0.9331370        0.1662024         1.000000       -0.7669346       -0.9331370        0.1662024        0.1576633         6.342632    
 ten30                tensio       -0.7887486       -0.9367270        0.1479784         1.000000       -0.7887486       -0.9367270        0.1479784        0.1576633         6.342632    
 ten31                tensio       -0.8088404       -0.9367270        0.1278866         1.000000       -0.8088404       -0.9367270        0.1278866        0.1576633         6.342632    
 ten32                tensio       -0.8283582       -0.9367270        0.1083688         1.000000       -0.8283582       -0.9367270        0.1083688        0.1576633         6.342632    
 ten33                tensio       -0.8467279       -0.9403460        9.3618101E-02     1.000000       -0.8467279       -0.9403460        9.3618101E-02    0.1576633         6.342632    
 ten34                tensio       -0.8639495       -0.9403460        7.6396517E-02     1.000000       -0.8639495       -0.9403460        7.6396517E-02    0.1576633         6.342632    
 ten35                tensio       -0.8828932       -0.9403460        5.7452774E-02     1.000000       -0.8828932       -0.9403460        5.7452774E-02    0.1576633         6.342632    
 ten36                tensio       -0.8960964       -0.9439940        4.7897559E-02     1.000000       -0.8960964       -0.9439940        4.7897559E-02    0.1576633         6.342632    
 ten37                tensio       -0.9064294       -0.9439940        3.7564608E-02     1.000000       -0.9064294       -0.9439940        3.7564608E-02    0.1576633         6.342632    
 ten38                tensio       -0.9173364       -0.9439940        2.6657605E-02     1.000000       -0.9173364       -0.9439940        2.6657605E-02    0.1576633         6.342632    
 ten39                tensio       -0.9282434       -0.9476700        1.9426602E-02     1.000000       -0.9282434       -0.9476700        1.9426602E-02    0.1576633         6.342632    
 ten40                tensio       -0.9380023       -0.9476700        9.6677038E-03     1.000000       -0.9380023       -0.9476700        9.6677038E-03    0.1576633         6.342632    
 ten41                tensio       -0.9477612       -0.9476700       -9.1194030E-05     1.000000       -0.9477612       -0.9476700       -9.1194030E-05    0.1576633         6.342632    
 ten42                tensio       -0.9552239       -0.9513770       -3.8468806E-03     1.000000       -0.9552239       -0.9513770       -3.8468806E-03    0.1576633         6.342632    
 ten43                tensio       -0.9632606       -0.9513770       -1.1883620E-02     1.000000       -0.9632606       -0.9513770       -1.1883620E-02    0.1576633         6.342632    
 ten44                tensio       -0.9712974       -0.9551130       -1.6184359E-02     1.000000       -0.9712974       -0.9551130       -1.6184359E-02    0.1576633         6.342632    
 ten45                tensio       -0.9799082       -0.9551130       -2.4795152E-02     1.000000       -0.9799082       -0.9551130       -2.4795152E-02    0.1576633         6.342632    
 ten46                tensio       -0.9862227       -0.9551130       -3.1109732E-02     1.000000       -0.9862227       -0.9551130       -3.1109732E-02    0.1576633         6.342632    
 ten47                tensio       -0.9936854       -0.9588800       -3.4805419E-02     1.000000       -0.9936854       -0.9588800       -3.4805419E-02    0.1576633         6.342632    
 ten48                tensio        -1.000574       -0.9588800       -4.1694053E-02     1.000000        -1.000574       -0.9588800       -4.1694053E-02    0.1576633         6.342632    
 ten49                tensio        -1.006889       -0.9626780       -4.4210634E-02     1.000000        -1.006889       -0.9626780       -4.4210634E-02    0.1576633         6.342632    
 ten50                tensio        -1.013203       -0.9626780       -5.0525215E-02     1.000000        -1.013203       -0.9626780       -5.0525215E-02    0.1576633         6.342632    
 ten51                tensio        -1.020092       -0.9665070       -5.3584848E-02     1.000000        -1.020092       -0.9665070       -5.3584848E-02    0.1576633         6.342632    
 ten52                tensio        -1.025832       -0.9742600       -5.1572377E-02     1.000000        -1.025832       -0.9742600       -5.1572377E-02    0.1576633         6.342632    
 ten53                tensio        -1.030999       -0.9821430       -4.8855852E-02     1.000000        -1.030999       -0.9821430       -4.8855852E-02    0.1576633         6.342632    
 ten54                tensio        -1.035591       -0.9901590       -4.5432274E-02     1.000000        -1.035591       -0.9901590       -4.5432274E-02    0.1576633         6.342632    
 ten55                tensio        -1.039610       -0.9983130       -4.1296644E-02     1.000000        -1.039610       -0.9983130       -4.1296644E-02    0.1576633         6.342632    
 ten56                tensio        -1.044202        -1.006608       -3.7594067E-02     1.000000        -1.044202        -1.006608       -3.7594067E-02    0.1576633         6.342632    
 ten57                tensio        -1.049943        -1.010809       -3.9133595E-02     1.000000        -1.049943        -1.010809       -3.9133595E-02    0.1576633         6.342632    
 ten58                tensio        -1.052813        -1.019324       -3.3488859E-02     1.000000        -1.052813        -1.019324       -3.3488859E-02    0.1576633         6.342632    
 ten59                tensio        -1.056257        -1.027989       -2.8268176E-02     1.000000        -1.056257        -1.027989       -2.8268176E-02    0.1576633         6.342632    
 ten60                tensio        -1.060850        -1.032380       -2.8469598E-02     1.000000        -1.060850        -1.032380       -2.8469598E-02    0.1576633         6.342632    
 ten61                tensio        -1.063720        -1.036810       -2.6909862E-02     1.000000        -1.063720        -1.036810       -2.6909862E-02    0.1576633         6.342632    
 ten62                tensio        -1.068312        -1.045792       -2.2520285E-02     1.000000        -1.068312        -1.045792       -2.2520285E-02    0.1576633         6.342632    
 ten63                tensio        -1.072331        -1.050345       -2.1985654E-02     1.000000        -1.072331        -1.050345       -2.1985654E-02    0.1576633         6.342632    
 ten64                tensio        -1.075775        -1.054939       -2.0835971E-02     1.000000        -1.075775        -1.054939       -2.0835971E-02    0.1576633         6.342632    
 ten65                tensio        -1.078071        -1.064256       -1.3815183E-02     1.000000        -1.078071        -1.064256       -1.3815183E-02    0.1576633         6.342632    
 ten66                tensio        -1.082090        -1.068980       -1.3109552E-02     1.000000        -1.082090        -1.068980       -1.3109552E-02    0.1576633         6.342632    
 ten67                tensio        -1.085534        -1.073748       -1.1785869E-02     1.000000        -1.085534        -1.073748       -1.1785869E-02    0.1576633         6.342632    
 ten68                tensio        -1.088404        -1.078562       -9.8421332E-03     1.000000        -1.088404        -1.078562       -9.8421332E-03    0.1576633         6.342632    
 ten69                tensio        -1.091274        -1.083421       -7.8533972E-03     1.000000        -1.091274        -1.083421       -7.8533972E-03    0.1576633         6.342632    
 ten70                tensio        -1.092423        -1.088327       -4.0955029E-03     1.000000        -1.092423        -1.088327       -4.0955029E-03    0.1576633         6.342632    
 ten71                tensio        -1.097015        -1.093280       -3.7349254E-03     1.000000        -1.097015        -1.093280       -3.7349254E-03    0.1576633         6.342632    
 ten72                tensio        -1.100459        -1.098282       -2.1772422E-03     1.000000        -1.100459        -1.098282       -2.1772422E-03    0.1576633         6.342632    
 ten73                tensio        -1.102181        -1.103332        1.1505993E-03     1.000000        -1.102181        -1.103332        1.1505993E-03    0.1576633         6.342632    
 ten74                tensio        -1.105052        -1.108431        3.3793353E-03     1.000000        -1.105052        -1.108431        3.3793353E-03    0.1576633         6.342632    
 ten75                tensio        -1.107348        -1.113581        6.2331240E-03     1.000000        -1.107348        -1.113581        6.2331240E-03    0.1576633         6.342632    
 ten76                tensio        -1.109644        -1.118782        9.1379127E-03     1.000000        -1.109644        -1.118782        9.1379127E-03    0.1576633         6.342632    
 ten77                tensio        -1.113088        -1.124036        1.0947596E-02     1.000000        -1.113088        -1.124036        1.0947596E-02    0.1576633         6.342632    
 ten78                tensio        -1.114237        -1.124036        9.7994902E-03     1.000000        -1.114237        -1.124036        9.7994902E-03    0.1576633         6.342632    
 ten79                tensio        -1.117107        -1.129341        1.2234226E-02     1.000000        -1.117107        -1.129341        1.2234226E-02    0.1576633         6.342632    
 ten80                tensio        -1.120551        -1.134701        1.4149909E-02     1.000000        -1.120551        -1.134701        1.4149909E-02    0.1576633         6.342632    
 ten81                tensio        -1.122847        -1.140115        1.7267698E-02     1.000000        -1.122847        -1.140115        1.7267698E-02    0.1576633         6.342632    
 ten82                tensio        -1.125144        -1.145584        2.0440487E-02     1.000000        -1.125144        -1.145584        2.0440487E-02    0.1576633         6.342632    
 ten83                tensio        -1.128014        -1.145584        1.7570223E-02     1.000000        -1.128014        -1.145584        1.7570223E-02    0.1576633         6.342632    
 ten84                tensio        -1.130310        -1.151110        2.0800011E-02     1.000000        -1.130310        -1.151110        2.0800011E-02    0.1576633         6.342632    
 ten85                tensio        -1.131458        -1.156693        2.5234906E-02     1.000000        -1.131458        -1.156693        2.5234906E-02    0.1576633         6.342632    
 ten86                tensio        -1.135476        -1.162335        2.6858536E-02     1.000000        -1.135476        -1.162335        2.6858536E-02    0.1576633         6.342632    
 ten87                tensio        -1.137199        -1.162335        2.5136378E-02     1.000000        -1.137199        -1.162335        2.5136378E-02    0.1576633         6.342632    
 ten88                tensio        -1.137773        -1.168035        3.0262325E-02     1.000000        -1.137773        -1.168035        3.0262325E-02    0.1576633         6.342632    
 ten89                tensio        -1.139495        -1.173796        3.4301166E-02     1.000000        -1.139495        -1.173796        3.4301166E-02    0.1576633         6.342632    
 ten90                tensio        -1.142939        -1.173796        3.0856850E-02     1.000000        -1.142939        -1.173796        3.0856850E-02    0.1576633         6.342632    
 ten91                tensio        -1.144661        -1.179618        3.4956691E-02     1.000000        -1.144661        -1.179618        3.4956691E-02    0.1576633         6.342632    
 ten92                tensio        -1.146958        -1.179618        3.2660480E-02     1.000000        -1.146958        -1.179618        3.2660480E-02    0.1576633         6.342632    
 ten93                tensio        -1.148106        -1.185503        3.7397374E-02     1.000000        -1.148106        -1.185503        3.7397374E-02    0.1576633         6.342632    
 ten94                tensio        -1.150402        -1.191450        4.1048163E-02     1.000000        -1.150402        -1.191450        4.1048163E-02    0.1576633         6.342632    
 ten95                tensio        -1.157290        -1.191450        3.4159529E-02     1.000000        -1.157290        -1.191450        3.4159529E-02    0.1576633         6.342632    
 ten96                tensio        -1.153846        -1.197463        4.3616846E-02     1.000000        -1.153846        -1.197463        4.3616846E-02    0.1576633         6.342632    
