 Name                 Group          Measured         Modelled         Residual         Weight       Weight*Measured    Weight*Modelled  Weight*Residual  Measurement_sd   Natural_weight
 ten1                 tensio        -1.464409        -1.752563        0.2881543         1.000000        -1.464409        -1.752563        0.2881543        0.1727675         5.788125    
 ten2                 tensio        -1.460964        -1.752563        0.2915986         1.000000        -1.460964        -1.752563        0.2915986        0.1727675         5.788125    
 ten3                 tensio        -1.458668        -1.752563        0.2938948         1.000000        -1.458668        -1.752563        0.2938948        0.1727675         5.788125    
 ten4                 tensio        -1.459816        -1.752563        0.2927467         1.000000        -1.459816        -1.752563        0.2927467        0.1727675         5.788125    
 ten5                 tensio        -1.456946        -1.752563        0.2956170         1.000000        -1.456946        -1.752563        0.2956170        0.1727675         5.788125    
 ten6                 tensio        -1.461538        -1.752563        0.2910245         1.000000        -1.461538        -1.752563        0.2910245        0.1727675         5.788125    
 ten7                 tensio        -1.460390        -1.752563        0.2921726         1.000000        -1.460390        -1.752563        0.2921726        0.1727675         5.788125    
 ten8                 tensio        -1.458668        -1.752563        0.2938948         1.000000        -1.458668        -1.752563        0.2938948        0.1727675         5.788125    
 ten9                 tensio        -1.462113        -1.752563        0.2904505         1.000000        -1.462113        -1.752563        0.2904505        0.1727675         5.788125    
 ten10                tensio        -1.453502        -1.752563        0.2990613         1.000000        -1.453502        -1.752563        0.2990613        0.1727675         5.788125    
 ten11                tensio        -1.454076        -1.752563        0.2984872         1.000000        -1.454076        -1.752563        0.2984872        0.1727675         5.788125    
 ten12                tensio        -1.451780        -1.752563        0.3007834         1.000000        -1.451780        -1.752563        0.3007834        0.1727675         5.788125    
 ten13                tensio        -1.452354        -1.752563        0.3002094         1.000000        -1.452354        -1.752563        0.3002094        0.1727675         5.788125    
 ten14                tensio        -1.458668        -1.752563        0.2938948         1.000000        -1.458668        -1.752563        0.2938948        0.1727675         5.788125    
 ten15                tensio        -1.452354        -1.752563        0.3002094         1.000000        -1.452354        -1.752563        0.3002094        0.1727675         5.788125    
 ten16                tensio        -1.448909        -1.752563        0.3036537         1.000000        -1.448909        -1.752563        0.3036537        0.1727675         5.788125    
 ten17                tensio        -1.449483        -1.752563        0.3030796         1.000000        -1.449483        -1.752563        0.3030796        0.1727675         5.788125    
 ten18                tensio        -1.430540        -1.752563        0.3220234         1.000000        -1.430540        -1.752563        0.3220234        0.1727675         5.788125    
 ten19                tensio        -1.404133        -1.752563        0.3484298         1.000000        -1.404133        -1.752563        0.3484298        0.1727675         5.788125    
 ten20                tensio        -1.320321        -1.752563        0.4322415         1.000000        -1.320321        -1.752563        0.4322415        0.1727675         5.788125    
 ten21                tensio        -1.060276        -1.130000        6.9724455E-02     1.000000        -1.060276        -1.130000        6.9724455E-02    0.1727675         5.788125    
 ten22                tensio       -0.7824340        -1.025099        0.2426650         1.000000       -0.7824340        -1.025099        0.2426650        0.1727675         5.788125    
 ten23                tensio       -0.7169920       -0.9707670        0.2537750         1.000000       -0.7169920       -0.9707670        0.2537750        0.1727675         5.788125    
 ten24                tensio       -0.7112514       -0.9707670        0.2595156         1.000000       -0.7112514       -0.9707670        0.2595156        0.1727675         5.788125    
 ten25                tensio       -0.7123995       -0.9707670        0.2583675         1.000000       -0.7123995       -0.9707670        0.2583675        0.1727675         5.788125    
 ten26                tensio       -0.7152698       -0.9707670        0.2554972         1.000000       -0.7152698       -0.9707670        0.2554972        0.1727675         5.788125    
 ten27                tensio       -0.7169920       -0.9744470        0.2574550         1.000000       -0.7169920       -0.9744470        0.2574550        0.1727675         5.788125    
 ten28                tensio       -0.7307692       -0.9744470        0.2436778         1.000000       -0.7307692       -0.9744470        0.2436778        0.1727675         5.788125    
 ten29                tensio       -0.7669346       -0.9744470        0.2075124         1.000000       -0.7669346       -0.9744470        0.2075124        0.1727675         5.788125    
 ten30                tensio       -0.7887486       -0.9781560        0.1894074         1.000000       -0.7887486       -0.9781560        0.1894074        0.1727675         5.788125    
 ten31                tensio       -0.8088404       -0.9781560        0.1693156         1.000000       -0.8088404       -0.9781560        0.1693156        0.1727675         5.788125    
 ten32                tensio       -0.8283582       -0.9781560        0.1497978         1.000000       -0.8283582       -0.9781560        0.1497978        0.1727675         5.788125    
 ten33                tensio       -0.8467279       -0.9818940        0.1351661         1.000000       -0.8467279       -0.9818940        0.1351661        0.1727675         5.788125    
 ten34                tensio       -0.8639495       -0.9818940        0.1179445         1.000000       -0.8639495       -0.9818940        0.1179445        0.1727675         5.788125    
 ten35                tensio       -0.8828932       -0.9818940        9.9000774E-02     1.000000       -0.8828932       -0.9818940        9.9000774E-02    0.1727675         5.788125    
 ten36                tensio       -0.8960964       -0.9856630        8.9566559E-02     1.000000       -0.8960964       -0.9856630        8.9566559E-02    0.1727675         5.788125    
 ten37                tensio       -0.9064294       -0.9856630        7.9233608E-02     1.000000       -0.9064294       -0.9856630        7.9233608E-02    0.1727675         5.788125    
 ten38                tensio       -0.9173364       -0.9856630        6.8326605E-02     1.000000       -0.9173364       -0.9856630        6.8326605E-02    0.1727675         5.788125    
 ten39                tensio       -0.9282434       -0.9894620        6.1218602E-02     1.000000       -0.9282434       -0.9894620        6.1218602E-02    0.1727675         5.788125    
 ten40                tensio       -0.9380023       -0.9894620        5.1459704E-02     1.000000       -0.9380023       -0.9894620        5.1459704E-02    0.1727675         5.788125    
 ten41                tensio       -0.9477612       -0.9894620        4.1700806E-02     1.000000       -0.9477612       -0.9894620        4.1700806E-02    0.1727675         5.788125    
 ten42                tensio       -0.9552239       -0.9932920        3.8068119E-02     1.000000       -0.9552239       -0.9932920        3.8068119E-02    0.1727675         5.788125    
 ten43                tensio       -0.9632606       -0.9932920        3.0031380E-02     1.000000       -0.9632606       -0.9932920        3.0031380E-02    0.1727675         5.788125    
 ten44                tensio       -0.9712974       -0.9971540        2.5856641E-02     1.000000       -0.9712974       -0.9971540        2.5856641E-02    0.1727675         5.788125    
 ten45                tensio       -0.9799082       -0.9971540        1.7245848E-02     1.000000       -0.9799082       -0.9971540        1.7245848E-02    0.1727675         5.788125    
 ten46                tensio       -0.9862227       -0.9971540        1.0931268E-02     1.000000       -0.9862227       -0.9971540        1.0931268E-02    0.1727675         5.788125    
 ten47                tensio       -0.9936854        -1.001047        7.3615809E-03     1.000000       -0.9936854        -1.001047        7.3615809E-03    0.1727675         5.788125    
 ten48                tensio        -1.000574        -1.001047        4.7294719E-04     1.000000        -1.000574        -1.001047        4.7294719E-04    0.1727675         5.788125    
 ten49                tensio        -1.006889        -1.004972       -1.9166338E-03     1.000000        -1.006889        -1.004972       -1.9166338E-03    0.1727675         5.788125    
 ten50                tensio        -1.013203        -1.004972       -8.2312147E-03     1.000000        -1.013203        -1.004972       -8.2312147E-03    0.1727675         5.788125    
 ten51                tensio        -1.020092        -1.012922       -7.1698484E-03     1.000000        -1.020092        -1.012922       -7.1698484E-03    0.1727675         5.788125    
 ten52                tensio        -1.025832        -1.021005       -4.8273766E-03     1.000000        -1.025832        -1.021005       -4.8273766E-03    0.1727675         5.788125    
 ten53                tensio        -1.030999        -1.029227       -1.7718519E-03     1.000000        -1.030999        -1.029227       -1.7718519E-03    0.1727675         5.788125    
 ten54                tensio        -1.035591        -1.033391       -2.2002744E-03     1.000000        -1.035591        -1.033391       -2.2002744E-03    0.1727675         5.788125    
 ten55                tensio        -1.039610        -1.041826        2.2163559E-03     1.000000        -1.039610        -1.041826        2.2163559E-03    0.1727675         5.788125    
 ten56                tensio        -1.044202        -1.050410        6.2079334E-03     1.000000        -1.044202        -1.050410        6.2079334E-03    0.1727675         5.788125    
 ten57                tensio        -1.049943        -1.054759        4.8164053E-03     1.000000        -1.049943        -1.054759        4.8164053E-03    0.1727675         5.788125    
 ten58                tensio        -1.052813        -1.063573        1.0760141E-02     1.000000        -1.052813        -1.063573        1.0760141E-02    0.1727675         5.788125    
 ten59                tensio        -1.056257        -1.068039        1.1781824E-02     1.000000        -1.056257        -1.068039        1.1781824E-02    0.1727675         5.788125    
 ten60                tensio        -1.060850        -1.077093        1.6243402E-02     1.000000        -1.060850        -1.077093        1.6243402E-02    0.1727675         5.788125    
 ten61                tensio        -1.063720        -1.081682        1.7962138E-02     1.000000        -1.063720        -1.081682        1.7962138E-02    0.1727675         5.788125    
 ten62                tensio        -1.068312        -1.090987        2.2674715E-02     1.000000        -1.068312        -1.090987        2.2674715E-02    0.1727675         5.788125    
 ten63                tensio        -1.072331        -1.095705        2.3374346E-02     1.000000        -1.072331        -1.095705        2.3374346E-02    0.1727675         5.788125    
 ten64                tensio        -1.075775        -1.100466        2.4691029E-02     1.000000        -1.075775        -1.100466        2.4691029E-02    0.1727675         5.788125    
 ten65                tensio        -1.078071        -1.105273        2.7201817E-02     1.000000        -1.078071        -1.105273        2.7201817E-02    0.1727675         5.788125    
 ten66                tensio        -1.082090        -1.110124        2.8034448E-02     1.000000        -1.082090        -1.110124        2.8034448E-02    0.1727675         5.788125    
 ten67                tensio        -1.085534        -1.119967        3.4433131E-02     1.000000        -1.085534        -1.119967        3.4433131E-02    0.1727675         5.788125    
 ten68                tensio        -1.088404        -1.124959        3.6554867E-02     1.000000        -1.088404        -1.124959        3.6554867E-02    0.1727675         5.788125    
 ten69                tensio        -1.091274        -1.130000        3.8725603E-02     1.000000        -1.091274        -1.130000        3.8725603E-02    0.1727675         5.788125    
 ten70                tensio        -1.092423        -1.135090        4.2667497E-02     1.000000        -1.092423        -1.135090        4.2667497E-02    0.1727675         5.788125    
 ten71                tensio        -1.097015        -1.140230        4.3215075E-02     1.000000        -1.097015        -1.140230        4.3215075E-02    0.1727675         5.788125    
 ten72                tensio        -1.100459        -1.145420        4.4960758E-02     1.000000        -1.100459        -1.145420        4.4960758E-02    0.1727675         5.788125    
 ten73                tensio        -1.102181        -1.150662        4.8480599E-02     1.000000        -1.102181        -1.150662        4.8480599E-02    0.1727675         5.788125    
 ten74                tensio        -1.105052        -1.155957        5.0905335E-02     1.000000        -1.105052        -1.155957        5.0905335E-02    0.1727675         5.788125    
 ten75                tensio        -1.107348        -1.155957        4.8609124E-02     1.000000        -1.107348        -1.155957        4.8609124E-02    0.1727675         5.788125    
 ten76                tensio        -1.109644        -1.161304        5.1659913E-02     1.000000        -1.109644        -1.161304        5.1659913E-02    0.1727675         5.788125    
 ten77                tensio        -1.113088        -1.166706        5.3617596E-02     1.000000        -1.113088        -1.166706        5.3617596E-02    0.1727675         5.788125    
 ten78                tensio        -1.114237        -1.172163        5.7926490E-02     1.000000        -1.114237        -1.172163        5.7926490E-02    0.1727675         5.788125    
 ten79                tensio        -1.117107        -1.177675        6.0568226E-02     1.000000        -1.117107        -1.177675        6.0568226E-02    0.1727675         5.788125    
 ten80                tensio        -1.120551        -1.183244        6.2692909E-02     1.000000        -1.120551        -1.183244        6.2692909E-02    0.1727675         5.788125    
 ten81                tensio        -1.122847        -1.183244        6.0396698E-02     1.000000        -1.122847        -1.183244        6.0396698E-02    0.1727675         5.788125    
 ten82                tensio        -1.125144        -1.188871        6.3727487E-02     1.000000        -1.125144        -1.188871        6.3727487E-02    0.1727675         5.788125    
 ten83                tensio        -1.128014        -1.194557        6.6543223E-02     1.000000        -1.128014        -1.194557        6.6543223E-02    0.1727675         5.788125    
 ten84                tensio        -1.130310        -1.200303        6.9993011E-02     1.000000        -1.130310        -1.200303        6.9993011E-02    0.1727675         5.788125    
 ten85                tensio        -1.131458        -1.200303        6.8844906E-02     1.000000        -1.131458        -1.200303        6.8844906E-02    0.1727675         5.788125    
 ten86                tensio        -1.135476        -1.206109        7.0632536E-02     1.000000        -1.135476        -1.206109        7.0632536E-02    0.1727675         5.788125    
 ten87                tensio        -1.137199        -1.211977        7.4778378E-02     1.000000        -1.137199        -1.211977        7.4778378E-02    0.1727675         5.788125    
 ten88                tensio        -1.137773        -1.211977        7.4204325E-02     1.000000        -1.137773        -1.211977        7.4204325E-02    0.1727675         5.788125    
 ten89                tensio        -1.139495        -1.217908        7.8413166E-02     1.000000        -1.139495        -1.217908        7.8413166E-02    0.1727675         5.788125    
 ten90                tensio        -1.142939        -1.223903        8.0963850E-02     1.000000        -1.142939        -1.223903        8.0963850E-02    0.1727675         5.788125    
 ten91                tensio        -1.144661        -1.223903        7.9241691E-02     1.000000        -1.144661        -1.223903        7.9241691E-02    0.1727675         5.788125    
 ten92                tensio        -1.146958        -1.229962        8.3004480E-02     1.000000        -1.146958        -1.229962        8.3004480E-02    0.1727675         5.788125    
 ten93                tensio        -1.148106        -1.229962        8.1856374E-02     1.000000        -1.148106        -1.229962        8.1856374E-02    0.1727675         5.788125    
 ten94                tensio        -1.150402        -1.236089        8.5687163E-02     1.000000        -1.150402        -1.236089        8.5687163E-02    0.1727675         5.788125    
 ten95                tensio        -1.157290        -1.242282        8.4991529E-02     1.000000        -1.157290        -1.242282        8.4991529E-02    0.1727675         5.788125    
 ten96                tensio        -1.153846        -1.242282        8.8435846E-02     1.000000        -1.153846        -1.242282        8.8435846E-02    0.1727675         5.788125    
