 Name                 Group          Measured         Modelled         Residual         Weight       Weight*Measured    Weight*Modelled  Weight*Residual  Measurement_sd   Natural_weight
 ten1                 tensio        -1.464409        -1.746165        0.2817563         1.000000        -1.464409        -1.746165        0.2817563        0.1576451         6.343362    
 ten2                 tensio        -1.460964        -1.746165        0.2852006         1.000000        -1.460964        -1.746165        0.2852006        0.1576451         6.343362    
 ten3                 tensio        -1.458668        -1.746165        0.2874968         1.000000        -1.458668        -1.746165        0.2874968        0.1576451         6.343362    
 ten4                 tensio        -1.459816        -1.746165        0.2863487         1.000000        -1.459816        -1.746165        0.2863487        0.1576451         6.343362    
 ten5                 tensio        -1.456946        -1.746165        0.2892190         1.000000        -1.456946        -1.746165        0.2892190        0.1576451         6.343362    
 ten6                 tensio        -1.461538        -1.746165        0.2846265         1.000000        -1.461538        -1.746165        0.2846265        0.1576451         6.343362    
 ten7                 tensio        -1.460390        -1.746165        0.2857746         1.000000        -1.460390        -1.746165        0.2857746        0.1576451         6.343362    
 ten8                 tensio        -1.458668        -1.746165        0.2874968         1.000000        -1.458668        -1.746165        0.2874968        0.1576451         6.343362    
 ten9                 tensio        -1.462113        -1.746165        0.2840525         1.000000        -1.462113        -1.746165        0.2840525        0.1576451         6.343362    
 ten10                tensio        -1.453502        -1.746165        0.2926633         1.000000        -1.453502        -1.746165        0.2926633        0.1576451         6.343362    
 ten11                tensio        -1.454076        -1.746165        0.2920892         1.000000        -1.454076        -1.746165        0.2920892        0.1576451         6.343362    
 ten12                tensio        -1.451780        -1.746165        0.2943854         1.000000        -1.451780        -1.746165        0.2943854        0.1576451         6.343362    
 ten13                tensio        -1.452354        -1.746165        0.2938114         1.000000        -1.452354        -1.746165        0.2938114        0.1576451         6.343362    
 ten14                tensio        -1.458668        -1.746165        0.2874968         1.000000        -1.458668        -1.746165        0.2874968        0.1576451         6.343362    
 ten15                tensio        -1.452354        -1.746165        0.2938114         1.000000        -1.452354        -1.746165        0.2938114        0.1576451         6.343362    
 ten16                tensio        -1.448909        -1.746165        0.2972557         1.000000        -1.448909        -1.746165        0.2972557        0.1576451         6.343362    
 ten17                tensio        -1.449483        -1.746165        0.2966816         1.000000        -1.449483        -1.746165        0.2966816        0.1576451         6.343362    
 ten18                tensio        -1.430540        -1.746165        0.3156254         1.000000        -1.430540        -1.746165        0.3156254        0.1576451         6.343362    
 ten19                tensio        -1.404133        -1.746165        0.3420318         1.000000        -1.404133        -1.746165        0.3420318        0.1576451         6.343362    
 ten20                tensio        -1.320321        -1.746165        0.4258435         1.000000        -1.320321        -1.746165        0.4258435        0.1576451         6.343362    
 ten21                tensio        -1.060276        -1.106233        4.5957455E-02     1.000000        -1.060276        -1.106233        4.5957455E-02    0.1576451         6.343362    
 ten22                tensio       -0.7824340       -0.9692550        0.1868210         1.000000       -0.7824340       -0.9692550        0.1868210        0.1576451         6.343362    
 ten23                tensio       -0.7169920       -0.9130710        0.1960790         1.000000       -0.7169920       -0.9130710        0.1960790        0.1576451         6.343362    
 ten24                tensio       -0.7112514       -0.9095610        0.1983096         1.000000       -0.7112514       -0.9095610        0.1983096        0.1576451         6.343362    
 ten25                tensio       -0.7123995       -0.9095610        0.1971615         1.000000       -0.7123995       -0.9095610        0.1971615        0.1576451         6.343362    
 ten26                tensio       -0.7152698       -0.9095610        0.1942912         1.000000       -0.7152698       -0.9095610        0.1942912        0.1576451         6.343362    
 ten27                tensio       -0.7169920       -0.9130710        0.1960790         1.000000       -0.7169920       -0.9130710        0.1960790        0.1576451         6.343362    
 ten28                tensio       -0.7307692       -0.9130710        0.1823018         1.000000       -0.7307692       -0.9130710        0.1823018        0.1576451         6.343362    
 ten29                tensio       -0.7669346       -0.9130710        0.1461364         1.000000       -0.7669346       -0.9130710        0.1461364        0.1576451         6.343362    
 ten30                tensio       -0.7887486       -0.9166100        0.1278614         1.000000       -0.7887486       -0.9166100        0.1278614        0.1576451         6.343362    
 ten31                tensio       -0.8088404       -0.9166100        0.1077696         1.000000       -0.8088404       -0.9166100        0.1077696        0.1576451         6.343362    
 ten32                tensio       -0.8283582       -0.9166100        8.8251791E-02     1.000000       -0.8283582       -0.9166100        8.8251791E-02    0.1576451         6.343362    
 ten33                tensio       -0.8467279       -0.9166100        6.9882101E-02     1.000000       -0.8467279       -0.9166100        6.9882101E-02    0.1576451         6.343362    
 ten34                tensio       -0.8639495       -0.9201760        5.6226517E-02     1.000000       -0.8639495       -0.9201760        5.6226517E-02    0.1576451         6.343362    
 ten35                tensio       -0.8828932       -0.9201760        3.7282774E-02     1.000000       -0.8828932       -0.9201760        3.7282774E-02    0.1576451         6.343362    
 ten36                tensio       -0.8960964       -0.9237710        2.7674559E-02     1.000000       -0.8960964       -0.9237710        2.7674559E-02    0.1576451         6.343362    
 ten37                tensio       -0.9064294       -0.9237710        1.7341608E-02     1.000000       -0.9064294       -0.9237710        1.7341608E-02    0.1576451         6.343362    
 ten38                tensio       -0.9173364       -0.9237710        6.4346051E-03     1.000000       -0.9173364       -0.9237710        6.4346051E-03    0.1576451         6.343362    
 ten39                tensio       -0.9282434       -0.9273940       -8.4939839E-04     1.000000       -0.9282434       -0.9273940       -8.4939839E-04    0.1576451         6.343362    
 ten40                tensio       -0.9380023       -0.9273940       -1.0608296E-02     1.000000       -0.9380023       -0.9273940       -1.0608296E-02    0.1576451         6.343362    
 ten41                tensio       -0.9477612       -0.9273940       -2.0367194E-02     1.000000       -0.9477612       -0.9273940       -2.0367194E-02    0.1576451         6.343362    
 ten42                tensio       -0.9552239       -0.9310470       -2.4176881E-02     1.000000       -0.9552239       -0.9310470       -2.4176881E-02    0.1576451         6.343362    
 ten43                tensio       -0.9632606       -0.9310470       -3.2213620E-02     1.000000       -0.9632606       -0.9310470       -3.2213620E-02    0.1576451         6.343362    
 ten44                tensio       -0.9712974       -0.9347290       -3.6568359E-02     1.000000       -0.9712974       -0.9347290       -3.6568359E-02    0.1576451         6.343362    
 ten45                tensio       -0.9799082       -0.9347290       -4.5179152E-02     1.000000       -0.9799082       -0.9347290       -4.5179152E-02    0.1576451         6.343362    
 ten46                tensio       -0.9862227       -0.9347290       -5.1493732E-02     1.000000       -0.9862227       -0.9347290       -5.1493732E-02    0.1576451         6.343362    
 ten47                tensio       -0.9936854       -0.9384400       -5.5245419E-02     1.000000       -0.9936854       -0.9384400       -5.5245419E-02    0.1576451         6.343362    
 ten48                tensio        -1.000574       -0.9384400       -6.2134053E-02     1.000000        -1.000574       -0.9384400       -6.2134053E-02    0.1576451         6.343362    
 ten49                tensio        -1.006889       -0.9421820       -6.4706634E-02     1.000000        -1.006889       -0.9421820       -6.4706634E-02    0.1576451         6.343362    
 ten50                tensio        -1.013203       -0.9421820       -7.1021215E-02     1.000000        -1.013203       -0.9421820       -7.1021215E-02    0.1576451         6.343362    
 ten51                tensio        -1.020092       -0.9459540       -7.4137848E-02     1.000000        -1.020092       -0.9459540       -7.4137848E-02    0.1576451         6.343362    
 ten52                tensio        -1.025832       -0.9535930       -7.2239377E-02     1.000000        -1.025832       -0.9535930       -7.2239377E-02    0.1576451         6.343362    
 ten53                tensio        -1.030999       -0.9613590       -6.9639852E-02     1.000000        -1.030999       -0.9613590       -6.9639852E-02    0.1576451         6.343362    
 ten54                tensio        -1.035591       -0.9692550       -6.6336274E-02     1.000000        -1.035591       -0.9692550       -6.6336274E-02    0.1576451         6.343362    
 ten55                tensio        -1.039610       -0.9772860       -6.2323644E-02     1.000000        -1.039610       -0.9772860       -6.2323644E-02    0.1576451         6.343362    
 ten56                tensio        -1.044202       -0.9813530       -6.2849067E-02     1.000000        -1.044202       -0.9813530       -6.2849067E-02    0.1576451         6.343362    
 ten57                tensio        -1.049943       -0.9895930       -6.0349595E-02     1.000000        -1.049943       -0.9895930       -6.0349595E-02    0.1576451         6.343362    
 ten58                tensio        -1.052813       -0.9979780       -5.4834859E-02     1.000000        -1.052813       -0.9979780       -5.4834859E-02    0.1576451         6.343362    
 ten59                tensio        -1.056257        -1.002225       -5.4032176E-02     1.000000        -1.056257        -1.002225       -5.4032176E-02    0.1576451         6.343362    
 ten60                tensio        -1.060850        -1.010833       -5.0016598E-02     1.000000        -1.060850        -1.010833       -5.0016598E-02    0.1576451         6.343362    
 ten61                tensio        -1.063720        -1.015195       -4.8524862E-02     1.000000        -1.063720        -1.015195       -4.8524862E-02    0.1576451         6.343362    
 ten62                tensio        -1.068312        -1.024036       -4.4276285E-02     1.000000        -1.068312        -1.024036       -4.4276285E-02    0.1576451         6.343362    
 ten63                tensio        -1.072331        -1.028518       -4.3812654E-02     1.000000        -1.072331        -1.028518       -4.3812654E-02    0.1576451         6.343362    
 ten64                tensio        -1.075775        -1.033040       -4.2734971E-02     1.000000        -1.075775        -1.033040       -4.2734971E-02    0.1576451         6.343362    
 ten65                tensio        -1.078071        -1.037603       -4.0468183E-02     1.000000        -1.078071        -1.037603       -4.0468183E-02    0.1576451         6.343362    
 ten66                tensio        -1.082090        -1.046858       -3.5231552E-02     1.000000        -1.082090        -1.046858       -3.5231552E-02    0.1576451         6.343362    
 ten67                tensio        -1.085534        -1.051550       -3.3983869E-02     1.000000        -1.085534        -1.051550       -3.3983869E-02    0.1576451         6.343362    
 ten68                tensio        -1.088404        -1.056287       -3.2117133E-02     1.000000        -1.088404        -1.056287       -3.2117133E-02    0.1576451         6.343362    
 ten69                tensio        -1.091274        -1.061068       -3.0206397E-02     1.000000        -1.091274        -1.061068       -3.0206397E-02    0.1576451         6.343362    
 ten70                tensio        -1.092423        -1.065895       -2.6527503E-02     1.000000        -1.092423        -1.065895       -2.6527503E-02    0.1576451         6.343362    
 ten71                tensio        -1.097015        -1.070768       -2.6246925E-02     1.000000        -1.097015        -1.070768       -2.6246925E-02    0.1576451         6.343362    
 ten72                tensio        -1.100459        -1.075687       -2.4772242E-02     1.000000        -1.100459        -1.075687       -2.4772242E-02    0.1576451         6.343362    
 ten73                tensio        -1.102181        -1.080655       -2.1526401E-02     1.000000        -1.102181        -1.080655       -2.1526401E-02    0.1576451         6.343362    
 ten74                tensio        -1.105052        -1.085671       -1.9380665E-02     1.000000        -1.105052        -1.085671       -1.9380665E-02    0.1576451         6.343362    
 ten75                tensio        -1.107348        -1.090736       -1.6611876E-02     1.000000        -1.107348        -1.090736       -1.6611876E-02    0.1576451         6.343362    
 ten76                tensio        -1.109644        -1.095851       -1.3793087E-02     1.000000        -1.109644        -1.095851       -1.3793087E-02    0.1576451         6.343362    
 ten77                tensio        -1.113088        -1.101016       -1.2072404E-02     1.000000        -1.113088        -1.101016       -1.2072404E-02    0.1576451         6.343362    
 ten78                tensio        -1.114237        -1.101016       -1.3220510E-02     1.000000        -1.114237        -1.101016       -1.3220510E-02    0.1576451         6.343362    
 ten79                tensio        -1.117107        -1.106233       -1.0873774E-02     1.000000        -1.117107        -1.106233       -1.0873774E-02    0.1576451         6.343362    
 ten80                tensio        -1.120551        -1.111503       -9.0480907E-03     1.000000        -1.120551        -1.111503       -9.0480907E-03    0.1576451         6.343362    
 ten81                tensio        -1.122847        -1.116825       -6.0223020E-03     1.000000        -1.122847        -1.116825       -6.0223020E-03    0.1576451         6.343362    
 ten82                tensio        -1.125144        -1.122202       -2.9415132E-03     1.000000        -1.125144        -1.122202       -2.9415132E-03    0.1576451         6.343362    
 ten83                tensio        -1.128014        -1.122202       -5.8117773E-03     1.000000        -1.128014        -1.122202       -5.8117773E-03    0.1576451         6.343362    
 ten84                tensio        -1.130310        -1.127634       -2.6759885E-03     1.000000        -1.130310        -1.127634       -2.6759885E-03    0.1576451         6.343362    
 ten85                tensio        -1.131458        -1.133121        1.6629059E-03     1.000000        -1.131458        -1.133121        1.6629059E-03    0.1576451         6.343362    
 ten86                tensio        -1.135476        -1.138665        3.1885362E-03     1.000000        -1.135476        -1.138665        3.1885362E-03    0.1576451         6.343362    
 ten87                tensio        -1.137199        -1.138665        1.4663777E-03     1.000000        -1.137199        -1.138665        1.4663777E-03    0.1576451         6.343362    
 ten88                tensio        -1.137773        -1.144267        6.4943249E-03     1.000000        -1.137773        -1.144267        6.4943249E-03    0.1576451         6.343362    
 ten89                tensio        -1.139495        -1.149928        1.0433166E-02     1.000000        -1.139495        -1.149928        1.0433166E-02    0.1576451         6.343362    
 ten90                tensio        -1.142939        -1.149928        6.9888496E-03     1.000000        -1.142939        -1.149928        6.9888496E-03    0.1576451         6.343362    
 ten91                tensio        -1.144661        -1.155648        1.0986691E-02     1.000000        -1.144661        -1.155648        1.0986691E-02    0.1576451         6.343362    
 ten92                tensio        -1.146958        -1.161429        1.4471480E-02     1.000000        -1.146958        -1.161429        1.4471480E-02    0.1576451         6.343362    
 ten93                tensio        -1.148106        -1.161429        1.3323374E-02     1.000000        -1.148106        -1.161429        1.3323374E-02    0.1576451         6.343362    
 ten94                tensio        -1.150402        -1.167272        1.6870163E-02     1.000000        -1.150402        -1.167272        1.6870163E-02    0.1576451         6.343362    
 ten95                tensio        -1.157290        -1.167272        9.9815293E-03     1.000000        -1.157290        -1.167272        9.9815293E-03    0.1576451         6.343362    
 ten96                tensio        -1.153846        -1.173177        1.9330846E-02     1.000000        -1.153846        -1.173177        1.9330846E-02    0.1576451         6.343362    
