 Name                 Group          Measured         Modelled         Residual         Weight       Weight*Measured    Weight*Modelled  Weight*Residual  Measurement_sd   Natural_weight
 ten1                 tensio        -1.464409        -1.752587        0.2881783         1.000000        -1.464409        -1.752587        0.2881783        0.1745023         5.730585    
 ten2                 tensio        -1.460964        -1.752587        0.2916226         1.000000        -1.460964        -1.752587        0.2916226        0.1745023         5.730585    
 ten3                 tensio        -1.458668        -1.752587        0.2939188         1.000000        -1.458668        -1.752587        0.2939188        0.1745023         5.730585    
 ten4                 tensio        -1.459816        -1.752587        0.2927707         1.000000        -1.459816        -1.752587        0.2927707        0.1745023         5.730585    
 ten5                 tensio        -1.456946        -1.752587        0.2956410         1.000000        -1.456946        -1.752587        0.2956410        0.1745023         5.730585    
 ten6                 tensio        -1.461538        -1.752587        0.2910485         1.000000        -1.461538        -1.752587        0.2910485        0.1745023         5.730585    
 ten7                 tensio        -1.460390        -1.752587        0.2921966         1.000000        -1.460390        -1.752587        0.2921966        0.1745023         5.730585    
 ten8                 tensio        -1.458668        -1.752587        0.2939188         1.000000        -1.458668        -1.752587        0.2939188        0.1745023         5.730585    
 ten9                 tensio        -1.462113        -1.752587        0.2904745         1.000000        -1.462113        -1.752587        0.2904745        0.1745023         5.730585    
 ten10                tensio        -1.453502        -1.752587        0.2990853         1.000000        -1.453502        -1.752587        0.2990853        0.1745023         5.730585    
 ten11                tensio        -1.454076        -1.752587        0.2985112         1.000000        -1.454076        -1.752587        0.2985112        0.1745023         5.730585    
 ten12                tensio        -1.451780        -1.752587        0.3008074         1.000000        -1.451780        -1.752587        0.3008074        0.1745023         5.730585    
 ten13                tensio        -1.452354        -1.752587        0.3002334         1.000000        -1.452354        -1.752587        0.3002334        0.1745023         5.730585    
 ten14                tensio        -1.458668        -1.752587        0.2939188         1.000000        -1.458668        -1.752587        0.2939188        0.1745023         5.730585    
 ten15                tensio        -1.452354        -1.752587        0.3002334         1.000000        -1.452354        -1.752587        0.3002334        0.1745023         5.730585    
 ten16                tensio        -1.448909        -1.752587        0.3036777         1.000000        -1.448909        -1.752587        0.3036777        0.1745023         5.730585    
 ten17                tensio        -1.449483        -1.752587        0.3031036         1.000000        -1.449483        -1.752587        0.3031036        0.1745023         5.730585    
 ten18                tensio        -1.430540        -1.752587        0.3220474         1.000000        -1.430540        -1.752587        0.3220474        0.1745023         5.730585    
 ten19                tensio        -1.404133        -1.752587        0.3484538         1.000000        -1.404133        -1.752587        0.3484538        0.1745023         5.730585    
 ten20                tensio        -1.320321        -1.752587        0.4322655         1.000000        -1.320321        -1.752587        0.4322655        0.1745023         5.730585    
 ten21                tensio        -1.060276        -1.136595        7.6319455E-02     1.000000        -1.060276        -1.136595        7.6319455E-02    0.1745023         5.730585    
 ten22                tensio       -0.7824340        -1.030888        0.2484540         1.000000       -0.7824340        -1.030888        0.2484540        0.1745023         5.730585    
 ten23                tensio       -0.7169920       -0.9761750        0.2591830         1.000000       -0.7169920       -0.9761750        0.2591830        0.1745023         5.730585    
 ten24                tensio       -0.7112514       -0.9761750        0.2649236         1.000000       -0.7112514       -0.9761750        0.2649236        0.1745023         5.730585    
 ten25                tensio       -0.7123995       -0.9761750        0.2637755         1.000000       -0.7123995       -0.9761750        0.2637755        0.1745023         5.730585    
 ten26                tensio       -0.7152698       -0.9761750        0.2609052         1.000000       -0.7152698       -0.9761750        0.2609052        0.1745023         5.730585    
 ten27                tensio       -0.7169920       -0.9798790        0.2628870         1.000000       -0.7169920       -0.9798790        0.2628870        0.1745023         5.730585    
 ten28                tensio       -0.7307692       -0.9798790        0.2491098         1.000000       -0.7307692       -0.9798790        0.2491098        0.1745023         5.730585    
 ten29                tensio       -0.7669346       -0.9798790        0.2129444         1.000000       -0.7669346       -0.9798790        0.2129444        0.1745023         5.730585    
 ten30                tensio       -0.7887486       -0.9836140        0.1948654         1.000000       -0.7887486       -0.9836140        0.1948654        0.1745023         5.730585    
 ten31                tensio       -0.8088404       -0.9836140        0.1747736         1.000000       -0.8088404       -0.9836140        0.1747736        0.1745023         5.730585    
 ten32                tensio       -0.8283582       -0.9836140        0.1552558         1.000000       -0.8283582       -0.9836140        0.1552558        0.1745023         5.730585    
 ten33                tensio       -0.8467279       -0.9836140        0.1368861         1.000000       -0.8467279       -0.9836140        0.1368861        0.1745023         5.730585    
 ten34                tensio       -0.8639495       -0.9873780        0.1234285         1.000000       -0.8639495       -0.9873780        0.1234285        0.1745023         5.730585    
 ten35                tensio       -0.8828932       -0.9873780        0.1044848         1.000000       -0.8828932       -0.9873780        0.1044848        0.1745023         5.730585    
 ten36                tensio       -0.8960964       -0.9911730        9.5076559E-02     1.000000       -0.8960964       -0.9911730        9.5076559E-02    0.1745023         5.730585    
 ten37                tensio       -0.9064294       -0.9911730        8.4743608E-02     1.000000       -0.9064294       -0.9911730        8.4743608E-02    0.1745023         5.730585    
 ten38                tensio       -0.9173364       -0.9911730        7.3836605E-02     1.000000       -0.9173364       -0.9911730        7.3836605E-02    0.1745023         5.730585    
 ten39                tensio       -0.9282434       -0.9949980        6.6754602E-02     1.000000       -0.9282434       -0.9949980        6.6754602E-02    0.1745023         5.730585    
 ten40                tensio       -0.9380023       -0.9949980        5.6995704E-02     1.000000       -0.9380023       -0.9949980        5.6995704E-02    0.1745023         5.730585    
 ten41                tensio       -0.9477612       -0.9949980        4.7236806E-02     1.000000       -0.9477612       -0.9949980        4.7236806E-02    0.1745023         5.730585    
 ten42                tensio       -0.9552239       -0.9988550        4.3631119E-02     1.000000       -0.9552239       -0.9988550        4.3631119E-02    0.1745023         5.730585    
 ten43                tensio       -0.9632606       -0.9988550        3.5594380E-02     1.000000       -0.9632606       -0.9988550        3.5594380E-02    0.1745023         5.730585    
 ten44                tensio       -0.9712974        -1.002744        3.1446641E-02     1.000000       -0.9712974        -1.002744        3.1446641E-02    0.1745023         5.730585    
 ten45                tensio       -0.9799082        -1.002744        2.2835848E-02     1.000000       -0.9799082        -1.002744        2.2835848E-02    0.1745023         5.730585    
 ten46                tensio       -0.9862227        -1.002744        1.6521268E-02     1.000000       -0.9862227        -1.002744        1.6521268E-02    0.1745023         5.730585    
 ten47                tensio       -0.9936854        -1.006664        1.2978581E-02     1.000000       -0.9936854        -1.006664        1.2978581E-02    0.1745023         5.730585    
 ten48                tensio        -1.000574        -1.006664        6.0899472E-03     1.000000        -1.000574        -1.006664        6.0899472E-03    0.1745023         5.730585    
 ten49                tensio        -1.006889        -1.010617        3.7283663E-03     1.000000        -1.006889        -1.010617        3.7283663E-03    0.1745023         5.730585    
 ten50                tensio        -1.013203        -1.010617       -2.5862147E-03     1.000000        -1.013203        -1.010617       -2.5862147E-03    0.1745023         5.730585    
 ten51                tensio        -1.020092        -1.014604       -5.4878484E-03     1.000000        -1.020092        -1.014604       -5.4878484E-03    0.1745023         5.730585    
 ten52                tensio        -1.025832        -1.022677       -3.1553766E-03     1.000000        -1.025832        -1.022677       -3.1553766E-03    0.1745023         5.730585    
 ten53                tensio        -1.030999        -1.030888       -1.1085189E-04     1.000000        -1.030999        -1.030888       -1.1085189E-04    0.1745023         5.730585    
 ten54                tensio        -1.035591        -1.039240        3.6487256E-03     1.000000        -1.035591        -1.039240        3.6487256E-03    0.1745023         5.730585    
 ten55                tensio        -1.039610        -1.047738        8.1283559E-03     1.000000        -1.039610        -1.047738        8.1283559E-03    0.1745023         5.730585    
 ten56                tensio        -1.044202        -1.052043        7.8409334E-03     1.000000        -1.044202        -1.052043        7.8409334E-03    0.1745023         5.730585    
 ten57                tensio        -1.049943        -1.060766        1.0823405E-02     1.000000        -1.049943        -1.060766        1.0823405E-02    0.1745023         5.730585    
 ten58                tensio        -1.052813        -1.069646        1.6833141E-02     1.000000        -1.052813        -1.069646        1.6833141E-02    0.1745023         5.730585    
 ten59                tensio        -1.056257        -1.074147        1.7889824E-02     1.000000        -1.056257        -1.074147        1.7889824E-02    0.1745023         5.730585    
 ten60                tensio        -1.060850        -1.078687        1.7837402E-02     1.000000        -1.060850        -1.078687        1.7837402E-02    0.1745023         5.730585    
 ten61                tensio        -1.063720        -1.087894        2.4174138E-02     1.000000        -1.063720        -1.087894        2.4174138E-02    0.1745023         5.730585    
 ten62                tensio        -1.068312        -1.092561        2.4248715E-02     1.000000        -1.068312        -1.092561        2.4248715E-02    0.1745023         5.730585    
 ten63                tensio        -1.072331        -1.097271        2.4940346E-02     1.000000        -1.072331        -1.097271        2.4940346E-02    0.1745023         5.730585    
 ten64                tensio        -1.075775        -1.106824        3.1049029E-02     1.000000        -1.075775        -1.106824        3.1049029E-02    0.1745023         5.730585    
 ten65                tensio        -1.078071        -1.111669        3.3597817E-02     1.000000        -1.078071        -1.111669        3.3597817E-02    0.1745023         5.730585    
 ten66                tensio        -1.082090        -1.116559        3.4469448E-02     1.000000        -1.082090        -1.116559        3.4469448E-02    0.1745023         5.730585    
 ten67                tensio        -1.085534        -1.121496        3.5962131E-02     1.000000        -1.085534        -1.121496        3.5962131E-02    0.1745023         5.730585    
 ten68                tensio        -1.088404        -1.126480        3.8075867E-02     1.000000        -1.088404        -1.126480        3.8075867E-02    0.1745023         5.730585    
 ten69                tensio        -1.091274        -1.131513        4.0238603E-02     1.000000        -1.091274        -1.131513        4.0238603E-02    0.1745023         5.730585    
 ten70                tensio        -1.092423        -1.136595        4.4172497E-02     1.000000        -1.092423        -1.136595        4.4172497E-02    0.1745023         5.730585    
 ten71                tensio        -1.097015        -1.141726        4.4711075E-02     1.000000        -1.097015        -1.141726        4.4711075E-02    0.1745023         5.730585    
 ten72                tensio        -1.100459        -1.146908        4.6448758E-02     1.000000        -1.100459        -1.146908        4.6448758E-02    0.1745023         5.730585    
 ten73                tensio        -1.102181        -1.152141        4.9959599E-02     1.000000        -1.102181        -1.152141        4.9959599E-02    0.1745023         5.730585    
 ten74                tensio        -1.105052        -1.157426        5.2374335E-02     1.000000        -1.105052        -1.157426        5.2374335E-02    0.1745023         5.730585    
 ten75                tensio        -1.107348        -1.162765        5.5417124E-02     1.000000        -1.107348        -1.162765        5.5417124E-02    0.1745023         5.730585    
 ten76                tensio        -1.109644        -1.168157        5.8512913E-02     1.000000        -1.109644        -1.168157        5.8512913E-02    0.1745023         5.730585    
 ten77                tensio        -1.113088        -1.173604        6.0515596E-02     1.000000        -1.113088        -1.173604        6.0515596E-02    0.1745023         5.730585    
 ten78                tensio        -1.114237        -1.179107        6.4870490E-02     1.000000        -1.114237        -1.179107        6.4870490E-02    0.1745023         5.730585    
 ten79                tensio        -1.117107        -1.179107        6.2000226E-02     1.000000        -1.117107        -1.179107        6.2000226E-02    0.1745023         5.730585    
 ten80                tensio        -1.120551        -1.184667        6.4115909E-02     1.000000        -1.120551        -1.184667        6.4115909E-02    0.1745023         5.730585    
 ten81                tensio        -1.122847        -1.190284        6.7436698E-02     1.000000        -1.122847        -1.190284        6.7436698E-02    0.1745023         5.730585    
 ten82                tensio        -1.125144        -1.195959        7.0815487E-02     1.000000        -1.125144        -1.195959        7.0815487E-02    0.1745023         5.730585    
 ten83                tensio        -1.128014        -1.195959        6.7945223E-02     1.000000        -1.128014        -1.195959        6.7945223E-02    0.1745023         5.730585    
 ten84                tensio        -1.130310        -1.201694        7.1384011E-02     1.000000        -1.130310        -1.201694        7.1384011E-02    0.1745023         5.730585    
 ten85                tensio        -1.131458        -1.207490        7.6031906E-02     1.000000        -1.131458        -1.207490        7.6031906E-02    0.1745023         5.730585    
 ten86                tensio        -1.135476        -1.207490        7.2013536E-02     1.000000        -1.135476        -1.207490        7.2013536E-02    0.1745023         5.730585    
 ten87                tensio        -1.137199        -1.213347        7.6148378E-02     1.000000        -1.137199        -1.213347        7.6148378E-02    0.1745023         5.730585    
 ten88                tensio        -1.137773        -1.219267        8.1494325E-02     1.000000        -1.137773        -1.219267        8.1494325E-02    0.1745023         5.730585    
 ten89                tensio        -1.139495        -1.219267        7.9772166E-02     1.000000        -1.139495        -1.219267        7.9772166E-02    0.1745023         5.730585    
 ten90                tensio        -1.142939        -1.225250        8.2310850E-02     1.000000        -1.142939        -1.225250        8.2310850E-02    0.1745023         5.730585    
 ten91                tensio        -1.144661        -1.231299        8.6637691E-02     1.000000        -1.144661        -1.231299        8.6637691E-02    0.1745023         5.730585    
 ten92                tensio        -1.146958        -1.231299        8.4341480E-02     1.000000        -1.146958        -1.231299        8.4341480E-02    0.1745023         5.730585    
 ten93                tensio        -1.148106        -1.237413        8.9307374E-02     1.000000        -1.148106        -1.237413        8.9307374E-02    0.1745023         5.730585    
 ten94                tensio        -1.150402        -1.237413        8.7011163E-02     1.000000        -1.150402        -1.237413        8.7011163E-02    0.1745023         5.730585    
 ten95                tensio        -1.157290        -1.243595        8.6304529E-02     1.000000        -1.157290        -1.243595        8.6304529E-02    0.1745023         5.730585    
 ten96                tensio        -1.153846        -1.249845        9.5998846E-02     1.000000        -1.153846        -1.249845        9.5998846E-02    0.1745023         5.730585    
