 Name                 Group          Measured         Modelled         Residual         Weight       Weight*Measured    Weight*Modelled  Weight*Residual  Measurement_sd   Natural_weight
 ten1                 tensio        -1.464409        -1.752952        0.2885433         1.000000        -1.464409        -1.752952        0.2885433        0.1681836         5.945883    
 ten2                 tensio        -1.460964        -1.752952        0.2919876         1.000000        -1.460964        -1.752952        0.2919876        0.1681836         5.945883    
 ten3                 tensio        -1.458668        -1.752952        0.2942838         1.000000        -1.458668        -1.752952        0.2942838        0.1681836         5.945883    
 ten4                 tensio        -1.459816        -1.752952        0.2931357         1.000000        -1.459816        -1.752952        0.2931357        0.1681836         5.945883    
 ten5                 tensio        -1.456946        -1.752952        0.2960060         1.000000        -1.456946        -1.752952        0.2960060        0.1681836         5.945883    
 ten6                 tensio        -1.461538        -1.752952        0.2914135         1.000000        -1.461538        -1.752952        0.2914135        0.1681836         5.945883    
 ten7                 tensio        -1.460390        -1.752952        0.2925616         1.000000        -1.460390        -1.752952        0.2925616        0.1681836         5.945883    
 ten8                 tensio        -1.458668        -1.752952        0.2942838         1.000000        -1.458668        -1.752952        0.2942838        0.1681836         5.945883    
 ten9                 tensio        -1.462113        -1.752952        0.2908395         1.000000        -1.462113        -1.752952        0.2908395        0.1681836         5.945883    
 ten10                tensio        -1.453502        -1.752952        0.2994503         1.000000        -1.453502        -1.752952        0.2994503        0.1681836         5.945883    
 ten11                tensio        -1.454076        -1.752952        0.2988762         1.000000        -1.454076        -1.752952        0.2988762        0.1681836         5.945883    
 ten12                tensio        -1.451780        -1.752952        0.3011724         1.000000        -1.451780        -1.752952        0.3011724        0.1681836         5.945883    
 ten13                tensio        -1.452354        -1.752952        0.3005984         1.000000        -1.452354        -1.752952        0.3005984        0.1681836         5.945883    
 ten14                tensio        -1.458668        -1.752952        0.2942838         1.000000        -1.458668        -1.752952        0.2942838        0.1681836         5.945883    
 ten15                tensio        -1.452354        -1.752952        0.3005984         1.000000        -1.452354        -1.752952        0.3005984        0.1681836         5.945883    
 ten16                tensio        -1.448909        -1.752952        0.3040427         1.000000        -1.448909        -1.752952        0.3040427        0.1681836         5.945883    
 ten17                tensio        -1.449483        -1.752952        0.3034686         1.000000        -1.449483        -1.752952        0.3034686        0.1681836         5.945883    
 ten18                tensio        -1.430540        -1.752952        0.3224124         1.000000        -1.430540        -1.752952        0.3224124        0.1681836         5.945883    
 ten19                tensio        -1.404133        -1.752952        0.3488188         1.000000        -1.404133        -1.752952        0.3488188        0.1681836         5.945883    
 ten20                tensio        -1.320321        -1.752952        0.4326305         1.000000        -1.320321        -1.752952        0.4326305        0.1681836         5.945883    
 ten21                tensio        -1.060276        -1.128965        6.8689455E-02     1.000000        -1.060276        -1.128965        6.8689455E-02    0.1681836         5.945883    
 ten22                tensio       -0.7824340        -1.014138        0.2317040         1.000000       -0.7824340        -1.014138        0.2317040        0.1681836         5.945883    
 ten23                tensio       -0.7169920       -0.9563210        0.2393290         1.000000       -0.7169920       -0.9563210        0.2393290        0.1681836         5.945883    
 ten24                tensio       -0.7112514       -0.9563210        0.2450696         1.000000       -0.7112514       -0.9563210        0.2450696        0.1681836         5.945883    
 ten25                tensio       -0.7123995       -0.9563210        0.2439215         1.000000       -0.7123995       -0.9563210        0.2439215        0.1681836         5.945883    
 ten26                tensio       -0.7152698       -0.9563210        0.2410512         1.000000       -0.7152698       -0.9563210        0.2410512        0.1681836         5.945883    
 ten27                tensio       -0.7169920       -0.9599600        0.2429680         1.000000       -0.7169920       -0.9599600        0.2429680        0.1681836         5.945883    
 ten28                tensio       -0.7307692       -0.9599600        0.2291908         1.000000       -0.7307692       -0.9599600        0.2291908        0.1681836         5.945883    
 ten29                tensio       -0.7669346       -0.9599600        0.1930254         1.000000       -0.7669346       -0.9599600        0.1930254        0.1681836         5.945883    
 ten30                tensio       -0.7887486       -0.9636290        0.1748804         1.000000       -0.7887486       -0.9636290        0.1748804        0.1681836         5.945883    
 ten31                tensio       -0.8088404       -0.9636290        0.1547886         1.000000       -0.8088404       -0.9636290        0.1547886        0.1681836         5.945883    
 ten32                tensio       -0.8283582       -0.9636290        0.1352708         1.000000       -0.8283582       -0.9636290        0.1352708        0.1681836         5.945883    
 ten33                tensio       -0.8467279       -0.9673270        0.1205991         1.000000       -0.8467279       -0.9673270        0.1205991        0.1681836         5.945883    
 ten34                tensio       -0.8639495       -0.9673270        0.1033775         1.000000       -0.8639495       -0.9673270        0.1033775        0.1681836         5.945883    
 ten35                tensio       -0.8828932       -0.9673270        8.4433774E-02     1.000000       -0.8828932       -0.9673270        8.4433774E-02    0.1681836         5.945883    
 ten36                tensio       -0.8960964       -0.9710550        7.4958559E-02     1.000000       -0.8960964       -0.9710550        7.4958559E-02    0.1681836         5.945883    
 ten37                tensio       -0.9064294       -0.9710550        6.4625608E-02     1.000000       -0.9064294       -0.9710550        6.4625608E-02    0.1681836         5.945883    
 ten38                tensio       -0.9173364       -0.9710550        5.3718605E-02     1.000000       -0.9173364       -0.9710550        5.3718605E-02    0.1681836         5.945883    
 ten39                tensio       -0.9282434       -0.9748130        4.6569602E-02     1.000000       -0.9282434       -0.9748130        4.6569602E-02    0.1681836         5.945883    
 ten40                tensio       -0.9380023       -0.9748130        3.6810704E-02     1.000000       -0.9380023       -0.9748130        3.6810704E-02    0.1681836         5.945883    
 ten41                tensio       -0.9477612       -0.9748130        2.7051806E-02     1.000000       -0.9477612       -0.9748130        2.7051806E-02    0.1681836         5.945883    
 ten42                tensio       -0.9552239       -0.9786010        2.3377119E-02     1.000000       -0.9552239       -0.9786010        2.3377119E-02    0.1681836         5.945883    
 ten43                tensio       -0.9632606       -0.9786010        1.5340380E-02     1.000000       -0.9632606       -0.9786010        1.5340380E-02    0.1681836         5.945883    
 ten44                tensio       -0.9712974       -0.9824200        1.1122641E-02     1.000000       -0.9712974       -0.9824200        1.1122641E-02    0.1681836         5.945883    
 ten45                tensio       -0.9799082       -0.9824200        2.5118484E-03     1.000000       -0.9799082       -0.9824200        2.5118484E-03    0.1681836         5.945883    
 ten46                tensio       -0.9862227       -0.9824200       -3.8027325E-03     1.000000       -0.9862227       -0.9824200       -3.8027325E-03    0.1681836         5.945883    
 ten47                tensio       -0.9936854       -0.9862710       -7.4144191E-03     1.000000       -0.9936854       -0.9862710       -7.4144191E-03    0.1681836         5.945883    
 ten48                tensio        -1.000574       -0.9862710       -1.4303053E-02     1.000000        -1.000574       -0.9862710       -1.4303053E-02    0.1681836         5.945883    
 ten49                tensio        -1.006889       -0.9901530       -1.6735634E-02     1.000000        -1.006889       -0.9901530       -1.6735634E-02    0.1681836         5.945883    
 ten50                tensio        -1.013203       -0.9901530       -2.3050215E-02     1.000000        -1.013203       -0.9901530       -2.3050215E-02    0.1681836         5.945883    
 ten51                tensio        -1.020092       -0.9940670       -2.6024848E-02     1.000000        -1.020092       -0.9940670       -2.6024848E-02    0.1681836         5.945883    
 ten52                tensio        -1.025832        -1.001995       -2.3837377E-02     1.000000        -1.025832        -1.001995       -2.3837377E-02    0.1681836         5.945883    
 ten53                tensio        -1.030999        -1.010056       -2.0942852E-02     1.000000        -1.030999        -1.010056       -2.0942852E-02    0.1681836         5.945883    
 ten54                tensio        -1.035591        -1.018255       -1.7336274E-02     1.000000        -1.035591        -1.018255       -1.7336274E-02    0.1681836         5.945883    
 ten55                tensio        -1.039610        -1.026595       -1.3014644E-02     1.000000        -1.039610        -1.026595       -1.3014644E-02    0.1681836         5.945883    
 ten56                tensio        -1.044202        -1.035081       -9.1210666E-03     1.000000        -1.044202        -1.035081       -9.1210666E-03    0.1681836         5.945883    
 ten57                tensio        -1.049943        -1.039380       -1.0562595E-02     1.000000        -1.049943        -1.039380       -1.0562595E-02    0.1681836         5.945883    
 ten58                tensio        -1.052813        -1.048093       -4.7198588E-03     1.000000        -1.052813        -1.048093       -4.7198588E-03    0.1681836         5.945883    
 ten59                tensio        -1.056257        -1.052507       -3.7501757E-03     1.000000        -1.056257        -1.052507       -3.7501757E-03    0.1681836         5.945883    
 ten60                tensio        -1.060850        -1.061456        6.0640184E-04     1.000000        -1.060850        -1.061456        6.0640184E-04    0.1681836         5.945883    
 ten61                tensio        -1.063720        -1.065992        2.2721378E-03     1.000000        -1.063720        -1.065992        2.2721378E-03    0.1681836         5.945883    
 ten62                tensio        -1.068312        -1.075188        6.8757153E-03     1.000000        -1.068312        -1.075188        6.8757153E-03    0.1681836         5.945883    
 ten63                tensio        -1.072331        -1.079850        7.5193456E-03     1.000000        -1.072331        -1.079850        7.5193456E-03    0.1681836         5.945883    
 ten64                tensio        -1.075775        -1.084555        8.7800287E-03     1.000000        -1.075775        -1.084555        8.7800287E-03    0.1681836         5.945883    
 ten65                tensio        -1.078071        -1.089304        1.1232817E-02     1.000000        -1.078071        -1.089304        1.1232817E-02    0.1681836         5.945883    
 ten66                tensio        -1.082090        -1.098937        1.6847448E-02     1.000000        -1.082090        -1.098937        1.6847448E-02    0.1681836         5.945883    
 ten67                tensio        -1.085534        -1.103822        1.8288131E-02     1.000000        -1.085534        -1.103822        1.8288131E-02    0.1681836         5.945883    
 ten68                tensio        -1.088404        -1.108754        2.0349867E-02     1.000000        -1.088404        -1.108754        2.0349867E-02    0.1681836         5.945883    
 ten69                tensio        -1.091274        -1.113734        2.2459603E-02     1.000000        -1.091274        -1.113734        2.2459603E-02    0.1681836         5.945883    
 ten70                tensio        -1.092423        -1.118761        2.6338497E-02     1.000000        -1.092423        -1.118761        2.6338497E-02    0.1681836         5.945883    
 ten71                tensio        -1.097015        -1.123838        2.6823075E-02     1.000000        -1.097015        -1.123838        2.6823075E-02    0.1681836         5.945883    
 ten72                tensio        -1.100459        -1.128965        2.8505758E-02     1.000000        -1.100459        -1.128965        2.8505758E-02    0.1681836         5.945883    
 ten73                tensio        -1.102181        -1.134142        3.1960599E-02     1.000000        -1.102181        -1.134142        3.1960599E-02    0.1681836         5.945883    
 ten74                tensio        -1.105052        -1.139371        3.4319335E-02     1.000000        -1.105052        -1.139371        3.4319335E-02    0.1681836         5.945883    
 ten75                tensio        -1.107348        -1.144652        3.7304124E-02     1.000000        -1.107348        -1.144652        3.7304124E-02    0.1681836         5.945883    
 ten76                tensio        -1.109644        -1.144652        3.5007913E-02     1.000000        -1.109644        -1.144652        3.5007913E-02    0.1681836         5.945883    
 ten77                tensio        -1.113088        -1.149986        3.6897596E-02     1.000000        -1.113088        -1.149986        3.6897596E-02    0.1681836         5.945883    
 ten78                tensio        -1.114237        -1.155373        4.1136490E-02     1.000000        -1.114237        -1.155373        4.1136490E-02    0.1681836         5.945883    
 ten79                tensio        -1.117107        -1.160816        4.3709226E-02     1.000000        -1.117107        -1.160816        4.3709226E-02    0.1681836         5.945883    
 ten80                tensio        -1.120551        -1.166315        4.5763909E-02     1.000000        -1.120551        -1.166315        4.5763909E-02    0.1681836         5.945883    
 ten81                tensio        -1.122847        -1.166315        4.3467698E-02     1.000000        -1.122847        -1.166315        4.3467698E-02    0.1681836         5.945883    
 ten82                tensio        -1.125144        -1.171870        4.6726487E-02     1.000000        -1.125144        -1.171870        4.6726487E-02    0.1681836         5.945883    
 ten83                tensio        -1.128014        -1.177483        4.9469223E-02     1.000000        -1.128014        -1.177483        4.9469223E-02    0.1681836         5.945883    
 ten84                tensio        -1.130310        -1.183154        5.2844011E-02     1.000000        -1.130310        -1.183154        5.2844011E-02    0.1681836         5.945883    
 ten85                tensio        -1.131458        -1.183154        5.1695906E-02     1.000000        -1.131458        -1.183154        5.1695906E-02    0.1681836         5.945883    
 ten86                tensio        -1.135476        -1.188885        5.3408536E-02     1.000000        -1.135476        -1.188885        5.3408536E-02    0.1681836         5.945883    
 ten87                tensio        -1.137199        -1.194676        5.7477378E-02     1.000000        -1.137199        -1.194676        5.7477378E-02    0.1681836         5.945883    
 ten88                tensio        -1.137773        -1.194676        5.6903325E-02     1.000000        -1.137773        -1.194676        5.6903325E-02    0.1681836         5.945883    
 ten89                tensio        -1.139495        -1.200529        6.1034166E-02     1.000000        -1.139495        -1.200529        6.1034166E-02    0.1681836         5.945883    
 ten90                tensio        -1.142939        -1.206445        6.3505850E-02     1.000000        -1.142939        -1.206445        6.3505850E-02    0.1681836         5.945883    
 ten91                tensio        -1.144661        -1.206445        6.1783691E-02     1.000000        -1.144661        -1.206445        6.1783691E-02    0.1681836         5.945883    
 ten92                tensio        -1.146958        -1.212425        6.5467480E-02     1.000000        -1.146958        -1.212425        6.5467480E-02    0.1681836         5.945883    
 ten93                tensio        -1.148106        -1.218469        7.0363374E-02     1.000000        -1.148106        -1.218469        7.0363374E-02    0.1681836         5.945883    
 ten94                tensio        -1.150402        -1.218469        6.8067163E-02     1.000000        -1.150402        -1.218469        6.8067163E-02    0.1681836         5.945883    
 ten95                tensio        -1.157290        -1.224580        6.7289529E-02     1.000000        -1.157290        -1.224580        6.7289529E-02    0.1681836         5.945883    
 ten96                tensio        -1.153846        -1.224580        7.0733846E-02     1.000000        -1.153846        -1.224580        7.0733846E-02    0.1681836         5.945883    
