single point
 thetar        9.9999998E-03    1.00000        0.00000    
 thetas        0.4000000        1.00000        0.00000    
 alpha          3.603132        1.00000        0.00000    
 n              2.136639        1.00000        0.00000    
 ksat          8.6839677E-04    1.00000        0.00000    
 l             0.5000000        1.00000        0.00000    
 ihead          149.8203        1.00000        0.00000    
 start          300.0000        1.00000        0.00000    
 inten          4.000000        1.00000        0.00000    
 durat          60.00000        1.00000        0.00000    
 pulse          32.34981        1.00000        0.00000    
