 Name                 Group          Measured         Modelled         Residual         Weight       Weight*Measured    Weight*Modelled  Weight*Residual  Measurement_sd   Natural_weight
 ten1                 tensio        -1.464409        -1.753645        0.2892363         1.000000        -1.464409        -1.753645        0.2892363        0.1661344         6.019224    
 ten2                 tensio        -1.460964        -1.753645        0.2926806         1.000000        -1.460964        -1.753645        0.2926806        0.1661344         6.019224    
 ten3                 tensio        -1.458668        -1.753645        0.2949768         1.000000        -1.458668        -1.753645        0.2949768        0.1661344         6.019224    
 ten4                 tensio        -1.459816        -1.753645        0.2938287         1.000000        -1.459816        -1.753645        0.2938287        0.1661344         6.019224    
 ten5                 tensio        -1.456946        -1.753645        0.2966990         1.000000        -1.456946        -1.753645        0.2966990        0.1661344         6.019224    
 ten6                 tensio        -1.461538        -1.753645        0.2921065         1.000000        -1.461538        -1.753645        0.2921065        0.1661344         6.019224    
 ten7                 tensio        -1.460390        -1.753645        0.2932546         1.000000        -1.460390        -1.753645        0.2932546        0.1661344         6.019224    
 ten8                 tensio        -1.458668        -1.753645        0.2949768         1.000000        -1.458668        -1.753645        0.2949768        0.1661344         6.019224    
 ten9                 tensio        -1.462113        -1.753645        0.2915325         1.000000        -1.462113        -1.753645        0.2915325        0.1661344         6.019224    
 ten10                tensio        -1.453502        -1.753645        0.3001433         1.000000        -1.453502        -1.753645        0.3001433        0.1661344         6.019224    
 ten11                tensio        -1.454076        -1.753645        0.2995692         1.000000        -1.454076        -1.753645        0.2995692        0.1661344         6.019224    
 ten12                tensio        -1.451780        -1.753645        0.3018654         1.000000        -1.451780        -1.753645        0.3018654        0.1661344         6.019224    
 ten13                tensio        -1.452354        -1.753645        0.3012914         1.000000        -1.452354        -1.753645        0.3012914        0.1661344         6.019224    
 ten14                tensio        -1.458668        -1.753645        0.2949768         1.000000        -1.458668        -1.753645        0.2949768        0.1661344         6.019224    
 ten15                tensio        -1.452354        -1.753645        0.3012914         1.000000        -1.452354        -1.753645        0.3012914        0.1661344         6.019224    
 ten16                tensio        -1.448909        -1.753645        0.3047357         1.000000        -1.448909        -1.753645        0.3047357        0.1661344         6.019224    
 ten17                tensio        -1.449483        -1.753645        0.3041616         1.000000        -1.449483        -1.753645        0.3041616        0.1661344         6.019224    
 ten18                tensio        -1.430540        -1.753645        0.3231054         1.000000        -1.430540        -1.753645        0.3231054        0.1661344         6.019224    
 ten19                tensio        -1.404133        -1.753645        0.3495118         1.000000        -1.404133        -1.753645        0.3495118        0.1661344         6.019224    
 ten20                tensio        -1.320321        -1.753645        0.4333235         1.000000        -1.320321        -1.753645        0.4333235        0.1661344         6.019224    
 ten21                tensio        -1.060276        -1.125176        6.4900455E-02     1.000000        -1.060276        -1.125176        6.4900455E-02    0.1661344         6.019224    
 ten22                tensio       -0.7824340        -1.001670        0.2192360         1.000000       -0.7824340        -1.001670        0.2192360        0.1661344         6.019224    
 ten23                tensio       -0.7169920       -0.9481770        0.2311850         1.000000       -0.7169920       -0.9481770        0.2311850        0.1661344         6.019224    
 ten24                tensio       -0.7112514       -0.9481770        0.2369256         1.000000       -0.7112514       -0.9481770        0.2369256        0.1661344         6.019224    
 ten25                tensio       -0.7123995       -0.9481770        0.2357775         1.000000       -0.7123995       -0.9481770        0.2357775        0.1661344         6.019224    
 ten26                tensio       -0.7152698       -0.9481770        0.2329072         1.000000       -0.7152698       -0.9481770        0.2329072        0.1661344         6.019224    
 ten27                tensio       -0.7169920       -0.9518010        0.2348090         1.000000       -0.7169920       -0.9518010        0.2348090        0.1661344         6.019224    
 ten28                tensio       -0.7307692       -0.9518010        0.2210318         1.000000       -0.7307692       -0.9518010        0.2210318        0.1661344         6.019224    
 ten29                tensio       -0.7669346       -0.9518010        0.1848664         1.000000       -0.7669346       -0.9518010        0.1848664        0.1661344         6.019224    
 ten30                tensio       -0.7887486       -0.9554530        0.1667044         1.000000       -0.7887486       -0.9554530        0.1667044        0.1661344         6.019224    
 ten31                tensio       -0.8088404       -0.9554530        0.1466126         1.000000       -0.8088404       -0.9554530        0.1466126        0.1661344         6.019224    
 ten32                tensio       -0.8283582       -0.9554530        0.1270948         1.000000       -0.8283582       -0.9554530        0.1270948        0.1661344         6.019224    
 ten33                tensio       -0.8467279       -0.9591340        0.1124061         1.000000       -0.8467279       -0.9591340        0.1124061        0.1661344         6.019224    
 ten34                tensio       -0.8639495       -0.9591340        9.5184517E-02     1.000000       -0.8639495       -0.9591340        9.5184517E-02    0.1661344         6.019224    
 ten35                tensio       -0.8828932       -0.9591340        7.6240774E-02     1.000000       -0.8828932       -0.9591340        7.6240774E-02    0.1661344         6.019224    
 ten36                tensio       -0.8960964       -0.9628450        6.6748559E-02     1.000000       -0.8960964       -0.9628450        6.6748559E-02    0.1661344         6.019224    
 ten37                tensio       -0.9064294       -0.9628450        5.6415608E-02     1.000000       -0.9064294       -0.9628450        5.6415608E-02    0.1661344         6.019224    
 ten38                tensio       -0.9173364       -0.9628450        4.5508605E-02     1.000000       -0.9173364       -0.9628450        4.5508605E-02    0.1661344         6.019224    
 ten39                tensio       -0.9282434       -0.9665860        3.8342602E-02     1.000000       -0.9282434       -0.9665860        3.8342602E-02    0.1661344         6.019224    
 ten40                tensio       -0.9380023       -0.9665860        2.8583704E-02     1.000000       -0.9380023       -0.9665860        2.8583704E-02    0.1661344         6.019224    
 ten41                tensio       -0.9477612       -0.9665860        1.8824806E-02     1.000000       -0.9477612       -0.9665860        1.8824806E-02    0.1661344         6.019224    
 ten42                tensio       -0.9552239       -0.9703580        1.5134119E-02     1.000000       -0.9552239       -0.9703580        1.5134119E-02    0.1661344         6.019224    
 ten43                tensio       -0.9632606       -0.9703580        7.0973800E-03     1.000000       -0.9632606       -0.9703580        7.0973800E-03    0.1661344         6.019224    
 ten44                tensio       -0.9712974       -0.9741600        2.8626406E-03     1.000000       -0.9712974       -0.9741600        2.8626406E-03    0.1661344         6.019224    
 ten45                tensio       -0.9799082       -0.9741600       -5.7481515E-03     1.000000       -0.9799082       -0.9741600       -5.7481515E-03    0.1661344         6.019224    
 ten46                tensio       -0.9862227       -0.9741600       -1.2062732E-02     1.000000       -0.9862227       -0.9741600       -1.2062732E-02    0.1661344         6.019224    
 ten47                tensio       -0.9936854       -0.9779930       -1.5692419E-02     1.000000       -0.9936854       -0.9779930       -1.5692419E-02    0.1661344         6.019224    
 ten48                tensio        -1.000574       -0.9779930       -2.2581053E-02     1.000000        -1.000574       -0.9779930       -2.2581053E-02    0.1661344         6.019224    
 ten49                tensio        -1.006889       -0.9818580       -2.5030634E-02     1.000000        -1.006889       -0.9818580       -2.5030634E-02    0.1661344         6.019224    
 ten50                tensio        -1.013203       -0.9818580       -3.1345215E-02     1.000000        -1.013203       -0.9818580       -3.1345215E-02    0.1661344         6.019224    
 ten51                tensio        -1.020092       -0.9857550       -3.4336848E-02     1.000000        -1.020092       -0.9857550       -3.4336848E-02    0.1661344         6.019224    
 ten52                tensio        -1.025832       -0.9936460       -3.2186377E-02     1.000000        -1.025832       -0.9936460       -3.2186377E-02    0.1661344         6.019224    
 ten53                tensio        -1.030999        -1.001670       -2.9328852E-02     1.000000        -1.030999        -1.001670       -2.9328852E-02    0.1661344         6.019224    
 ten54                tensio        -1.035591        -1.009832       -2.5759274E-02     1.000000        -1.035591        -1.009832       -2.5759274E-02    0.1661344         6.019224    
 ten55                tensio        -1.039610        -1.018135       -2.1474644E-02     1.000000        -1.039610        -1.018135       -2.1474644E-02    0.1661344         6.019224    
 ten56                tensio        -1.044202        -1.022340       -2.1862067E-02     1.000000        -1.044202        -1.022340       -2.1862067E-02    0.1661344         6.019224    
 ten57                tensio        -1.049943        -1.030861       -1.9081595E-02     1.000000        -1.049943        -1.030861       -1.9081595E-02    0.1661344         6.019224    
 ten58                tensio        -1.052813        -1.039534       -1.3278859E-02     1.000000        -1.052813        -1.039534       -1.3278859E-02    0.1661344         6.019224    
 ten59                tensio        -1.056257        -1.043928       -1.2329176E-02     1.000000        -1.056257        -1.043928       -1.2329176E-02    0.1661344         6.019224    
 ten60                tensio        -1.060850        -1.052835       -8.0145982E-03     1.000000        -1.060850        -1.052835       -8.0145982E-03    0.1661344         6.019224    
 ten61                tensio        -1.063720        -1.057350       -6.3698622E-03     1.000000        -1.063720        -1.057350       -6.3698622E-03    0.1661344         6.019224    
 ten62                tensio        -1.068312        -1.061905       -6.4072847E-03     1.000000        -1.068312        -1.061905       -6.4072847E-03    0.1661344         6.019224    
 ten63                tensio        -1.072331        -1.071142       -1.1886544E-03     1.000000        -1.072331        -1.071142       -1.1886544E-03    0.1661344         6.019224    
 ten64                tensio        -1.075775        -1.075825        5.0028700E-05     1.000000        -1.075775        -1.075825        5.0028700E-05    0.1661344         6.019224    
 ten65                tensio        -1.078071        -1.080552        2.4808174E-03     1.000000        -1.078071        -1.080552        2.4808174E-03    0.1661344         6.019224    
 ten66                tensio        -1.082090        -1.085323        3.2334478E-03     1.000000        -1.082090        -1.085323        3.2334478E-03    0.1661344         6.019224    
 ten67                tensio        -1.085534        -1.090139        4.6051309E-03     1.000000        -1.085534        -1.090139        4.6051309E-03    0.1661344         6.019224    
 ten68                tensio        -1.088404        -1.095001        6.5968668E-03     1.000000        -1.088404        -1.095001        6.5968668E-03    0.1661344         6.019224    
 ten69                tensio        -1.091274        -1.104866        1.3591603E-02     1.000000        -1.091274        -1.104866        1.3591603E-02    0.1661344         6.019224    
 ten70                tensio        -1.092423        -1.109869        1.7446497E-02     1.000000        -1.092423        -1.109869        1.7446497E-02    0.1661344         6.019224    
 ten71                tensio        -1.097015        -1.114922        1.7907075E-02     1.000000        -1.097015        -1.114922        1.7907075E-02    0.1661344         6.019224    
 ten72                tensio        -1.100459        -1.120023        1.9563758E-02     1.000000        -1.100459        -1.120023        1.9563758E-02    0.1661344         6.019224    
 ten73                tensio        -1.102181        -1.125176        2.2994599E-02     1.000000        -1.102181        -1.125176        2.2994599E-02    0.1661344         6.019224    
 ten74                tensio        -1.105052        -1.125176        2.0124335E-02     1.000000        -1.105052        -1.125176        2.0124335E-02    0.1661344         6.019224    
 ten75                tensio        -1.107348        -1.130379        2.3031124E-02     1.000000        -1.107348        -1.130379        2.3031124E-02    0.1661344         6.019224    
 ten76                tensio        -1.109644        -1.135634        2.5989913E-02     1.000000        -1.109644        -1.135634        2.5989913E-02    0.1661344         6.019224    
 ten77                tensio        -1.113088        -1.140942        2.7853596E-02     1.000000        -1.113088        -1.140942        2.7853596E-02    0.1661344         6.019224    
 ten78                tensio        -1.114237        -1.146303        3.2066490E-02     1.000000        -1.114237        -1.146303        3.2066490E-02    0.1661344         6.019224    
 ten79                tensio        -1.117107        -1.151719        3.4612226E-02     1.000000        -1.117107        -1.151719        3.4612226E-02    0.1661344         6.019224    
 ten80                tensio        -1.120551        -1.157190        3.6638909E-02     1.000000        -1.120551        -1.157190        3.6638909E-02    0.1661344         6.019224    
 ten81                tensio        -1.122847        -1.157190        3.4342698E-02     1.000000        -1.122847        -1.157190        3.4342698E-02    0.1661344         6.019224    
 ten82                tensio        -1.125144        -1.162717        3.7573487E-02     1.000000        -1.125144        -1.162717        3.7573487E-02    0.1661344         6.019224    
 ten83                tensio        -1.128014        -1.168302        4.0288223E-02     1.000000        -1.128014        -1.168302        4.0288223E-02    0.1661344         6.019224    
 ten84                tensio        -1.130310        -1.173945        4.3635011E-02     1.000000        -1.130310        -1.173945        4.3635011E-02    0.1661344         6.019224    
 ten85                tensio        -1.131458        -1.173945        4.2486906E-02     1.000000        -1.131458        -1.173945        4.2486906E-02    0.1661344         6.019224    
 ten86                tensio        -1.135476        -1.179647        4.4170536E-02     1.000000        -1.135476        -1.179647        4.4170536E-02    0.1661344         6.019224    
 ten87                tensio        -1.137199        -1.185409        4.8210378E-02     1.000000        -1.137199        -1.185409        4.8210378E-02    0.1661344         6.019224    
 ten88                tensio        -1.137773        -1.185409        4.7636325E-02     1.000000        -1.137773        -1.185409        4.7636325E-02    0.1661344         6.019224    
 ten89                tensio        -1.139495        -1.191232        5.1737166E-02     1.000000        -1.139495        -1.191232        5.1737166E-02    0.1661344         6.019224    
 ten90                tensio        -1.142939        -1.197118        5.4178850E-02     1.000000        -1.142939        -1.197118        5.4178850E-02    0.1661344         6.019224    
 ten91                tensio        -1.144661        -1.197118        5.2456691E-02     1.000000        -1.144661        -1.197118        5.2456691E-02    0.1661344         6.019224    
 ten92                tensio        -1.146958        -1.203067        5.6109480E-02     1.000000        -1.146958        -1.203067        5.6109480E-02    0.1661344         6.019224    
 ten93                tensio        -1.148106        -1.203067        5.4961374E-02     1.000000        -1.148106        -1.203067        5.4961374E-02    0.1661344         6.019224    
 ten94                tensio        -1.150402        -1.209080        5.8678163E-02     1.000000        -1.150402        -1.209080        5.8678163E-02    0.1661344         6.019224    
 ten95                tensio        -1.157290        -1.215159        5.7868529E-02     1.000000        -1.157290        -1.215159        5.7868529E-02    0.1661344         6.019224    
 ten96                tensio        -1.153846        -1.215159        6.1312846E-02     1.000000        -1.153846        -1.215159        6.1312846E-02    0.1661344         6.019224    
