 Name                 Group          Measured         Modelled         Residual         Weight       Weight*Measured    Weight*Modelled  Weight*Residual  Measurement_sd   Natural_weight
 ten1                 tensio        -1.464409        -1.752861        0.2884523         1.000000        -1.464409        -1.752861        0.2884523        0.1684686         5.935826    
 ten2                 tensio        -1.460964        -1.752861        0.2918966         1.000000        -1.460964        -1.752861        0.2918966        0.1684686         5.935826    
 ten3                 tensio        -1.458668        -1.752861        0.2941928         1.000000        -1.458668        -1.752861        0.2941928        0.1684686         5.935826    
 ten4                 tensio        -1.459816        -1.752861        0.2930447         1.000000        -1.459816        -1.752861        0.2930447        0.1684686         5.935826    
 ten5                 tensio        -1.456946        -1.752861        0.2959150         1.000000        -1.456946        -1.752861        0.2959150        0.1684686         5.935826    
 ten6                 tensio        -1.461538        -1.752861        0.2913225         1.000000        -1.461538        -1.752861        0.2913225        0.1684686         5.935826    
 ten7                 tensio        -1.460390        -1.752861        0.2924706         1.000000        -1.460390        -1.752861        0.2924706        0.1684686         5.935826    
 ten8                 tensio        -1.458668        -1.752861        0.2941928         1.000000        -1.458668        -1.752861        0.2941928        0.1684686         5.935826    
 ten9                 tensio        -1.462113        -1.752861        0.2907485         1.000000        -1.462113        -1.752861        0.2907485        0.1684686         5.935826    
 ten10                tensio        -1.453502        -1.752861        0.2993593         1.000000        -1.453502        -1.752861        0.2993593        0.1684686         5.935826    
 ten11                tensio        -1.454076        -1.752861        0.2987852         1.000000        -1.454076        -1.752861        0.2987852        0.1684686         5.935826    
 ten12                tensio        -1.451780        -1.752861        0.3010814         1.000000        -1.451780        -1.752861        0.3010814        0.1684686         5.935826    
 ten13                tensio        -1.452354        -1.752861        0.3005074         1.000000        -1.452354        -1.752861        0.3005074        0.1684686         5.935826    
 ten14                tensio        -1.458668        -1.752861        0.2941928         1.000000        -1.458668        -1.752861        0.2941928        0.1684686         5.935826    
 ten15                tensio        -1.452354        -1.752861        0.3005074         1.000000        -1.452354        -1.752861        0.3005074        0.1684686         5.935826    
 ten16                tensio        -1.448909        -1.752861        0.3039517         1.000000        -1.448909        -1.752861        0.3039517        0.1684686         5.935826    
 ten17                tensio        -1.449483        -1.752861        0.3033776         1.000000        -1.449483        -1.752861        0.3033776        0.1684686         5.935826    
 ten18                tensio        -1.430540        -1.752861        0.3223214         1.000000        -1.430540        -1.752861        0.3223214        0.1684686         5.935826    
 ten19                tensio        -1.404133        -1.752861        0.3487278         1.000000        -1.404133        -1.752861        0.3487278        0.1684686         5.935826    
 ten20                tensio        -1.320321        -1.752861        0.4325395         1.000000        -1.320321        -1.752861        0.4325395        0.1684686         5.935826    
 ten21                tensio        -1.060276        -1.124583        6.4307455E-02     1.000000        -1.060276        -1.124583        6.4307455E-02    0.1684686         5.935826    
 ten22                tensio       -0.7824340        -1.014973        0.2325390         1.000000       -0.7824340        -1.014973        0.2325390        0.1684686         5.935826    
 ten23                tensio       -0.7169920       -0.9571960        0.2402040         1.000000       -0.7169920       -0.9571960        0.2402040        0.1684686         5.935826    
 ten24                tensio       -0.7112514       -0.9571960        0.2459446         1.000000       -0.7112514       -0.9571960        0.2459446        0.1684686         5.935826    
 ten25                tensio       -0.7123995       -0.9571960        0.2447965         1.000000       -0.7123995       -0.9571960        0.2447965        0.1684686         5.935826    
 ten26                tensio       -0.7152698       -0.9571960        0.2419262         1.000000       -0.7152698       -0.9571960        0.2419262        0.1684686         5.935826    
 ten27                tensio       -0.7169920       -0.9608330        0.2438410         1.000000       -0.7169920       -0.9608330        0.2438410        0.1684686         5.935826    
 ten28                tensio       -0.7307692       -0.9608330        0.2300638         1.000000       -0.7307692       -0.9608330        0.2300638        0.1684686         5.935826    
 ten29                tensio       -0.7669346       -0.9608330        0.1938984         1.000000       -0.7669346       -0.9608330        0.1938984        0.1684686         5.935826    
 ten30                tensio       -0.7887486       -0.9645000        0.1757514         1.000000       -0.7887486       -0.9645000        0.1757514        0.1684686         5.935826    
 ten31                tensio       -0.8088404       -0.9645000        0.1556596         1.000000       -0.8088404       -0.9645000        0.1556596        0.1684686         5.935826    
 ten32                tensio       -0.8283582       -0.9645000        0.1361418         1.000000       -0.8283582       -0.9645000        0.1361418        0.1684686         5.935826    
 ten33                tensio       -0.8467279       -0.9681950        0.1214671         1.000000       -0.8467279       -0.9681950        0.1214671        0.1684686         5.935826    
 ten34                tensio       -0.8639495       -0.9681950        0.1042455         1.000000       -0.8639495       -0.9681950        0.1042455        0.1684686         5.935826    
 ten35                tensio       -0.8828932       -0.9681950        8.5301774E-02     1.000000       -0.8828932       -0.9681950        8.5301774E-02    0.1684686         5.935826    
 ten36                tensio       -0.8960964       -0.9719200        7.5823559E-02     1.000000       -0.8960964       -0.9719200        7.5823559E-02    0.1684686         5.935826    
 ten37                tensio       -0.9064294       -0.9719200        6.5490608E-02     1.000000       -0.9064294       -0.9719200        6.5490608E-02    0.1684686         5.935826    
 ten38                tensio       -0.9173364       -0.9719200        5.4583605E-02     1.000000       -0.9173364       -0.9719200        5.4583605E-02    0.1684686         5.935826    
 ten39                tensio       -0.9282434       -0.9756760        4.7432602E-02     1.000000       -0.9282434       -0.9756760        4.7432602E-02    0.1684686         5.935826    
 ten40                tensio       -0.9380023       -0.9756760        3.7673704E-02     1.000000       -0.9380023       -0.9756760        3.7673704E-02    0.1684686         5.935826    
 ten41                tensio       -0.9477612       -0.9756760        2.7914806E-02     1.000000       -0.9477612       -0.9756760        2.7914806E-02    0.1684686         5.935826    
 ten42                tensio       -0.9552239       -0.9794620        2.4238119E-02     1.000000       -0.9552239       -0.9794620        2.4238119E-02    0.1684686         5.935826    
 ten43                tensio       -0.9632606       -0.9794620        1.6201380E-02     1.000000       -0.9632606       -0.9794620        1.6201380E-02    0.1684686         5.935826    
 ten44                tensio       -0.9712974       -0.9832780        1.1980641E-02     1.000000       -0.9712974       -0.9832780        1.1980641E-02    0.1684686         5.935826    
 ten45                tensio       -0.9799082       -0.9832780        3.3698484E-03     1.000000       -0.9799082       -0.9832780        3.3698484E-03    0.1684686         5.935826    
 ten46                tensio       -0.9862227       -0.9871260        9.0326751E-04     1.000000       -0.9862227       -0.9871260        9.0326751E-04    0.1684686         5.935826    
 ten47                tensio       -0.9936854       -0.9871260       -6.5594191E-03     1.000000       -0.9936854       -0.9871260       -6.5594191E-03    0.1684686         5.935826    
 ten48                tensio        -1.000574       -0.9871260       -1.3448053E-02     1.000000        -1.000574       -0.9871260       -1.3448053E-02    0.1684686         5.935826    
 ten49                tensio        -1.006889       -0.9910060       -1.5882634E-02     1.000000        -1.006889       -0.9910060       -1.5882634E-02    0.1684686         5.935826    
 ten50                tensio        -1.013203       -0.9910060       -2.2197215E-02     1.000000        -1.013203       -0.9910060       -2.2197215E-02    0.1684686         5.935826    
 ten51                tensio        -1.020092       -0.9988620       -2.1229848E-02     1.000000        -1.020092       -0.9988620       -2.1229848E-02    0.1684686         5.935826    
 ten52                tensio        -1.025832        -1.006850       -1.8982377E-02     1.000000        -1.025832        -1.006850       -1.8982377E-02    0.1684686         5.935826    
 ten53                tensio        -1.030999        -1.014973       -1.6025852E-02     1.000000        -1.030999        -1.014973       -1.6025852E-02    0.1684686         5.935826    
 ten54                tensio        -1.035591        -1.023236       -1.2355274E-02     1.000000        -1.035591        -1.023236       -1.2355274E-02    0.1684686         5.935826    
 ten55                tensio        -1.039610        -1.027421       -1.2188644E-02     1.000000        -1.039610        -1.027421       -1.2188644E-02    0.1684686         5.935826    
 ten56                tensio        -1.044202        -1.035901       -8.3010666E-03     1.000000        -1.044202        -1.035901       -8.3010666E-03    0.1684686         5.935826    
 ten57                tensio        -1.049943        -1.044530       -5.4125947E-03     1.000000        -1.049943        -1.044530       -5.4125947E-03    0.1684686         5.935826    
 ten58                tensio        -1.052813        -1.048902       -3.9108588E-03     1.000000        -1.052813        -1.048902       -3.9108588E-03    0.1684686         5.935826    
 ten59                tensio        -1.056257        -1.057764        1.5068243E-03     1.000000        -1.056257        -1.057764        1.5068243E-03    0.1684686         5.935826    
 ten60                tensio        -1.060850        -1.062255        1.4054018E-03     1.000000        -1.060850        -1.062255        1.4054018E-03    0.1684686         5.935826    
 ten61                tensio        -1.063720        -1.066787        3.0671378E-03     1.000000        -1.063720        -1.066787        3.0671378E-03    0.1684686         5.935826    
 ten62                tensio        -1.068312        -1.075975        7.6627153E-03     1.000000        -1.068312        -1.075975        7.6627153E-03    0.1684686         5.935826    
 ten63                tensio        -1.072331        -1.080633        8.3023456E-03     1.000000        -1.072331        -1.080633        8.3023456E-03    0.1684686         5.935826    
 ten64                tensio        -1.075775        -1.085334        9.5590287E-03     1.000000        -1.075775        -1.085334        9.5590287E-03    0.1684686         5.935826    
 ten65                tensio        -1.078071        -1.094869        1.6797817E-02     1.000000        -1.078071        -1.094869        1.6797817E-02    0.1684686         5.935826    
 ten66                tensio        -1.082090        -1.099704        1.7614448E-02     1.000000        -1.082090        -1.099704        1.7614448E-02    0.1684686         5.935826    
 ten67                tensio        -1.085534        -1.104585        1.9051131E-02     1.000000        -1.085534        -1.104585        1.9051131E-02    0.1684686         5.935826    
 ten68                tensio        -1.088404        -1.109513        2.1108867E-02     1.000000        -1.088404        -1.109513        2.1108867E-02    0.1684686         5.935826    
 ten69                tensio        -1.091274        -1.114488        2.3213603E-02     1.000000        -1.091274        -1.114488        2.3213603E-02    0.1684686         5.935826    
 ten70                tensio        -1.092423        -1.119511        2.7088497E-02     1.000000        -1.092423        -1.119511        2.7088497E-02    0.1684686         5.935826    
 ten71                tensio        -1.097015        -1.124583        2.7568075E-02     1.000000        -1.097015        -1.124583        2.7568075E-02    0.1684686         5.935826    
 ten72                tensio        -1.100459        -1.129705        2.9245758E-02     1.000000        -1.100459        -1.129705        2.9245758E-02    0.1684686         5.935826    
 ten73                tensio        -1.102181        -1.134878        3.2696599E-02     1.000000        -1.102181        -1.134878        3.2696599E-02    0.1684686         5.935826    
 ten74                tensio        -1.105052        -1.140101        3.5049335E-02     1.000000        -1.105052        -1.140101        3.5049335E-02    0.1684686         5.935826    
 ten75                tensio        -1.107348        -1.145377        3.8029124E-02     1.000000        -1.107348        -1.145377        3.8029124E-02    0.1684686         5.935826    
 ten76                tensio        -1.109644        -1.150706        4.1061913E-02     1.000000        -1.109644        -1.150706        4.1061913E-02    0.1684686         5.935826    
 ten77                tensio        -1.113088        -1.150706        3.7617596E-02     1.000000        -1.113088        -1.150706        3.7617596E-02    0.1684686         5.935826    
 ten78                tensio        -1.114237        -1.156089        4.1852490E-02     1.000000        -1.114237        -1.156089        4.1852490E-02    0.1684686         5.935826    
 ten79                tensio        -1.117107        -1.161526        4.4419226E-02     1.000000        -1.117107        -1.161526        4.4419226E-02    0.1684686         5.935826    
 ten80                tensio        -1.120551        -1.167019        4.6467909E-02     1.000000        -1.120551        -1.167019        4.6467909E-02    0.1684686         5.935826    
 ten81                tensio        -1.122847        -1.172569        4.9721698E-02     1.000000        -1.122847        -1.172569        4.9721698E-02    0.1684686         5.935826    
 ten82                tensio        -1.125144        -1.172569        4.7425487E-02     1.000000        -1.125144        -1.172569        4.7425487E-02    0.1684686         5.935826    
 ten83                tensio        -1.128014        -1.178176        5.0162223E-02     1.000000        -1.128014        -1.178176        5.0162223E-02    0.1684686         5.935826    
 ten84                tensio        -1.130310        -1.183842        5.3532011E-02     1.000000        -1.130310        -1.183842        5.3532011E-02    0.1684686         5.935826    
 ten85                tensio        -1.131458        -1.189567        5.8108906E-02     1.000000        -1.131458        -1.189567        5.8108906E-02    0.1684686         5.935826    
 ten86                tensio        -1.135476        -1.189567        5.4090536E-02     1.000000        -1.135476        -1.189567        5.4090536E-02    0.1684686         5.935826    
 ten87                tensio        -1.137199        -1.195353        5.8154378E-02     1.000000        -1.137199        -1.195353        5.8154378E-02    0.1684686         5.935826    
 ten88                tensio        -1.137773        -1.201200        6.3427325E-02     1.000000        -1.137773        -1.201200        6.3427325E-02    0.1684686         5.935826    
 ten89                tensio        -1.139495        -1.201200        6.1705166E-02     1.000000        -1.139495        -1.201200        6.1705166E-02    0.1684686         5.935826    
 ten90                tensio        -1.142939        -1.207109        6.4169850E-02     1.000000        -1.142939        -1.207109        6.4169850E-02    0.1684686         5.935826    
 ten91                tensio        -1.144661        -1.213083        6.8421691E-02     1.000000        -1.144661        -1.213083        6.8421691E-02    0.1684686         5.935826    
 ten92                tensio        -1.146958        -1.213083        6.6125480E-02     1.000000        -1.146958        -1.213083        6.6125480E-02    0.1684686         5.935826    
 ten93                tensio        -1.148106        -1.219121        7.1015374E-02     1.000000        -1.148106        -1.219121        7.1015374E-02    0.1684686         5.935826    
 ten94                tensio        -1.150402        -1.219121        6.8719163E-02     1.000000        -1.150402        -1.219121        6.8719163E-02    0.1684686         5.935826    
 ten95                tensio        -1.157290        -1.225225        6.7934529E-02     1.000000        -1.157290        -1.225225        6.7934529E-02    0.1684686         5.935826    
 ten96                tensio        -1.153846        -1.231396        7.7549846E-02     1.000000        -1.153846        -1.231396        7.7549846E-02    0.1684686         5.935826    
