single point
 thetar        9.9999998E-03    1.00000        0.00000    
 thetas        0.4014141        1.00000        0.00000    
 alpha          3.509221        1.00000        0.00000    
 n              2.203891        1.00000        0.00000    
 ksat          8.6139474E-04    1.00000        0.00000    
 l             0.5000000        1.00000        0.00000    
 ihead          150.2257        1.00000        0.00000    
 start          300.0000        1.00000        0.00000    
 inten          4.000000        1.00000        0.00000    
 durat          60.00000        1.00000        0.00000    
 pulse          30.80462        1.00000        0.00000    
