 Name                 Group          Measured         Modelled         Residual         Weight       Weight*Measured    Weight*Modelled  Weight*Residual  Measurement_sd   Natural_weight
 ten1                 tensio        -1.464409        -1.753232        0.2888233         1.000000        -1.464409        -1.753232        0.2888233        0.1812766         5.516431    
 ten2                 tensio        -1.460964        -1.753232        0.2922676         1.000000        -1.460964        -1.753232        0.2922676        0.1812766         5.516431    
 ten3                 tensio        -1.458668        -1.753232        0.2945638         1.000000        -1.458668        -1.753232        0.2945638        0.1812766         5.516431    
 ten4                 tensio        -1.459816        -1.753232        0.2934157         1.000000        -1.459816        -1.753232        0.2934157        0.1812766         5.516431    
 ten5                 tensio        -1.456946        -1.753232        0.2962860         1.000000        -1.456946        -1.753232        0.2962860        0.1812766         5.516431    
 ten6                 tensio        -1.461538        -1.753232        0.2916935         1.000000        -1.461538        -1.753232        0.2916935        0.1812766         5.516431    
 ten7                 tensio        -1.460390        -1.753232        0.2928416         1.000000        -1.460390        -1.753232        0.2928416        0.1812766         5.516431    
 ten8                 tensio        -1.458668        -1.753232        0.2945638         1.000000        -1.458668        -1.753232        0.2945638        0.1812766         5.516431    
 ten9                 tensio        -1.462113        -1.753232        0.2911195         1.000000        -1.462113        -1.753232        0.2911195        0.1812766         5.516431    
 ten10                tensio        -1.453502        -1.753232        0.2997303         1.000000        -1.453502        -1.753232        0.2997303        0.1812766         5.516431    
 ten11                tensio        -1.454076        -1.753232        0.2991562         1.000000        -1.454076        -1.753232        0.2991562        0.1812766         5.516431    
 ten12                tensio        -1.451780        -1.753232        0.3014524         1.000000        -1.451780        -1.753232        0.3014524        0.1812766         5.516431    
 ten13                tensio        -1.452354        -1.753232        0.3008784         1.000000        -1.452354        -1.753232        0.3008784        0.1812766         5.516431    
 ten14                tensio        -1.458668        -1.753232        0.2945638         1.000000        -1.458668        -1.753232        0.2945638        0.1812766         5.516431    
 ten15                tensio        -1.452354        -1.753232        0.3008784         1.000000        -1.452354        -1.753232        0.3008784        0.1812766         5.516431    
 ten16                tensio        -1.448909        -1.753232        0.3043227         1.000000        -1.448909        -1.753232        0.3043227        0.1812766         5.516431    
 ten17                tensio        -1.449483        -1.753232        0.3037486         1.000000        -1.449483        -1.753232        0.3037486        0.1812766         5.516431    
 ten18                tensio        -1.430540        -1.753232        0.3226924         1.000000        -1.430540        -1.753232        0.3226924        0.1812766         5.516431    
 ten19                tensio        -1.404133        -1.753232        0.3490988         1.000000        -1.404133        -1.753232        0.3490988        0.1812766         5.516431    
 ten20                tensio        -1.320321        -1.753232        0.4329105         1.000000        -1.320321        -1.753232        0.4329105        0.1812766         5.516431    
 ten21                tensio        -1.060276        -1.138647        7.8371455E-02     1.000000        -1.060276        -1.138647        7.8371455E-02    0.1812766         5.516431    
 ten22                tensio       -0.7824340        -1.042796        0.2603620         1.000000       -0.7824340        -1.042796        0.2603620        0.1812766         5.516431    
 ten23                tensio       -0.7169920       -0.9916400        0.2746480         1.000000       -0.7169920       -0.9916400        0.2746480        0.1812766         5.516431    
 ten24                tensio       -0.7112514       -0.9916400        0.2803886         1.000000       -0.7112514       -0.9916400        0.2803886        0.1812766         5.516431    
 ten25                tensio       -0.7123995       -0.9916400        0.2792405         1.000000       -0.7123995       -0.9916400        0.2792405        0.1812766         5.516431    
 ten26                tensio       -0.7152698       -0.9916400        0.2763702         1.000000       -0.7152698       -0.9916400        0.2763702        0.1812766         5.516431    
 ten27                tensio       -0.7169920       -0.9953850        0.2783930         1.000000       -0.7169920       -0.9953850        0.2783930        0.1812766         5.516431    
 ten28                tensio       -0.7307692       -0.9953850        0.2646158         1.000000       -0.7307692       -0.9953850        0.2646158        0.1812766         5.516431    
 ten29                tensio       -0.7669346       -0.9953850        0.2284504         1.000000       -0.7669346       -0.9953850        0.2284504        0.1812766         5.516431    
 ten30                tensio       -0.7887486       -0.9991610        0.2104124         1.000000       -0.7887486       -0.9991610        0.2104124        0.1812766         5.516431    
 ten31                tensio       -0.8088404       -0.9991610        0.1903206         1.000000       -0.8088404       -0.9991610        0.1903206        0.1812766         5.516431    
 ten32                tensio       -0.8283582       -0.9991610        0.1708028         1.000000       -0.8283582       -0.9991610        0.1708028        0.1812766         5.516431    
 ten33                tensio       -0.8467279        -1.002967        0.1562391         1.000000       -0.8467279        -1.002967        0.1562391        0.1812766         5.516431    
 ten34                tensio       -0.8639495        -1.002967        0.1390175         1.000000       -0.8639495        -1.002967        0.1390175        0.1812766         5.516431    
 ten35                tensio       -0.8828932        -1.002967        0.1200738         1.000000       -0.8828932        -1.002967        0.1200738        0.1812766         5.516431    
 ten36                tensio       -0.8960964        -1.006804        0.1107076         1.000000       -0.8960964        -1.006804        0.1107076        0.1812766         5.516431    
 ten37                tensio       -0.9064294        -1.006804        0.1003746         1.000000       -0.9064294        -1.006804        0.1003746        0.1812766         5.516431    
 ten38                tensio       -0.9173364        -1.006804        8.9467605E-02     1.000000       -0.9173364        -1.006804        8.9467605E-02    0.1812766         5.516431    
 ten39                tensio       -0.9282434        -1.010672        8.2428602E-02     1.000000       -0.9282434        -1.010672        8.2428602E-02    0.1812766         5.516431    
 ten40                tensio       -0.9380023        -1.010672        7.2669704E-02     1.000000       -0.9380023        -1.010672        7.2669704E-02    0.1812766         5.516431    
 ten41                tensio       -0.9477612        -1.010672        6.2910806E-02     1.000000       -0.9477612        -1.010672        6.2910806E-02    0.1812766         5.516431    
 ten42                tensio       -0.9552239        -1.014572        5.9348119E-02     1.000000       -0.9552239        -1.014572        5.9348119E-02    0.1812766         5.516431    
 ten43                tensio       -0.9632606        -1.014572        5.1311380E-02     1.000000       -0.9632606        -1.014572        5.1311380E-02    0.1812766         5.516431    
 ten44                tensio       -0.9712974        -1.018504        4.7206641E-02     1.000000       -0.9712974        -1.018504        4.7206641E-02    0.1812766         5.516431    
 ten45                tensio       -0.9799082        -1.018504        3.8595848E-02     1.000000       -0.9799082        -1.018504        3.8595848E-02    0.1812766         5.516431    
 ten46                tensio       -0.9862227        -1.018504        3.2281268E-02     1.000000       -0.9862227        -1.018504        3.2281268E-02    0.1812766         5.516431    
 ten47                tensio       -0.9936854        -1.022468        2.8782581E-02     1.000000       -0.9936854        -1.022468        2.8782581E-02    0.1812766         5.516431    
 ten48                tensio        -1.000574        -1.022468        2.1893947E-02     1.000000        -1.000574        -1.022468        2.1893947E-02    0.1812766         5.516431    
 ten49                tensio        -1.006889        -1.026466        1.9577366E-02     1.000000        -1.006889        -1.026466        1.9577366E-02    0.1812766         5.516431    
 ten50                tensio        -1.013203        -1.026466        1.3262785E-02     1.000000        -1.013203        -1.026466        1.3262785E-02    0.1812766         5.516431    
 ten51                tensio        -1.020092        -1.030497        1.0405152E-02     1.000000        -1.020092        -1.030497        1.0405152E-02    0.1812766         5.516431    
 ten52                tensio        -1.025832        -1.038662        1.2829623E-02     1.000000        -1.025832        -1.038662        1.2829623E-02    0.1812766         5.516431    
 ten53                tensio        -1.030999        -1.046966        1.5967148E-02     1.000000        -1.030999        -1.046966        1.5967148E-02    0.1812766         5.516431    
 ten54                tensio        -1.035591        -1.055414        1.9822726E-02     1.000000        -1.035591        -1.055414        1.9822726E-02    0.1812766         5.516431    
 ten55                tensio        -1.039610        -1.064010        2.4400356E-02     1.000000        -1.039610        -1.064010        2.4400356E-02    0.1812766         5.516431    
 ten56                tensio        -1.044202        -1.072758        2.8555933E-02     1.000000        -1.044202        -1.072758        2.8555933E-02    0.1812766         5.516431    
 ten57                tensio        -1.049943        -1.077190        2.7247405E-02     1.000000        -1.049943        -1.077190        2.7247405E-02    0.1812766         5.516431    
 ten58                tensio        -1.052813        -1.086175        3.3362141E-02     1.000000        -1.052813        -1.086175        3.3362141E-02    0.1812766         5.516431    
 ten59                tensio        -1.056257        -1.090728        3.4470824E-02     1.000000        -1.056257        -1.090728        3.4470824E-02    0.1812766         5.516431    
 ten60                tensio        -1.060850        -1.099959        3.9109402E-02     1.000000        -1.060850        -1.099959        3.9109402E-02    0.1812766         5.516431    
 ten61                tensio        -1.063720        -1.104638        4.0918138E-02     1.000000        -1.063720        -1.104638        4.0918138E-02    0.1812766         5.516431    
 ten62                tensio        -1.068312        -1.109361        4.1048715E-02     1.000000        -1.068312        -1.109361        4.1048715E-02    0.1812766         5.516431    
 ten63                tensio        -1.072331        -1.118940        4.6609346E-02     1.000000        -1.072331        -1.118940        4.6609346E-02    0.1812766         5.516431    
 ten64                tensio        -1.075775        -1.123796        4.8021029E-02     1.000000        -1.075775        -1.123796        4.8021029E-02    0.1812766         5.516431    
 ten65                tensio        -1.078071        -1.128699        5.0627817E-02     1.000000        -1.078071        -1.128699        5.0627817E-02    0.1812766         5.516431    
 ten66                tensio        -1.082090        -1.133649        5.1559448E-02     1.000000        -1.082090        -1.133649        5.1559448E-02    0.1812766         5.516431    
 ten67                tensio        -1.085534        -1.138647        5.3113131E-02     1.000000        -1.085534        -1.138647        5.3113131E-02    0.1812766         5.516431    
 ten68                tensio        -1.088404        -1.143692        5.5287867E-02     1.000000        -1.088404        -1.143692        5.5287867E-02    0.1812766         5.516431    
 ten69                tensio        -1.091274        -1.148787        5.7512603E-02     1.000000        -1.091274        -1.148787        5.7512603E-02    0.1812766         5.516431    
 ten70                tensio        -1.092423        -1.153932        6.1509497E-02     1.000000        -1.092423        -1.153932        6.1509497E-02    0.1812766         5.516431    
 ten71                tensio        -1.097015        -1.159127        6.2112075E-02     1.000000        -1.097015        -1.159127        6.2112075E-02    0.1812766         5.516431    
 ten72                tensio        -1.100459        -1.164374        6.3914758E-02     1.000000        -1.100459        -1.164374        6.3914758E-02    0.1812766         5.516431    
 ten73                tensio        -1.102181        -1.169672        6.7490599E-02     1.000000        -1.102181        -1.169672        6.7490599E-02    0.1812766         5.516431    
 ten74                tensio        -1.105052        -1.175025        6.9973335E-02     1.000000        -1.105052        -1.175025        6.9973335E-02    0.1812766         5.516431    
 ten75                tensio        -1.107348        -1.180431        7.3083124E-02     1.000000        -1.107348        -1.180431        7.3083124E-02    0.1812766         5.516431    
 ten76                tensio        -1.109644        -1.185892        7.6247913E-02     1.000000        -1.109644        -1.185892        7.6247913E-02    0.1812766         5.516431    
 ten77                tensio        -1.113088        -1.191408        7.8319596E-02     1.000000        -1.113088        -1.191408        7.8319596E-02    0.1812766         5.516431    
 ten78                tensio        -1.114237        -1.191408        7.7171490E-02     1.000000        -1.114237        -1.191408        7.7171490E-02    0.1812766         5.516431    
 ten79                tensio        -1.117107        -1.196982        7.9875226E-02     1.000000        -1.117107        -1.196982        7.9875226E-02    0.1812766         5.516431    
 ten80                tensio        -1.120551        -1.202613        8.2061909E-02     1.000000        -1.120551        -1.202613        8.2061909E-02    0.1812766         5.516431    
 ten81                tensio        -1.122847        -1.208303        8.5455698E-02     1.000000        -1.122847        -1.208303        8.5455698E-02    0.1812766         5.516431    
 ten82                tensio        -1.125144        -1.214053        8.8909487E-02     1.000000        -1.125144        -1.214053        8.8909487E-02    0.1812766         5.516431    
 ten83                tensio        -1.128014        -1.214053        8.6039223E-02     1.000000        -1.128014        -1.214053        8.6039223E-02    0.1812766         5.516431    
 ten84                tensio        -1.130310        -1.219863        8.9553011E-02     1.000000        -1.130310        -1.219863        8.9553011E-02    0.1812766         5.516431    
 ten85                tensio        -1.131458        -1.225735        9.4276906E-02     1.000000        -1.131458        -1.225735        9.4276906E-02    0.1812766         5.516431    
 ten86                tensio        -1.135476        -1.225735        9.0258536E-02     1.000000        -1.135476        -1.225735        9.0258536E-02    0.1812766         5.516431    
 ten87                tensio        -1.137199        -1.231669        9.4470378E-02     1.000000        -1.137199        -1.231669        9.4470378E-02    0.1812766         5.516431    
 ten88                tensio        -1.137773        -1.237668        9.9895325E-02     1.000000        -1.137773        -1.237668        9.9895325E-02    0.1812766         5.516431    
 ten89                tensio        -1.139495        -1.237668        9.8173166E-02     1.000000        -1.139495        -1.237668        9.8173166E-02    0.1812766         5.516431    
 ten90                tensio        -1.142939        -1.243732        0.1007928         1.000000        -1.142939        -1.243732        0.1007928        0.1812766         5.516431    
 ten91                tensio        -1.144661        -1.249861        0.1051997         1.000000        -1.144661        -1.249861        0.1051997        0.1812766         5.516431    
 ten92                tensio        -1.146958        -1.249861        0.1029035         1.000000        -1.146958        -1.249861        0.1029035        0.1812766         5.516431    
 ten93                tensio        -1.148106        -1.256058        0.1079524         1.000000        -1.148106        -1.256058        0.1079524        0.1812766         5.516431    
 ten94                tensio        -1.150402        -1.256058        0.1056562         1.000000        -1.150402        -1.256058        0.1056562        0.1812766         5.516431    
 ten95                tensio        -1.157290        -1.262324        0.1050335         1.000000        -1.157290        -1.262324        0.1050335        0.1812766         5.516431    
 ten96                tensio        -1.153846        -1.262324        0.1084778         1.000000        -1.153846        -1.262324        0.1084778        0.1812766         5.516431    
