 Name                 Group          Measured         Modelled         Residual         Weight       Weight*Measured    Weight*Modelled  Weight*Residual  Measurement_sd   Natural_weight
 ten1                 tensio        -1.464409        -1.742106        0.2776973         1.000000        -1.464409        -1.742106        0.2776973        0.1549221         6.454855    
 ten2                 tensio        -1.460964        -1.742106        0.2811416         1.000000        -1.460964        -1.742106        0.2811416        0.1549221         6.454855    
 ten3                 tensio        -1.458668        -1.742106        0.2834378         1.000000        -1.458668        -1.742106        0.2834378        0.1549221         6.454855    
 ten4                 tensio        -1.459816        -1.742106        0.2822897         1.000000        -1.459816        -1.742106        0.2822897        0.1549221         6.454855    
 ten5                 tensio        -1.456946        -1.742106        0.2851600         1.000000        -1.456946        -1.742106        0.2851600        0.1549221         6.454855    
 ten6                 tensio        -1.461538        -1.742106        0.2805675         1.000000        -1.461538        -1.742106        0.2805675        0.1549221         6.454855    
 ten7                 tensio        -1.460390        -1.742106        0.2817156         1.000000        -1.460390        -1.742106        0.2817156        0.1549221         6.454855    
 ten8                 tensio        -1.458668        -1.742106        0.2834378         1.000000        -1.458668        -1.742106        0.2834378        0.1549221         6.454855    
 ten9                 tensio        -1.462113        -1.742106        0.2799935         1.000000        -1.462113        -1.742106        0.2799935        0.1549221         6.454855    
 ten10                tensio        -1.453502        -1.742106        0.2886043         1.000000        -1.453502        -1.742106        0.2886043        0.1549221         6.454855    
 ten11                tensio        -1.454076        -1.742106        0.2880302         1.000000        -1.454076        -1.742106        0.2880302        0.1549221         6.454855    
 ten12                tensio        -1.451780        -1.742106        0.2903264         1.000000        -1.451780        -1.742106        0.2903264        0.1549221         6.454855    
 ten13                tensio        -1.452354        -1.742106        0.2897524         1.000000        -1.452354        -1.742106        0.2897524        0.1549221         6.454855    
 ten14                tensio        -1.458668        -1.742106        0.2834378         1.000000        -1.458668        -1.742106        0.2834378        0.1549221         6.454855    
 ten15                tensio        -1.452354        -1.742106        0.2897524         1.000000        -1.452354        -1.742106        0.2897524        0.1549221         6.454855    
 ten16                tensio        -1.448909        -1.742106        0.2931967         1.000000        -1.448909        -1.742106        0.2931967        0.1549221         6.454855    
 ten17                tensio        -1.449483        -1.742106        0.2926226         1.000000        -1.449483        -1.742106        0.2926226        0.1549221         6.454855    
 ten18                tensio        -1.430540        -1.742106        0.3115664         1.000000        -1.430540        -1.742106        0.3115664        0.1549221         6.454855    
 ten19                tensio        -1.404133        -1.742106        0.3379728         1.000000        -1.404133        -1.742106        0.3379728        0.1549221         6.454855    
 ten20                tensio        -1.320321        -1.742106        0.4217845         1.000000        -1.320321        -1.742106        0.4217845        0.1549221         6.454855    
 ten21                tensio        -1.060276        -1.078127        1.7851455E-02     1.000000        -1.060276        -1.078127        1.7851455E-02    0.1549221         6.454855    
 ten22                tensio       -0.7824340       -0.9583790        0.1759450         1.000000       -0.7824340       -0.9583790        0.1759450        0.1549221         6.454855    
 ten23                tensio       -0.7169920       -0.9116500        0.1946580         1.000000       -0.7169920       -0.9116500        0.1946580        0.1549221         6.454855    
 ten24                tensio       -0.7112514       -0.9116500        0.2003986         1.000000       -0.7112514       -0.9116500        0.2003986        0.1549221         6.454855    
 ten25                tensio       -0.7123995       -0.9116500        0.1992505         1.000000       -0.7123995       -0.9116500        0.1992505        0.1549221         6.454855    
 ten26                tensio       -0.7152698       -0.9116500        0.1963802         1.000000       -0.7152698       -0.9116500        0.1963802        0.1549221         6.454855    
 ten27                tensio       -0.7169920       -0.9150790        0.1980870         1.000000       -0.7169920       -0.9150790        0.1980870        0.1549221         6.454855    
 ten28                tensio       -0.7307692       -0.9150790        0.1843098         1.000000       -0.7307692       -0.9150790        0.1843098        0.1549221         6.454855    
 ten29                tensio       -0.7669346       -0.9150790        0.1481444         1.000000       -0.7669346       -0.9150790        0.1481444        0.1549221         6.454855    
 ten30                tensio       -0.7887486       -0.9185340        0.1297854         1.000000       -0.7887486       -0.9185340        0.1297854        0.1549221         6.454855    
 ten31                tensio       -0.8088404       -0.9185340        0.1096936         1.000000       -0.8088404       -0.9185340        0.1096936        0.1549221         6.454855    
 ten32                tensio       -0.8283582       -0.9185340        9.0175791E-02     1.000000       -0.8283582       -0.9185340        9.0175791E-02    0.1549221         6.454855    
 ten33                tensio       -0.8467279       -0.9220150        7.5287101E-02     1.000000       -0.8467279       -0.9220150        7.5287101E-02    0.1549221         6.454855    
 ten34                tensio       -0.8639495       -0.9220150        5.8065517E-02     1.000000       -0.8639495       -0.9220150        5.8065517E-02    0.1549221         6.454855    
 ten35                tensio       -0.8828932       -0.9220150        3.9121774E-02     1.000000       -0.8828932       -0.9220150        3.9121774E-02    0.1549221         6.454855    
 ten36                tensio       -0.8960964       -0.9255240        2.9427559E-02     1.000000       -0.8960964       -0.9255240        2.9427559E-02    0.1549221         6.454855    
 ten37                tensio       -0.9064294       -0.9255240        1.9094608E-02     1.000000       -0.9064294       -0.9255240        1.9094608E-02    0.1549221         6.454855    
 ten38                tensio       -0.9173364       -0.9290600        1.1723605E-02     1.000000       -0.9173364       -0.9290600        1.1723605E-02    0.1549221         6.454855    
 ten39                tensio       -0.9282434       -0.9290600        8.1660161E-04     1.000000       -0.9282434       -0.9290600        8.1660161E-04    0.1549221         6.454855    
 ten40                tensio       -0.9380023       -0.9290600       -8.9422962E-03     1.000000       -0.9380023       -0.9290600       -8.9422962E-03    0.1549221         6.454855    
 ten41                tensio       -0.9477612       -0.9326240       -1.5137194E-02     1.000000       -0.9477612       -0.9326240       -1.5137194E-02    0.1549221         6.454855    
 ten42                tensio       -0.9552239       -0.9326240       -2.2599881E-02     1.000000       -0.9552239       -0.9326240       -2.2599881E-02    0.1549221         6.454855    
 ten43                tensio       -0.9632606       -0.9362160       -2.7044620E-02     1.000000       -0.9632606       -0.9362160       -2.7044620E-02    0.1549221         6.454855    
 ten44                tensio       -0.9712974       -0.9362160       -3.5081359E-02     1.000000       -0.9712974       -0.9362160       -3.5081359E-02    0.1549221         6.454855    
 ten45                tensio       -0.9799082       -0.9398360       -4.0072152E-02     1.000000       -0.9799082       -0.9398360       -4.0072152E-02    0.1549221         6.454855    
 ten46                tensio       -0.9862227       -0.9398360       -4.6386732E-02     1.000000       -0.9862227       -0.9398360       -4.6386732E-02    0.1549221         6.454855    
 ten47                tensio       -0.9936854       -0.9434850       -5.0200419E-02     1.000000       -0.9936854       -0.9434850       -5.0200419E-02    0.1549221         6.454855    
 ten48                tensio        -1.000574       -0.9434850       -5.7089053E-02     1.000000        -1.000574       -0.9434850       -5.7089053E-02    0.1549221         6.454855    
 ten49                tensio        -1.006889       -0.9471640       -5.9724634E-02     1.000000        -1.006889       -0.9471640       -5.9724634E-02    0.1549221         6.454855    
 ten50                tensio        -1.013203       -0.9546100       -5.8593215E-02     1.000000        -1.013203       -0.9546100       -5.8593215E-02    0.1549221         6.454855    
 ten51                tensio        -1.020092       -0.9660090       -5.4082848E-02     1.000000        -1.020092       -0.9660090       -5.4082848E-02    0.1549221         6.454855    
 ten52                tensio        -1.025832       -0.9737660       -5.2066377E-02     1.000000        -1.025832       -0.9737660       -5.2066377E-02    0.1549221         6.454855    
 ten53                tensio        -1.030999       -0.9816530       -4.9345852E-02     1.000000        -1.030999       -0.9816530       -4.9345852E-02    0.1549221         6.454855    
 ten54                tensio        -1.035591       -0.9856470       -4.9944274E-02     1.000000        -1.035591       -0.9856470       -4.9944274E-02    0.1549221         6.454855    
 ten55                tensio        -1.039610       -0.9937360       -4.5873644E-02     1.000000        -1.039610       -0.9937360       -4.5873644E-02    0.1549221         6.454855    
 ten56                tensio        -1.044202        -1.001964       -4.2238067E-02     1.000000        -1.044202        -1.001964       -4.2238067E-02    0.1549221         6.454855    
 ten57                tensio        -1.049943        -1.010335       -3.9607595E-02     1.000000        -1.049943        -1.010335       -3.9607595E-02    0.1549221         6.454855    
 ten58                tensio        -1.052813        -1.014576       -3.8236859E-02     1.000000        -1.052813        -1.014576       -3.8236859E-02    0.1549221         6.454855    
 ten59                tensio        -1.056257        -1.023170       -3.3087176E-02     1.000000        -1.056257        -1.023170       -3.3087176E-02    0.1549221         6.454855    
 ten60                tensio        -1.060850        -1.027524       -3.3325598E-02     1.000000        -1.060850        -1.027524       -3.3325598E-02    0.1549221         6.454855    
 ten61                tensio        -1.063720        -1.036351       -2.7368862E-02     1.000000        -1.063720        -1.036351       -2.7368862E-02    0.1549221         6.454855    
 ten62                tensio        -1.068312        -1.040824       -2.7488285E-02     1.000000        -1.068312        -1.040824       -2.7488285E-02    0.1549221         6.454855    
 ten63                tensio        -1.072331        -1.045338       -2.6992654E-02     1.000000        -1.072331        -1.045338       -2.6992654E-02    0.1549221         6.454855    
 ten64                tensio        -1.075775        -1.049893       -2.5881971E-02     1.000000        -1.075775        -1.049893       -2.5881971E-02    0.1549221         6.454855    
 ten65                tensio        -1.078071        -1.059130       -1.8941183E-02     1.000000        -1.078071        -1.059130       -1.8941183E-02    0.1549221         6.454855    
 ten66                tensio        -1.082090        -1.063813       -1.8276552E-02     1.000000        -1.082090        -1.063813       -1.8276552E-02    0.1549221         6.454855    
 ten67                tensio        -1.085534        -1.068539       -1.6994869E-02     1.000000        -1.085534        -1.068539       -1.6994869E-02    0.1549221         6.454855    
 ten68                tensio        -1.088404        -1.073311       -1.5093133E-02     1.000000        -1.088404        -1.073311       -1.5093133E-02    0.1549221         6.454855    
 ten69                tensio        -1.091274        -1.078127       -1.3147397E-02     1.000000        -1.091274        -1.078127       -1.3147397E-02    0.1549221         6.454855    
 ten70                tensio        -1.092423        -1.082990       -9.4325029E-03     1.000000        -1.092423        -1.082990       -9.4325029E-03    0.1549221         6.454855    
 ten71                tensio        -1.097015        -1.087899       -9.1159254E-03     1.000000        -1.097015        -1.087899       -9.1159254E-03    0.1549221         6.454855    
 ten72                tensio        -1.100459        -1.092855       -7.6042423E-03     1.000000        -1.100459        -1.092855       -7.6042423E-03    0.1549221         6.454855    
 ten73                tensio        -1.102181        -1.097859       -4.3224007E-03     1.000000        -1.102181        -1.097859       -4.3224007E-03    0.1549221         6.454855    
 ten74                tensio        -1.105052        -1.102913       -2.1386647E-03     1.000000        -1.105052        -1.102913       -2.1386647E-03    0.1549221         6.454855    
 ten75                tensio        -1.107348        -1.108016        6.6812400E-04     1.000000        -1.107348        -1.108016        6.6812400E-04    0.1549221         6.454855    
 ten76                tensio        -1.109644        -1.113169        3.5249127E-03     1.000000        -1.109644        -1.113169        3.5249127E-03    0.1549221         6.454855    
 ten77                tensio        -1.113088        -1.118374        5.2855959E-03     1.000000        -1.113088        -1.118374        5.2855959E-03    0.1549221         6.454855    
 ten78                tensio        -1.114237        -1.123630        9.3934902E-03     1.000000        -1.114237        -1.123630        9.3934902E-03    0.1549221         6.454855    
 ten79                tensio        -1.117107        -1.128940        1.1833226E-02     1.000000        -1.117107        -1.128940        1.1833226E-02    0.1549221         6.454855    
 ten80                tensio        -1.120551        -1.128940        8.3889093E-03     1.000000        -1.120551        -1.128940        8.3889093E-03    0.1549221         6.454855    
 ten81                tensio        -1.122847        -1.134303        1.1455698E-02     1.000000        -1.122847        -1.134303        1.1455698E-02    0.1549221         6.454855    
 ten82                tensio        -1.125144        -1.139720        1.4576487E-02     1.000000        -1.125144        -1.139720        1.4576487E-02    0.1549221         6.454855    
 ten83                tensio        -1.128014        -1.145194        1.7180223E-02     1.000000        -1.128014        -1.145194        1.7180223E-02    0.1549221         6.454855    
 ten84                tensio        -1.130310        -1.145194        1.4884011E-02     1.000000        -1.130310        -1.145194        1.4884011E-02    0.1549221         6.454855    
 ten85                tensio        -1.131458        -1.150723        1.9264906E-02     1.000000        -1.131458        -1.150723        1.9264906E-02    0.1549221         6.454855    
 ten86                tensio        -1.135476        -1.156310        2.0833536E-02     1.000000        -1.135476        -1.156310        2.0833536E-02    0.1549221         6.454855    
 ten87                tensio        -1.137199        -1.156310        1.9111378E-02     1.000000        -1.137199        -1.156310        1.9111378E-02    0.1549221         6.454855    
 ten88                tensio        -1.137773        -1.161956        2.4183325E-02     1.000000        -1.137773        -1.161956        2.4183325E-02    0.1549221         6.454855    
 ten89                tensio        -1.139495        -1.167660        2.8165166E-02     1.000000        -1.139495        -1.167660        2.8165166E-02    0.1549221         6.454855    
 ten90                tensio        -1.142939        -1.167660        2.4720850E-02     1.000000        -1.142939        -1.167660        2.4720850E-02    0.1549221         6.454855    
 ten91                tensio        -1.144661        -1.173425        2.8763691E-02     1.000000        -1.144661        -1.173425        2.8763691E-02    0.1549221         6.454855    
 ten92                tensio        -1.146958        -1.179251        3.2293480E-02     1.000000        -1.146958        -1.179251        3.2293480E-02    0.1549221         6.454855    
 ten93                tensio        -1.148106        -1.179251        3.1145374E-02     1.000000        -1.148106        -1.179251        3.1145374E-02    0.1549221         6.454855    
 ten94                tensio        -1.150402        -1.185140        3.4738163E-02     1.000000        -1.150402        -1.185140        3.4738163E-02    0.1549221         6.454855    
 ten95                tensio        -1.157290        -1.191092        3.3801529E-02     1.000000        -1.157290        -1.191092        3.3801529E-02    0.1549221         6.454855    
 ten96                tensio        -1.153846        -1.191092        3.7245846E-02     1.000000        -1.153846        -1.191092        3.7245846E-02    0.1549221         6.454855    
