 Name                 Group          Measured         Modelled         Residual         Weight       Weight*Measured    Weight*Modelled  Weight*Residual  Measurement_sd   Natural_weight
 ten1                 tensio        -1.464409        -1.753174        0.2887653         1.000000        -1.464409        -1.753174        0.2887653        0.1758037         5.688162    
 ten2                 tensio        -1.460964        -1.753174        0.2922096         1.000000        -1.460964        -1.753174        0.2922096        0.1758037         5.688162    
 ten3                 tensio        -1.458668        -1.753174        0.2945058         1.000000        -1.458668        -1.753174        0.2945058        0.1758037         5.688162    
 ten4                 tensio        -1.459816        -1.753174        0.2933577         1.000000        -1.459816        -1.753174        0.2933577        0.1758037         5.688162    
 ten5                 tensio        -1.456946        -1.753174        0.2962280         1.000000        -1.456946        -1.753174        0.2962280        0.1758037         5.688162    
 ten6                 tensio        -1.461538        -1.753174        0.2916355         1.000000        -1.461538        -1.753174        0.2916355        0.1758037         5.688162    
 ten7                 tensio        -1.460390        -1.753174        0.2927836         1.000000        -1.460390        -1.753174        0.2927836        0.1758037         5.688162    
 ten8                 tensio        -1.458668        -1.753174        0.2945058         1.000000        -1.458668        -1.753174        0.2945058        0.1758037         5.688162    
 ten9                 tensio        -1.462113        -1.753174        0.2910615         1.000000        -1.462113        -1.753174        0.2910615        0.1758037         5.688162    
 ten10                tensio        -1.453502        -1.753174        0.2996723         1.000000        -1.453502        -1.753174        0.2996723        0.1758037         5.688162    
 ten11                tensio        -1.454076        -1.753174        0.2990982         1.000000        -1.454076        -1.753174        0.2990982        0.1758037         5.688162    
 ten12                tensio        -1.451780        -1.753174        0.3013944         1.000000        -1.451780        -1.753174        0.3013944        0.1758037         5.688162    
 ten13                tensio        -1.452354        -1.753174        0.3008204         1.000000        -1.452354        -1.753174        0.3008204        0.1758037         5.688162    
 ten14                tensio        -1.458668        -1.753174        0.2945058         1.000000        -1.458668        -1.753174        0.2945058        0.1758037         5.688162    
 ten15                tensio        -1.452354        -1.753174        0.3008204         1.000000        -1.452354        -1.753174        0.3008204        0.1758037         5.688162    
 ten16                tensio        -1.448909        -1.753174        0.3042647         1.000000        -1.448909        -1.753174        0.3042647        0.1758037         5.688162    
 ten17                tensio        -1.449483        -1.753174        0.3036906         1.000000        -1.449483        -1.753174        0.3036906        0.1758037         5.688162    
 ten18                tensio        -1.430540        -1.753174        0.3226344         1.000000        -1.430540        -1.753174        0.3226344        0.1758037         5.688162    
 ten19                tensio        -1.404133        -1.753174        0.3490408         1.000000        -1.404133        -1.753174        0.3490408        0.1758037         5.688162    
 ten20                tensio        -1.320321        -1.753174        0.4328525         1.000000        -1.320321        -1.753174        0.4328525        0.1758037         5.688162    
 ten21                tensio        -1.060276        -1.104232        4.3956455E-02     1.000000        -1.060276        -1.104232        4.3956455E-02    0.1758037         5.688162    
 ten22                tensio       -0.7824340        -1.014137        0.2317030         1.000000       -0.7824340        -1.014137        0.2317030        0.1758037         5.688162    
 ten23                tensio       -0.7169920       -0.9729050        0.2559130         1.000000       -0.7169920       -0.9729050        0.2559130        0.1758037         5.688162    
 ten24                tensio       -0.7112514       -0.9729050        0.2616536         1.000000       -0.7112514       -0.9729050        0.2616536        0.1758037         5.688162    
 ten25                tensio       -0.7123995       -0.9729050        0.2605055         1.000000       -0.7123995       -0.9729050        0.2605055        0.1758037         5.688162    
 ten26                tensio       -0.7152698       -0.9729050        0.2576352         1.000000       -0.7152698       -0.9729050        0.2576352        0.1758037         5.688162    
 ten27                tensio       -0.7169920       -0.9765070        0.2595150         1.000000       -0.7169920       -0.9765070        0.2595150        0.1758037         5.688162    
 ten28                tensio       -0.7307692       -0.9765070        0.2457378         1.000000       -0.7307692       -0.9765070        0.2457378        0.1758037         5.688162    
 ten29                tensio       -0.7669346       -0.9765070        0.2095724         1.000000       -0.7669346       -0.9765070        0.2095724        0.1758037         5.688162    
 ten30                tensio       -0.7887486       -0.9801370        0.1913884         1.000000       -0.7887486       -0.9801370        0.1913884        0.1758037         5.688162    
 ten31                tensio       -0.8088404       -0.9801370        0.1712966         1.000000       -0.8088404       -0.9801370        0.1712966        0.1758037         5.688162    
 ten32                tensio       -0.8283582       -0.9801370        0.1517788         1.000000       -0.8283582       -0.9801370        0.1517788        0.1758037         5.688162    
 ten33                tensio       -0.8467279       -0.9837950        0.1370671         1.000000       -0.8467279       -0.9837950        0.1370671        0.1758037         5.688162    
 ten34                tensio       -0.8639495       -0.9837950        0.1198455         1.000000       -0.8639495       -0.9837950        0.1198455        0.1758037         5.688162    
 ten35                tensio       -0.8828932       -0.9874830        0.1045898         1.000000       -0.8828932       -0.9874830        0.1045898        0.1758037         5.688162    
 ten36                tensio       -0.8960964       -0.9874830        9.1386559E-02     1.000000       -0.8960964       -0.9874830        9.1386559E-02    0.1758037         5.688162    
 ten37                tensio       -0.9064294       -0.9874830        8.1053608E-02     1.000000       -0.9064294       -0.9874830        8.1053608E-02    0.1758037         5.688162    
 ten38                tensio       -0.9173364       -0.9911990        7.3862605E-02     1.000000       -0.9173364       -0.9911990        7.3862605E-02    0.1758037         5.688162    
 ten39                tensio       -0.9282434       -0.9911990        6.2955602E-02     1.000000       -0.9282434       -0.9911990        6.2955602E-02    0.1758037         5.688162    
 ten40                tensio       -0.9380023       -0.9949460        5.6943704E-02     1.000000       -0.9380023       -0.9949460        5.6943704E-02    0.1758037         5.688162    
 ten41                tensio       -0.9477612       -0.9949460        4.7184806E-02     1.000000       -0.9477612       -0.9949460        4.7184806E-02    0.1758037         5.688162    
 ten42                tensio       -0.9552239       -0.9949460        3.9722119E-02     1.000000       -0.9552239       -0.9949460        3.9722119E-02    0.1758037         5.688162    
 ten43                tensio       -0.9632606       -0.9987220        3.5461380E-02     1.000000       -0.9632606       -0.9987220        3.5461380E-02    0.1758037         5.688162    
 ten44                tensio       -0.9712974       -0.9987220        2.7424641E-02     1.000000       -0.9712974       -0.9987220        2.7424641E-02    0.1758037         5.688162    
 ten45                tensio       -0.9799082        -1.002529        2.2620848E-02     1.000000       -0.9799082        -1.002529        2.2620848E-02    0.1758037         5.688162    
 ten46                tensio       -0.9862227        -1.002529        1.6306268E-02     1.000000       -0.9862227        -1.002529        1.6306268E-02    0.1758037         5.688162    
 ten47                tensio       -0.9936854        -1.006367        1.2681581E-02     1.000000       -0.9936854        -1.006367        1.2681581E-02    0.1758037         5.688162    
 ten48                tensio        -1.000574        -1.006367        5.7929472E-03     1.000000        -1.000574        -1.006367        5.7929472E-03    0.1758037         5.688162    
 ten49                tensio        -1.006889        -1.010236        3.3473662E-03     1.000000        -1.006889        -1.010236        3.3473662E-03    0.1758037         5.688162    
 ten50                tensio        -1.013203        -1.018071        4.8677853E-03     1.000000        -1.013203        -1.018071        4.8677853E-03    0.1758037         5.688162    
 ten51                tensio        -1.020092        -1.026035        5.9431516E-03     1.000000        -1.020092        -1.026035        5.9431516E-03    0.1758037         5.688162    
 ten52                tensio        -1.025832        -1.034134        8.3016234E-03     1.000000        -1.025832        -1.034134        8.3016234E-03    0.1758037         5.688162    
 ten53                tensio        -1.030999        -1.042370        1.1371148E-02     1.000000        -1.030999        -1.042370        1.1371148E-02    0.1758037         5.688162    
 ten54                tensio        -1.035591        -1.050749        1.5157726E-02     1.000000        -1.035591        -1.050749        1.5157726E-02    0.1758037         5.688162    
 ten55                tensio        -1.039610        -1.059272        1.9662356E-02     1.000000        -1.039610        -1.059272        1.9662356E-02    0.1758037         5.688162    
 ten56                tensio        -1.044202        -1.067946        2.3743933E-02     1.000000        -1.044202        -1.067946        2.3743933E-02    0.1758037         5.688162    
 ten57                tensio        -1.049943        -1.072341        2.2398405E-02     1.000000        -1.049943        -1.072341        2.2398405E-02    0.1758037         5.688162    
 ten58                tensio        -1.052813        -1.081248        2.8435141E-02     1.000000        -1.052813        -1.081248        2.8435141E-02    0.1758037         5.688162    
 ten59                tensio        -1.056257        -1.085762        2.9504824E-02     1.000000        -1.056257        -1.085762        2.9504824E-02    0.1758037         5.688162    
 ten60                tensio        -1.060850        -1.094913        3.4063402E-02     1.000000        -1.060850        -1.094913        3.4063402E-02    0.1758037         5.688162    
 ten61                tensio        -1.063720        -1.099551        3.5831138E-02     1.000000        -1.063720        -1.099551        3.5831138E-02    0.1758037         5.688162    
 ten62                tensio        -1.068312        -1.104232        3.5919715E-02     1.000000        -1.068312        -1.104232        3.5919715E-02    0.1758037         5.688162    
 ten63                tensio        -1.072331        -1.113725        4.1394346E-02     1.000000        -1.072331        -1.113725        4.1394346E-02    0.1758037         5.688162    
 ten64                tensio        -1.075775        -1.118538        4.2763029E-02     1.000000        -1.075775        -1.118538        4.2763029E-02    0.1758037         5.688162    
 ten65                tensio        -1.078071        -1.123397        4.5325817E-02     1.000000        -1.078071        -1.123397        4.5325817E-02    0.1758037         5.688162    
 ten66                tensio        -1.082090        -1.128301        4.6211448E-02     1.000000        -1.082090        -1.128301        4.6211448E-02    0.1758037         5.688162    
 ten67                tensio        -1.085534        -1.133253        4.7719131E-02     1.000000        -1.085534        -1.133253        4.7719131E-02    0.1758037         5.688162    
 ten68                tensio        -1.088404        -1.138252        4.9847867E-02     1.000000        -1.088404        -1.138252        4.9847867E-02    0.1758037         5.688162    
 ten69                tensio        -1.091274        -1.143300        5.2025603E-02     1.000000        -1.091274        -1.143300        5.2025603E-02    0.1758037         5.688162    
 ten70                tensio        -1.092423        -1.148396        5.5973497E-02     1.000000        -1.092423        -1.148396        5.5973497E-02    0.1758037         5.688162    
 ten71                tensio        -1.097015        -1.153543        5.6528075E-02     1.000000        -1.097015        -1.153543        5.6528075E-02    0.1758037         5.688162    
 ten72                tensio        -1.100459        -1.158740        5.8280758E-02     1.000000        -1.100459        -1.158740        5.8280758E-02    0.1758037         5.688162    
 ten73                tensio        -1.102181        -1.163989        6.1807599E-02     1.000000        -1.102181        -1.163989        6.1807599E-02    0.1758037         5.688162    
 ten74                tensio        -1.105052        -1.169290        6.4238335E-02     1.000000        -1.105052        -1.169290        6.4238335E-02    0.1758037         5.688162    
 ten75                tensio        -1.107348        -1.174644        6.7296124E-02     1.000000        -1.107348        -1.174644        6.7296124E-02    0.1758037         5.688162    
 ten76                tensio        -1.109644        -1.180052        7.0407913E-02     1.000000        -1.109644        -1.180052        7.0407913E-02    0.1758037         5.688162    
 ten77                tensio        -1.113088        -1.185515        7.2426596E-02     1.000000        -1.113088        -1.185515        7.2426596E-02    0.1758037         5.688162    
 ten78                tensio        -1.114237        -1.191034        7.6797490E-02     1.000000        -1.114237        -1.191034        7.6797490E-02    0.1758037         5.688162    
 ten79                tensio        -1.117107        -1.191034        7.3927226E-02     1.000000        -1.117107        -1.191034        7.3927226E-02    0.1758037         5.688162    
 ten80                tensio        -1.120551        -1.196610        7.6058909E-02     1.000000        -1.120551        -1.196610        7.6058909E-02    0.1758037         5.688162    
 ten81                tensio        -1.122847        -1.202243        7.9395698E-02     1.000000        -1.122847        -1.202243        7.9395698E-02    0.1758037         5.688162    
 ten82                tensio        -1.125144        -1.207936        8.2792487E-02     1.000000        -1.125144        -1.207936        8.2792487E-02    0.1758037         5.688162    
 ten83                tensio        -1.128014        -1.207936        7.9922223E-02     1.000000        -1.128014        -1.207936        7.9922223E-02    0.1758037         5.688162    
 ten84                tensio        -1.130310        -1.213688        8.3378011E-02     1.000000        -1.130310        -1.213688        8.3378011E-02    0.1758037         5.688162    
 ten85                tensio        -1.131458        -1.219500        8.8041906E-02     1.000000        -1.131458        -1.219500        8.8041906E-02    0.1758037         5.688162    
 ten86                tensio        -1.135476        -1.225375        8.9898536E-02     1.000000        -1.135476        -1.225375        8.9898536E-02    0.1758037         5.688162    
 ten87                tensio        -1.137199        -1.225375        8.8176378E-02     1.000000        -1.137199        -1.225375        8.8176378E-02    0.1758037         5.688162    
 ten88                tensio        -1.137773        -1.231312        9.3539325E-02     1.000000        -1.137773        -1.231312        9.3539325E-02    0.1758037         5.688162    
 ten89                tensio        -1.139495        -1.237313        9.7818166E-02     1.000000        -1.139495        -1.237313        9.7818166E-02    0.1758037         5.688162    
 ten90                tensio        -1.142939        -1.237313        9.4373850E-02     1.000000        -1.142939        -1.237313        9.4373850E-02    0.1758037         5.688162    
 ten91                tensio        -1.144661        -1.243379        9.8717691E-02     1.000000        -1.144661        -1.243379        9.8717691E-02    0.1758037         5.688162    
 ten92                tensio        -1.146958        -1.243379        9.6421480E-02     1.000000        -1.146958        -1.243379        9.6421480E-02    0.1758037         5.688162    
 ten93                tensio        -1.148106        -1.249512        0.1014064         1.000000        -1.148106        -1.249512        0.1014064        0.1758037         5.688162    
 ten94                tensio        -1.150402        -1.255711        0.1053092         1.000000        -1.150402        -1.255711        0.1053092        0.1758037         5.688162    
 ten95                tensio        -1.157290        -1.255711        9.8420529E-02     1.000000        -1.157290        -1.255711        9.8420529E-02    0.1758037         5.688162    
 ten96                tensio        -1.153846        -1.261980        0.1081338         1.000000        -1.153846        -1.261980        0.1081338        0.1758037         5.688162    
