 Name                 Group          Measured         Modelled         Residual         Weight       Weight*Measured    Weight*Modelled  Weight*Residual  Measurement_sd   Natural_weight
 ten1                 tensio        -1.464409        -1.733893        0.2694843         1.000000        -1.464409        -1.733893        0.2694843        0.1576113         6.344721    
 ten2                 tensio        -1.460964        -1.733893        0.2729286         1.000000        -1.460964        -1.733893        0.2729286        0.1576113         6.344721    
 ten3                 tensio        -1.458668        -1.733893        0.2752248         1.000000        -1.458668        -1.733893        0.2752248        0.1576113         6.344721    
 ten4                 tensio        -1.459816        -1.733893        0.2740767         1.000000        -1.459816        -1.733893        0.2740767        0.1576113         6.344721    
 ten5                 tensio        -1.456946        -1.733893        0.2769470         1.000000        -1.456946        -1.733893        0.2769470        0.1576113         6.344721    
 ten6                 tensio        -1.461538        -1.733893        0.2723545         1.000000        -1.461538        -1.733893        0.2723545        0.1576113         6.344721    
 ten7                 tensio        -1.460390        -1.733893        0.2735026         1.000000        -1.460390        -1.733893        0.2735026        0.1576113         6.344721    
 ten8                 tensio        -1.458668        -1.733893        0.2752248         1.000000        -1.458668        -1.733893        0.2752248        0.1576113         6.344721    
 ten9                 tensio        -1.462113        -1.733893        0.2717805         1.000000        -1.462113        -1.733893        0.2717805        0.1576113         6.344721    
 ten10                tensio        -1.453502        -1.733893        0.2803913         1.000000        -1.453502        -1.733893        0.2803913        0.1576113         6.344721    
 ten11                tensio        -1.454076        -1.733893        0.2798172         1.000000        -1.454076        -1.733893        0.2798172        0.1576113         6.344721    
 ten12                tensio        -1.451780        -1.733893        0.2821134         1.000000        -1.451780        -1.733893        0.2821134        0.1576113         6.344721    
 ten13                tensio        -1.452354        -1.733893        0.2815394         1.000000        -1.452354        -1.733893        0.2815394        0.1576113         6.344721    
 ten14                tensio        -1.458668        -1.733893        0.2752248         1.000000        -1.458668        -1.733893        0.2752248        0.1576113         6.344721    
 ten15                tensio        -1.452354        -1.733893        0.2815394         1.000000        -1.452354        -1.733893        0.2815394        0.1576113         6.344721    
 ten16                tensio        -1.448909        -1.733893        0.2849837         1.000000        -1.448909        -1.733893        0.2849837        0.1576113         6.344721    
 ten17                tensio        -1.449483        -1.733893        0.2844096         1.000000        -1.449483        -1.733893        0.2844096        0.1576113         6.344721    
 ten18                tensio        -1.430540        -1.733893        0.3033534         1.000000        -1.430540        -1.733893        0.3033534        0.1576113         6.344721    
 ten19                tensio        -1.404133        -1.733893        0.3297598         1.000000        -1.404133        -1.733893        0.3297598        0.1576113         6.344721    
 ten20                tensio        -1.320321        -1.733893        0.4135715         1.000000        -1.320321        -1.733893        0.4135715        0.1576113         6.344721    
 ten21                tensio        -1.060276        -1.082913        2.2637455E-02     1.000000        -1.060276        -1.082913        2.2637455E-02    0.1576113         6.344721    
 ten22                tensio       -0.7824340       -0.9286340        0.1462000         1.000000       -0.7824340       -0.9286340        0.1462000        0.1576113         6.344721    
 ten23                tensio       -0.7169920       -0.8738100        0.1568180         1.000000       -0.7169920       -0.8738100        0.1568180        0.1576113         6.344721    
 ten24                tensio       -0.7112514       -0.8636080        0.1523566         1.000000       -0.7112514       -0.8636080        0.1523566        0.1576113         6.344721    
 ten25                tensio       -0.7123995       -0.8636080        0.1512085         1.000000       -0.7123995       -0.8636080        0.1512085        0.1576113         6.344721    
 ten26                tensio       -0.7152698       -0.8636080        0.1483382         1.000000       -0.7152698       -0.8636080        0.1483382        0.1576113         6.344721    
 ten27                tensio       -0.7169920       -0.8669830        0.1499910         1.000000       -0.7169920       -0.8669830        0.1499910        0.1576113         6.344721    
 ten28                tensio       -0.7307692       -0.8669830        0.1362138         1.000000       -0.7307692       -0.8669830        0.1362138        0.1576113         6.344721    
 ten29                tensio       -0.7669346       -0.8669830        0.1000484         1.000000       -0.7669346       -0.8669830        0.1000484        0.1576113         6.344721    
 ten30                tensio       -0.7887486       -0.8703830        8.1634435E-02     1.000000       -0.7887486       -0.8703830        8.1634435E-02    0.1576113         6.344721    
 ten31                tensio       -0.8088404       -0.8703830        6.1542587E-02     1.000000       -0.8088404       -0.8703830        6.1542587E-02    0.1576113         6.344721    
 ten32                tensio       -0.8283582       -0.8703830        4.2024791E-02     1.000000       -0.8283582       -0.8703830        4.2024791E-02    0.1576113         6.344721    
 ten33                tensio       -0.8467279       -0.8703830        2.3655101E-02     1.000000       -0.8467279       -0.8703830        2.3655101E-02    0.1576113         6.344721    
 ten34                tensio       -0.8639495       -0.8738100        9.8605166E-03     1.000000       -0.8639495       -0.8738100        9.8605166E-03    0.1576113         6.344721    
 ten35                tensio       -0.8828932       -0.8738100       -9.0832262E-03     1.000000       -0.8828932       -0.8738100       -9.0832262E-03    0.1576113         6.344721    
 ten36                tensio       -0.8960964       -0.8738100       -2.2286441E-02     1.000000       -0.8960964       -0.8738100       -2.2286441E-02    0.1576113         6.344721    
 ten37                tensio       -0.9064294       -0.8772640       -2.9165392E-02     1.000000       -0.9064294       -0.8772640       -2.9165392E-02    0.1576113         6.344721    
 ten38                tensio       -0.9173364       -0.8772640       -4.0072395E-02     1.000000       -0.9173364       -0.8772640       -4.0072395E-02    0.1576113         6.344721    
 ten39                tensio       -0.9282434       -0.8807450       -4.7498398E-02     1.000000       -0.9282434       -0.8807450       -4.7498398E-02    0.1576113         6.344721    
 ten40                tensio       -0.9380023       -0.8807450       -5.7257296E-02     1.000000       -0.9380023       -0.8807450       -5.7257296E-02    0.1576113         6.344721    
 ten41                tensio       -0.9477612       -0.8807450       -6.7016194E-02     1.000000       -0.9477612       -0.8807450       -6.7016194E-02    0.1576113         6.344721    
 ten42                tensio       -0.9552239       -0.8842540       -7.0969881E-02     1.000000       -0.9552239       -0.8842540       -7.0969881E-02    0.1576113         6.344721    
 ten43                tensio       -0.9632606       -0.8842540       -7.9006620E-02     1.000000       -0.9632606       -0.8842540       -7.9006620E-02    0.1576113         6.344721    
 ten44                tensio       -0.9712974       -0.8877900       -8.3507359E-02     1.000000       -0.9712974       -0.8877900       -8.3507359E-02    0.1576113         6.344721    
 ten45                tensio       -0.9799082       -0.8877900       -9.2118152E-02     1.000000       -0.9799082       -0.8877900       -9.2118152E-02    0.1576113         6.344721    
 ten46                tensio       -0.9862227       -0.8877900       -9.8432732E-02     1.000000       -0.9862227       -0.8877900       -9.8432732E-02    0.1576113         6.344721    
 ten47                tensio       -0.9936854       -0.8913540       -0.1023314         1.000000       -0.9936854       -0.8913540       -0.1023314        0.1576113         6.344721    
 ten48                tensio        -1.000574       -0.8913540       -0.1092201         1.000000        -1.000574       -0.8913540       -0.1092201        0.1576113         6.344721    
 ten49                tensio        -1.006889       -0.8949480       -0.1119406         1.000000        -1.006889       -0.8949480       -0.1119406        0.1576113         6.344721    
 ten50                tensio        -1.013203       -0.8949480       -0.1182552         1.000000        -1.013203       -0.8949480       -0.1182552        0.1576113         6.344721    
 ten51                tensio        -1.020092       -0.8985700       -0.1215218         1.000000        -1.020092       -0.8985700       -0.1215218        0.1576113         6.344721    
 ten52                tensio        -1.025832       -0.9059020       -0.1199304         1.000000        -1.025832       -0.9059020       -0.1199304        0.1576113         6.344721    
 ten53                tensio        -1.030999       -0.9133550       -0.1176439         1.000000        -1.030999       -0.9133550       -0.1176439        0.1576113         6.344721    
 ten54                tensio        -1.035591       -0.9209310       -0.1146603         1.000000        -1.035591       -0.9209310       -0.1146603        0.1576113         6.344721    
 ten55                tensio        -1.039610       -0.9286340       -0.1109756         1.000000        -1.039610       -0.9286340       -0.1109756        0.1576113         6.344721    
 ten56                tensio        -1.044202       -0.9364680       -0.1077341         1.000000        -1.044202       -0.9364680       -0.1077341        0.1576113         6.344721    
 ten57                tensio        -1.049943       -0.9404350       -0.1095076         1.000000        -1.049943       -0.9404350       -0.1095076        0.1576113         6.344721    
 ten58                tensio        -1.052813       -0.9484700       -0.1043429         1.000000        -1.052813       -0.9484700       -0.1043429        0.1576113         6.344721    
 ten59                tensio        -1.056257       -0.9525400       -0.1037172         1.000000        -1.056257       -0.9525400       -0.1037172        0.1576113         6.344721    
 ten60                tensio        -1.060850       -0.9607870       -0.1000626         1.000000        -1.060850       -0.9607870       -0.1000626        0.1576113         6.344721    
 ten61                tensio        -1.063720       -0.9649640       -9.8755862E-02     1.000000        -1.063720       -0.9649640       -9.8755862E-02    0.1576113         6.344721    
 ten62                tensio        -1.068312       -0.9734310       -9.4881285E-02     1.000000        -1.068312       -0.9734310       -9.4881285E-02    0.1576113         6.344721    
 ten63                tensio        -1.072331       -0.9777200       -9.4610654E-02     1.000000        -1.072331       -0.9777200       -9.4610654E-02    0.1576113         6.344721    
 ten64                tensio        -1.075775       -0.9820490       -9.3725971E-02     1.000000        -1.075775       -0.9820490       -9.3725971E-02    0.1576113         6.344721    
 ten65                tensio        -1.078071       -0.9908230       -8.7248183E-02     1.000000        -1.078071       -0.9908230       -8.7248183E-02    0.1576113         6.344721    
 ten66                tensio        -1.082090       -0.9952690       -8.6820552E-02     1.000000        -1.082090       -0.9952690       -8.6820552E-02    0.1576113         6.344721    
 ten67                tensio        -1.085534       -0.9997570       -8.5776869E-02     1.000000        -1.085534       -0.9997570       -8.5776869E-02    0.1576113         6.344721    
 ten68                tensio        -1.088404        -1.004286       -8.4118133E-02     1.000000        -1.088404        -1.004286       -8.4118133E-02    0.1576113         6.344721    
 ten69                tensio        -1.091274        -1.008857       -8.2417397E-02     1.000000        -1.091274        -1.008857       -8.2417397E-02    0.1576113         6.344721    
 ten70                tensio        -1.092423        -1.018128       -7.4294503E-02     1.000000        -1.092423        -1.018128       -7.4294503E-02    0.1576113         6.344721    
 ten71                tensio        -1.097015        -1.022828       -7.4186925E-02     1.000000        -1.097015        -1.022828       -7.4186925E-02    0.1576113         6.344721    
 ten72                tensio        -1.100459        -1.027574       -7.2885242E-02     1.000000        -1.100459        -1.027574       -7.2885242E-02    0.1576113         6.344721    
 ten73                tensio        -1.102181        -1.032364       -6.9817401E-02     1.000000        -1.102181        -1.032364       -6.9817401E-02    0.1576113         6.344721    
 ten74                tensio        -1.105052        -1.037200       -6.7851665E-02     1.000000        -1.105052        -1.037200       -6.7851665E-02    0.1576113         6.344721    
 ten75                tensio        -1.107348        -1.037200       -7.0147876E-02     1.000000        -1.107348        -1.037200       -7.0147876E-02    0.1576113         6.344721    
 ten76                tensio        -1.109644        -1.042083       -6.7561087E-02     1.000000        -1.109644        -1.042083       -6.7561087E-02    0.1576113         6.344721    
 ten77                tensio        -1.113088        -1.047013       -6.6075404E-02     1.000000        -1.113088        -1.047013       -6.6075404E-02    0.1576113         6.344721    
 ten78                tensio        -1.114237        -1.051992       -6.2244510E-02     1.000000        -1.114237        -1.051992       -6.2244510E-02    0.1576113         6.344721    
 ten79                tensio        -1.117107        -1.057019       -6.0087774E-02     1.000000        -1.117107        -1.057019       -6.0087774E-02    0.1576113         6.344721    
 ten80                tensio        -1.120551        -1.062095       -5.8456091E-02     1.000000        -1.120551        -1.062095       -5.8456091E-02    0.1576113         6.344721    
 ten81                tensio        -1.122847        -1.067222       -5.5625302E-02     1.000000        -1.122847        -1.067222       -5.5625302E-02    0.1576113         6.344721    
 ten82                tensio        -1.125144        -1.067222       -5.7921513E-02     1.000000        -1.125144        -1.067222       -5.7921513E-02    0.1576113         6.344721    
 ten83                tensio        -1.128014        -1.072400       -5.5613777E-02     1.000000        -1.128014        -1.072400       -5.5613777E-02    0.1576113         6.344721    
 ten84                tensio        -1.130310        -1.077630       -5.2679989E-02     1.000000        -1.130310        -1.077630       -5.2679989E-02    0.1576113         6.344721    
 ten85                tensio        -1.131458        -1.082913       -4.8545094E-02     1.000000        -1.131458        -1.082913       -4.8545094E-02    0.1576113         6.344721    
 ten86                tensio        -1.135476        -1.082913       -5.2563464E-02     1.000000        -1.135476        -1.082913       -5.2563464E-02    0.1576113         6.344721    
 ten87                tensio        -1.137199        -1.088249       -4.8949622E-02     1.000000        -1.137199        -1.088249       -4.8949622E-02    0.1576113         6.344721    
 ten88                tensio        -1.137773        -1.093640       -4.4132675E-02     1.000000        -1.137773        -1.093640       -4.4132675E-02    0.1576113         6.344721    
 ten89                tensio        -1.139495        -1.099086       -4.0408834E-02     1.000000        -1.139495        -1.099086       -4.0408834E-02    0.1576113         6.344721    
 ten90                tensio        -1.142939        -1.099086       -4.3853150E-02     1.000000        -1.142939        -1.099086       -4.3853150E-02    0.1576113         6.344721    
 ten91                tensio        -1.144661        -1.104589       -4.0072309E-02     1.000000        -1.144661        -1.104589       -4.0072309E-02    0.1576113         6.344721    
 ten92                tensio        -1.146958        -1.110149       -3.6808520E-02     1.000000        -1.146958        -1.110149       -3.6808520E-02    0.1576113         6.344721    
 ten93                tensio        -1.148106        -1.110149       -3.7956626E-02     1.000000        -1.148106        -1.110149       -3.7956626E-02    0.1576113         6.344721    
 ten94                tensio        -1.150402        -1.115766       -3.4635837E-02     1.000000        -1.150402        -1.115766       -3.4635837E-02    0.1576113         6.344721    
 ten95                tensio        -1.157290        -1.115766       -4.1524471E-02     1.000000        -1.157290        -1.115766       -4.1524471E-02    0.1576113         6.344721    
 ten96                tensio        -1.153846        -1.121443       -3.2403154E-02     1.000000        -1.153846        -1.121443       -3.2403154E-02    0.1576113         6.344721    
