 Name                 Group          Measured         Modelled         Residual         Weight       Weight*Measured    Weight*Modelled  Weight*Residual  Measurement_sd   Natural_weight
 ten1                 tensio        -1.464409        -1.752978        0.2885693         1.000000        -1.464409        -1.752978        0.2885693        0.1681286         5.947828    
 ten2                 tensio        -1.460964        -1.752978        0.2920136         1.000000        -1.460964        -1.752978        0.2920136        0.1681286         5.947828    
 ten3                 tensio        -1.458668        -1.752978        0.2943098         1.000000        -1.458668        -1.752978        0.2943098        0.1681286         5.947828    
 ten4                 tensio        -1.459816        -1.752978        0.2931617         1.000000        -1.459816        -1.752978        0.2931617        0.1681286         5.947828    
 ten5                 tensio        -1.456946        -1.752978        0.2960320         1.000000        -1.456946        -1.752978        0.2960320        0.1681286         5.947828    
 ten6                 tensio        -1.461538        -1.752978        0.2914395         1.000000        -1.461538        -1.752978        0.2914395        0.1681286         5.947828    
 ten7                 tensio        -1.460390        -1.752978        0.2925876         1.000000        -1.460390        -1.752978        0.2925876        0.1681286         5.947828    
 ten8                 tensio        -1.458668        -1.752978        0.2943098         1.000000        -1.458668        -1.752978        0.2943098        0.1681286         5.947828    
 ten9                 tensio        -1.462113        -1.752978        0.2908655         1.000000        -1.462113        -1.752978        0.2908655        0.1681286         5.947828    
 ten10                tensio        -1.453502        -1.752978        0.2994763         1.000000        -1.453502        -1.752978        0.2994763        0.1681286         5.947828    
 ten11                tensio        -1.454076        -1.752978        0.2989022         1.000000        -1.454076        -1.752978        0.2989022        0.1681286         5.947828    
 ten12                tensio        -1.451780        -1.752978        0.3011984         1.000000        -1.451780        -1.752978        0.3011984        0.1681286         5.947828    
 ten13                tensio        -1.452354        -1.752978        0.3006244         1.000000        -1.452354        -1.752978        0.3006244        0.1681286         5.947828    
 ten14                tensio        -1.458668        -1.752978        0.2943098         1.000000        -1.458668        -1.752978        0.2943098        0.1681286         5.947828    
 ten15                tensio        -1.452354        -1.752978        0.3006244         1.000000        -1.452354        -1.752978        0.3006244        0.1681286         5.947828    
 ten16                tensio        -1.448909        -1.752978        0.3040687         1.000000        -1.448909        -1.752978        0.3040687        0.1681286         5.947828    
 ten17                tensio        -1.449483        -1.752978        0.3034946         1.000000        -1.449483        -1.752978        0.3034946        0.1681286         5.947828    
 ten18                tensio        -1.430540        -1.752978        0.3224384         1.000000        -1.430540        -1.752978        0.3224384        0.1681286         5.947828    
 ten19                tensio        -1.404133        -1.752978        0.3488448         1.000000        -1.404133        -1.752978        0.3488448        0.1681286         5.947828    
 ten20                tensio        -1.320321        -1.752978        0.4326565         1.000000        -1.320321        -1.752978        0.4326565        0.1681286         5.947828    
 ten21                tensio        -1.060276        -1.128769        6.8493455E-02     1.000000        -1.060276        -1.128769        6.8493455E-02    0.1681286         5.947828    
 ten22                tensio       -0.7824340        -1.013916        0.2314820         1.000000       -0.7824340        -1.013916        0.2314820        0.1681286         5.947828    
 ten23                tensio       -0.7169920       -0.9560890        0.2390970         1.000000       -0.7169920       -0.9560890        0.2390970        0.1681286         5.947828    
 ten24                tensio       -0.7112514       -0.9560890        0.2448376         1.000000       -0.7112514       -0.9560890        0.2448376        0.1681286         5.947828    
 ten25                tensio       -0.7123995       -0.9560890        0.2436895         1.000000       -0.7123995       -0.9560890        0.2436895        0.1681286         5.947828    
 ten26                tensio       -0.7152698       -0.9560890        0.2408192         1.000000       -0.7152698       -0.9560890        0.2408192        0.1681286         5.947828    
 ten27                tensio       -0.7169920       -0.9597290        0.2427370         1.000000       -0.7169920       -0.9597290        0.2427370        0.1681286         5.947828    
 ten28                tensio       -0.7307692       -0.9597290        0.2289598         1.000000       -0.7307692       -0.9597290        0.2289598        0.1681286         5.947828    
 ten29                tensio       -0.7669346       -0.9597290        0.1927944         1.000000       -0.7669346       -0.9597290        0.1927944        0.1681286         5.947828    
 ten30                tensio       -0.7887486       -0.9633980        0.1746494         1.000000       -0.7887486       -0.9633980        0.1746494        0.1681286         5.947828    
 ten31                tensio       -0.8088404       -0.9633980        0.1545576         1.000000       -0.8088404       -0.9633980        0.1545576        0.1681286         5.947828    
 ten32                tensio       -0.8283582       -0.9633980        0.1350398         1.000000       -0.8283582       -0.9633980        0.1350398        0.1681286         5.947828    
 ten33                tensio       -0.8467279       -0.9670970        0.1203691         1.000000       -0.8467279       -0.9670970        0.1203691        0.1681286         5.947828    
 ten34                tensio       -0.8639495       -0.9670970        0.1031475         1.000000       -0.8639495       -0.9670970        0.1031475        0.1681286         5.947828    
 ten35                tensio       -0.8828932       -0.9670970        8.4203774E-02     1.000000       -0.8828932       -0.9670970        8.4203774E-02    0.1681286         5.947828    
 ten36                tensio       -0.8960964       -0.9708250        7.4728559E-02     1.000000       -0.8960964       -0.9708250        7.4728559E-02    0.1681286         5.947828    
 ten37                tensio       -0.9064294       -0.9708250        6.4395608E-02     1.000000       -0.9064294       -0.9708250        6.4395608E-02    0.1681286         5.947828    
 ten38                tensio       -0.9173364       -0.9708250        5.3488605E-02     1.000000       -0.9173364       -0.9708250        5.3488605E-02    0.1681286         5.947828    
 ten39                tensio       -0.9282434       -0.9745840        4.6340602E-02     1.000000       -0.9282434       -0.9745840        4.6340602E-02    0.1681286         5.947828    
 ten40                tensio       -0.9380023       -0.9745840        3.6581704E-02     1.000000       -0.9380023       -0.9745840        3.6581704E-02    0.1681286         5.947828    
 ten41                tensio       -0.9477612       -0.9745840        2.6822806E-02     1.000000       -0.9477612       -0.9745840        2.6822806E-02    0.1681286         5.947828    
 ten42                tensio       -0.9552239       -0.9783730        2.3149119E-02     1.000000       -0.9552239       -0.9783730        2.3149119E-02    0.1681286         5.947828    
 ten43                tensio       -0.9632606       -0.9783730        1.5112380E-02     1.000000       -0.9632606       -0.9783730        1.5112380E-02    0.1681286         5.947828    
 ten44                tensio       -0.9712974       -0.9821930        1.0895641E-02     1.000000       -0.9712974       -0.9821930        1.0895641E-02    0.1681286         5.947828    
 ten45                tensio       -0.9799082       -0.9821930        2.2848484E-03     1.000000       -0.9799082       -0.9821930        2.2848484E-03    0.1681286         5.947828    
 ten46                tensio       -0.9862227       -0.9821930       -4.0297325E-03     1.000000       -0.9862227       -0.9821930       -4.0297325E-03    0.1681286         5.947828    
 ten47                tensio       -0.9936854       -0.9860440       -7.6414191E-03     1.000000       -0.9936854       -0.9860440       -7.6414191E-03    0.1681286         5.947828    
 ten48                tensio        -1.000574       -0.9860440       -1.4530053E-02     1.000000        -1.000574       -0.9860440       -1.4530053E-02    0.1681286         5.947828    
 ten49                tensio        -1.006889       -0.9899270       -1.6961634E-02     1.000000        -1.006889       -0.9899270       -1.6961634E-02    0.1681286         5.947828    
 ten50                tensio        -1.013203       -0.9899270       -2.3276215E-02     1.000000        -1.013203       -0.9899270       -2.3276215E-02    0.1681286         5.947828    
 ten51                tensio        -1.020092       -0.9938420       -2.6249848E-02     1.000000        -1.020092       -0.9938420       -2.6249848E-02    0.1681286         5.947828    
 ten52                tensio        -1.025832        -1.001771       -2.4061377E-02     1.000000        -1.025832        -1.001771       -2.4061377E-02    0.1681286         5.947828    
 ten53                tensio        -1.030999        -1.009833       -2.1165852E-02     1.000000        -1.030999        -1.009833       -2.1165852E-02    0.1681286         5.947828    
 ten54                tensio        -1.035591        -1.018034       -1.7557274E-02     1.000000        -1.035591        -1.018034       -1.7557274E-02    0.1681286         5.947828    
 ten55                tensio        -1.039610        -1.026376       -1.3233644E-02     1.000000        -1.039610        -1.026376       -1.3233644E-02    0.1681286         5.947828    
 ten56                tensio        -1.044202        -1.034864       -9.3380666E-03     1.000000        -1.044202        -1.034864       -9.3380666E-03    0.1681286         5.947828    
 ten57                tensio        -1.049943        -1.039164       -1.0778595E-02     1.000000        -1.049943        -1.039164       -1.0778595E-02    0.1681286         5.947828    
 ten58                tensio        -1.052813        -1.047878       -4.9348588E-03     1.000000        -1.052813        -1.047878       -4.9348588E-03    0.1681286         5.947828    
 ten59                tensio        -1.056257        -1.052294       -3.9631757E-03     1.000000        -1.056257        -1.052294       -3.9631757E-03    0.1681286         5.947828    
 ten60                tensio        -1.060850        -1.061245        3.9540184E-04     1.000000        -1.060850        -1.061245        3.9540184E-04    0.1681286         5.947828    
 ten61                tensio        -1.063720        -1.065781        2.0611378E-03     1.000000        -1.063720        -1.065781        2.0611378E-03    0.1681286         5.947828    
 ten62                tensio        -1.068312        -1.074979        6.6667153E-03     1.000000        -1.068312        -1.074979        6.6667153E-03    0.1681286         5.947828    
 ten63                tensio        -1.072331        -1.079642        7.3113456E-03     1.000000        -1.072331        -1.079642        7.3113456E-03    0.1681286         5.947828    
 ten64                tensio        -1.075775        -1.084348        8.5730287E-03     1.000000        -1.075775        -1.084348        8.5730287E-03    0.1681286         5.947828    
 ten65                tensio        -1.078071        -1.089098        1.1026817E-02     1.000000        -1.078071        -1.089098        1.1026817E-02    0.1681286         5.947828    
 ten66                tensio        -1.082090        -1.093893        1.1803448E-02     1.000000        -1.082090        -1.093893        1.1803448E-02    0.1681286         5.947828    
 ten67                tensio        -1.085534        -1.103620        1.8086131E-02     1.000000        -1.085534        -1.103620        1.8086131E-02    0.1681286         5.947828    
 ten68                tensio        -1.088404        -1.108553        2.0148867E-02     1.000000        -1.088404        -1.108553        2.0148867E-02    0.1681286         5.947828    
 ten69                tensio        -1.091274        -1.113534        2.2259603E-02     1.000000        -1.091274        -1.113534        2.2259603E-02    0.1681286         5.947828    
 ten70                tensio        -1.092423        -1.118563        2.6140497E-02     1.000000        -1.092423        -1.118563        2.6140497E-02    0.1681286         5.947828    
 ten71                tensio        -1.097015        -1.123641        2.6626075E-02     1.000000        -1.097015        -1.123641        2.6626075E-02    0.1681286         5.947828    
 ten72                tensio        -1.100459        -1.128769        2.8309758E-02     1.000000        -1.100459        -1.128769        2.8309758E-02    0.1681286         5.947828    
 ten73                tensio        -1.102181        -1.133947        3.1765599E-02     1.000000        -1.102181        -1.133947        3.1765599E-02    0.1681286         5.947828    
 ten74                tensio        -1.105052        -1.139177        3.4125335E-02     1.000000        -1.105052        -1.139177        3.4125335E-02    0.1681286         5.947828    
 ten75                tensio        -1.107348        -1.144459        3.7111124E-02     1.000000        -1.107348        -1.144459        3.7111124E-02    0.1681286         5.947828    
 ten76                tensio        -1.109644        -1.144459        3.4814913E-02     1.000000        -1.109644        -1.144459        3.4814913E-02    0.1681286         5.947828    
 ten77                tensio        -1.113088        -1.149795        3.6706596E-02     1.000000        -1.113088        -1.149795        3.6706596E-02    0.1681286         5.947828    
 ten78                tensio        -1.114237        -1.155184        4.0947490E-02     1.000000        -1.114237        -1.155184        4.0947490E-02    0.1681286         5.947828    
 ten79                tensio        -1.117107        -1.160628        4.3521226E-02     1.000000        -1.117107        -1.160628        4.3521226E-02    0.1681286         5.947828    
 ten80                tensio        -1.120551        -1.166128        4.5576909E-02     1.000000        -1.120551        -1.166128        4.5576909E-02    0.1681286         5.947828    
 ten81                tensio        -1.122847        -1.166128        4.3280698E-02     1.000000        -1.122847        -1.166128        4.3280698E-02    0.1681286         5.947828    
 ten82                tensio        -1.125144        -1.171685        4.6541487E-02     1.000000        -1.125144        -1.171685        4.6541487E-02    0.1681286         5.947828    
 ten83                tensio        -1.128014        -1.177299        4.9285223E-02     1.000000        -1.128014        -1.177299        4.9285223E-02    0.1681286         5.947828    
 ten84                tensio        -1.130310        -1.182972        5.2662011E-02     1.000000        -1.130310        -1.182972        5.2662011E-02    0.1681286         5.947828    
 ten85                tensio        -1.131458        -1.182972        5.1513906E-02     1.000000        -1.131458        -1.182972        5.1513906E-02    0.1681286         5.947828    
 ten86                tensio        -1.135476        -1.188704        5.3227536E-02     1.000000        -1.135476        -1.188704        5.3227536E-02    0.1681286         5.947828    
 ten87                tensio        -1.137199        -1.194497        5.7298378E-02     1.000000        -1.137199        -1.194497        5.7298378E-02    0.1681286         5.947828    
 ten88                tensio        -1.137773        -1.194497        5.6724325E-02     1.000000        -1.137773        -1.194497        5.6724325E-02    0.1681286         5.947828    
 ten89                tensio        -1.139495        -1.200352        6.0857166E-02     1.000000        -1.139495        -1.200352        6.0857166E-02    0.1681286         5.947828    
 ten90                tensio        -1.142939        -1.206269        6.3329850E-02     1.000000        -1.142939        -1.206269        6.3329850E-02    0.1681286         5.947828    
 ten91                tensio        -1.144661        -1.206269        6.1607691E-02     1.000000        -1.144661        -1.206269        6.1607691E-02    0.1681286         5.947828    
 ten92                tensio        -1.146958        -1.212251        6.5293480E-02     1.000000        -1.146958        -1.212251        6.5293480E-02    0.1681286         5.947828    
 ten93                tensio        -1.148106        -1.218297        7.0191374E-02     1.000000        -1.148106        -1.218297        7.0191374E-02    0.1681286         5.947828    
 ten94                tensio        -1.150402        -1.218297        6.7895163E-02     1.000000        -1.150402        -1.218297        6.7895163E-02    0.1681286         5.947828    
 ten95                tensio        -1.157290        -1.224409        6.7118529E-02     1.000000        -1.157290        -1.224409        6.7118529E-02    0.1681286         5.947828    
 ten96                tensio        -1.153846        -1.224409        7.0562846E-02     1.000000        -1.153846        -1.224409        7.0562846E-02    0.1681286         5.947828    
