 Name                 Group          Measured         Modelled         Residual         Weight       Weight*Measured    Weight*Modelled  Weight*Residual  Measurement_sd   Natural_weight
 ten1                 tensio        -1.464409        -1.740378        0.2759693         1.000000        -1.464409        -1.740378        0.2759693        0.1567220         6.380727    
 ten2                 tensio        -1.460964        -1.740378        0.2794136         1.000000        -1.460964        -1.740378        0.2794136        0.1567220         6.380727    
 ten3                 tensio        -1.458668        -1.740378        0.2817098         1.000000        -1.458668        -1.740378        0.2817098        0.1567220         6.380727    
 ten4                 tensio        -1.459816        -1.740378        0.2805617         1.000000        -1.459816        -1.740378        0.2805617        0.1567220         6.380727    
 ten5                 tensio        -1.456946        -1.740378        0.2834320         1.000000        -1.456946        -1.740378        0.2834320        0.1567220         6.380727    
 ten6                 tensio        -1.461538        -1.740378        0.2788395         1.000000        -1.461538        -1.740378        0.2788395        0.1567220         6.380727    
 ten7                 tensio        -1.460390        -1.740378        0.2799876         1.000000        -1.460390        -1.740378        0.2799876        0.1567220         6.380727    
 ten8                 tensio        -1.458668        -1.740378        0.2817098         1.000000        -1.458668        -1.740378        0.2817098        0.1567220         6.380727    
 ten9                 tensio        -1.462113        -1.740378        0.2782655         1.000000        -1.462113        -1.740378        0.2782655        0.1567220         6.380727    
 ten10                tensio        -1.453502        -1.740378        0.2868763         1.000000        -1.453502        -1.740378        0.2868763        0.1567220         6.380727    
 ten11                tensio        -1.454076        -1.740378        0.2863022         1.000000        -1.454076        -1.740378        0.2863022        0.1567220         6.380727    
 ten12                tensio        -1.451780        -1.740378        0.2885984         1.000000        -1.451780        -1.740378        0.2885984        0.1567220         6.380727    
 ten13                tensio        -1.452354        -1.740378        0.2880244         1.000000        -1.452354        -1.740378        0.2880244        0.1567220         6.380727    
 ten14                tensio        -1.458668        -1.740378        0.2817098         1.000000        -1.458668        -1.740378        0.2817098        0.1567220         6.380727    
 ten15                tensio        -1.452354        -1.740378        0.2880244         1.000000        -1.452354        -1.740378        0.2880244        0.1567220         6.380727    
 ten16                tensio        -1.448909        -1.740378        0.2914687         1.000000        -1.448909        -1.740378        0.2914687        0.1567220         6.380727    
 ten17                tensio        -1.449483        -1.740378        0.2908946         1.000000        -1.449483        -1.740378        0.2908946        0.1567220         6.380727    
 ten18                tensio        -1.430540        -1.740378        0.3098384         1.000000        -1.430540        -1.740378        0.3098384        0.1567220         6.380727    
 ten19                tensio        -1.404133        -1.740378        0.3362448         1.000000        -1.404133        -1.740378        0.3362448        0.1567220         6.380727    
 ten20                tensio        -1.320321        -1.740378        0.4200565         1.000000        -1.320321        -1.740378        0.4200565        0.1567220         6.380727    
 ten21                tensio        -1.060276        -1.098223        3.7947455E-02     1.000000        -1.060276        -1.098223        3.7947455E-02    0.1567220         6.380727    
 ten22                tensio       -0.7824340       -0.9469700        0.1645360         1.000000       -0.7824340       -0.9469700        0.1645360        0.1567220         6.380727    
 ten23                tensio       -0.7169920       -0.8879100        0.1709180         1.000000       -0.7169920       -0.8879100        0.1709180        0.1567220         6.380727    
 ten24                tensio       -0.7112514       -0.8810430        0.1697916         1.000000       -0.7112514       -0.8810430        0.1697916        0.1567220         6.380727    
 ten25                tensio       -0.7123995       -0.8810430        0.1686435         1.000000       -0.7123995       -0.8810430        0.1686435        0.1567220         6.380727    
 ten26                tensio       -0.7152698       -0.8810430        0.1657732         1.000000       -0.7152698       -0.8810430        0.1657732        0.1567220         6.380727    
 ten27                tensio       -0.7169920       -0.8844630        0.1674710         1.000000       -0.7169920       -0.8844630        0.1674710        0.1567220         6.380727    
 ten28                tensio       -0.7307692       -0.8844630        0.1536938         1.000000       -0.7307692       -0.8844630        0.1536938        0.1567220         6.380727    
 ten29                tensio       -0.7669346       -0.8844630        0.1175284         1.000000       -0.7669346       -0.8844630        0.1175284        0.1567220         6.380727    
 ten30                tensio       -0.7887486       -0.8879100        9.9161435E-02     1.000000       -0.7887486       -0.8879100        9.9161435E-02    0.1567220         6.380727    
 ten31                tensio       -0.8088404       -0.8879100        7.9069587E-02     1.000000       -0.8088404       -0.8879100        7.9069587E-02    0.1567220         6.380727    
 ten32                tensio       -0.8283582       -0.8879100        5.9551791E-02     1.000000       -0.8283582       -0.8879100        5.9551791E-02    0.1567220         6.380727    
 ten33                tensio       -0.8467279       -0.8913830        4.4655101E-02     1.000000       -0.8467279       -0.8913830        4.4655101E-02    0.1567220         6.380727    
 ten34                tensio       -0.8639495       -0.8913830        2.7433517E-02     1.000000       -0.8639495       -0.8913830        2.7433517E-02    0.1567220         6.380727    
 ten35                tensio       -0.8828932       -0.8913830        8.4897738E-03     1.000000       -0.8828932       -0.8913830        8.4897738E-03    0.1567220         6.380727    
 ten36                tensio       -0.8960964       -0.8948840       -1.2124409E-03     1.000000       -0.8960964       -0.8948840       -1.2124409E-03    0.1567220         6.380727    
 ten37                tensio       -0.9064294       -0.8948840       -1.1545392E-02     1.000000       -0.9064294       -0.8948840       -1.1545392E-02    0.1567220         6.380727    
 ten38                tensio       -0.9173364       -0.8948840       -2.2452395E-02     1.000000       -0.9173364       -0.8948840       -2.2452395E-02    0.1567220         6.380727    
 ten39                tensio       -0.9282434       -0.8984130       -2.9830398E-02     1.000000       -0.9282434       -0.8984130       -2.9830398E-02    0.1567220         6.380727    
 ten40                tensio       -0.9380023       -0.8984130       -3.9589296E-02     1.000000       -0.9380023       -0.8984130       -3.9589296E-02    0.1567220         6.380727    
 ten41                tensio       -0.9477612       -0.8984130       -4.9348194E-02     1.000000       -0.9477612       -0.8984130       -4.9348194E-02    0.1567220         6.380727    
 ten42                tensio       -0.9552239       -0.9019700       -5.3253881E-02     1.000000       -0.9552239       -0.9019700       -5.3253881E-02    0.1567220         6.380727    
 ten43                tensio       -0.9632606       -0.9019700       -6.1290620E-02     1.000000       -0.9632606       -0.9019700       -6.1290620E-02    0.1567220         6.380727    
 ten44                tensio       -0.9712974       -0.9055550       -6.5742359E-02     1.000000       -0.9712974       -0.9055550       -6.5742359E-02    0.1567220         6.380727    
 ten45                tensio       -0.9799082       -0.9055550       -7.4353152E-02     1.000000       -0.9799082       -0.9055550       -7.4353152E-02    0.1567220         6.380727    
 ten46                tensio       -0.9862227       -0.9055550       -8.0667732E-02     1.000000       -0.9862227       -0.9055550       -8.0667732E-02    0.1567220         6.380727    
 ten47                tensio       -0.9936854       -0.9091680       -8.4517419E-02     1.000000       -0.9936854       -0.9091680       -8.4517419E-02    0.1567220         6.380727    
 ten48                tensio        -1.000574       -0.9091680       -9.1406053E-02     1.000000        -1.000574       -0.9091680       -9.1406053E-02    0.1567220         6.380727    
 ten49                tensio        -1.006889       -0.9128110       -9.4077634E-02     1.000000        -1.006889       -0.9128110       -9.4077634E-02    0.1567220         6.380727    
 ten50                tensio        -1.013203       -0.9128110       -0.1003922         1.000000        -1.013203       -0.9128110       -0.1003922        0.1567220         6.380727    
 ten51                tensio        -1.020092       -0.9164830       -0.1036088         1.000000        -1.020092       -0.9164830       -0.1036088        0.1567220         6.380727    
 ten52                tensio        -1.025832       -0.9239180       -0.1019144         1.000000        -1.025832       -0.9239180       -0.1019144        0.1567220         6.380727    
 ten53                tensio        -1.030999       -0.9314750       -9.9523852E-02     1.000000        -1.030999       -0.9314750       -9.9523852E-02    0.1567220         6.380727    
 ten54                tensio        -1.035591       -0.9391580       -9.6433274E-02     1.000000        -1.035591       -0.9391580       -9.6433274E-02    0.1567220         6.380727    
 ten55                tensio        -1.039610       -0.9469700       -9.2639644E-02     1.000000        -1.039610       -0.9469700       -9.2639644E-02    0.1567220         6.380727    
 ten56                tensio        -1.044202       -0.9549150       -8.9287067E-02     1.000000        -1.044202       -0.9549150       -8.9287067E-02    0.1567220         6.380727    
 ten57                tensio        -1.049943       -0.9629970       -8.6945595E-02     1.000000        -1.049943       -0.9629970       -8.6945595E-02    0.1567220         6.380727    
 ten58                tensio        -1.052813       -0.9670900       -8.5722859E-02     1.000000        -1.052813       -0.9670900       -8.5722859E-02    0.1567220         6.380727    
 ten59                tensio        -1.056257       -0.9753830       -8.0874176E-02     1.000000        -1.056257       -0.9753830       -8.0874176E-02    0.1567220         6.380727    
 ten60                tensio        -1.060850       -0.9795850       -8.1264598E-02     1.000000        -1.060850       -0.9795850       -8.1264598E-02    0.1567220         6.380727    
 ten61                tensio        -1.063720       -0.9881000       -7.5619862E-02     1.000000        -1.063720       -0.9881000       -7.5619862E-02    0.1567220         6.380727    
 ten62                tensio        -1.068312       -0.9924140       -7.5898285E-02     1.000000        -1.068312       -0.9924140       -7.5898285E-02    0.1567220         6.380727    
 ten63                tensio        -1.072331       -0.9967670       -7.5563654E-02     1.000000        -1.072331       -0.9967670       -7.5563654E-02    0.1567220         6.380727    
 ten64                tensio        -1.075775        -1.005591       -7.0183971E-02     1.000000        -1.075775        -1.005591       -7.0183971E-02    0.1567220         6.380727    
 ten65                tensio        -1.078071        -1.010064       -6.8007183E-02     1.000000        -1.078071        -1.010064       -6.8007183E-02    0.1567220         6.380727    
 ten66                tensio        -1.082090        -1.014578       -6.7511552E-02     1.000000        -1.082090        -1.014578       -6.7511552E-02    0.1567220         6.380727    
 ten67                tensio        -1.085534        -1.019133       -6.6400869E-02     1.000000        -1.085534        -1.019133       -6.6400869E-02    0.1567220         6.380727    
 ten68                tensio        -1.088404        -1.023730       -6.4674133E-02     1.000000        -1.088404        -1.023730       -6.4674133E-02    0.1567220         6.380727    
 ten69                tensio        -1.091274        -1.033055       -5.8219397E-02     1.000000        -1.091274        -1.033055       -5.8219397E-02    0.1567220         6.380727    
 ten70                tensio        -1.092423        -1.037783       -5.4639503E-02     1.000000        -1.092423        -1.037783       -5.4639503E-02    0.1567220         6.380727    
 ten71                tensio        -1.097015        -1.042556       -5.4458925E-02     1.000000        -1.097015        -1.042556       -5.4458925E-02    0.1567220         6.380727    
 ten72                tensio        -1.100459        -1.047374       -5.3085242E-02     1.000000        -1.100459        -1.047374       -5.3085242E-02    0.1567220         6.380727    
 ten73                tensio        -1.102181        -1.052239       -4.9942401E-02     1.000000        -1.102181        -1.052239       -4.9942401E-02    0.1567220         6.380727    
 ten74                tensio        -1.105052        -1.057150       -4.7901665E-02     1.000000        -1.105052        -1.057150       -4.7901665E-02    0.1567220         6.380727    
 ten75                tensio        -1.107348        -1.062109       -4.5238876E-02     1.000000        -1.107348        -1.062109       -4.5238876E-02    0.1567220         6.380727    
 ten76                tensio        -1.109644        -1.062109       -4.7535087E-02     1.000000        -1.109644        -1.062109       -4.7535087E-02    0.1567220         6.380727    
 ten77                tensio        -1.113088        -1.067117       -4.5971404E-02     1.000000        -1.113088        -1.067117       -4.5971404E-02    0.1567220         6.380727    
 ten78                tensio        -1.114237        -1.072174       -4.2062510E-02     1.000000        -1.114237        -1.072174       -4.2062510E-02    0.1567220         6.380727    
 ten79                tensio        -1.117107        -1.077280       -3.9826774E-02     1.000000        -1.117107        -1.077280       -3.9826774E-02    0.1567220         6.380727    
 ten80                tensio        -1.120551        -1.082438       -3.8113091E-02     1.000000        -1.120551        -1.082438       -3.8113091E-02    0.1567220         6.380727    
 ten81                tensio        -1.122847        -1.087647       -3.5200302E-02     1.000000        -1.122847        -1.087647       -3.5200302E-02    0.1567220         6.380727    
 ten82                tensio        -1.125144        -1.087647       -3.7496513E-02     1.000000        -1.125144        -1.087647       -3.7496513E-02    0.1567220         6.380727    
 ten83                tensio        -1.128014        -1.092908       -3.5105777E-02     1.000000        -1.128014        -1.092908       -3.5105777E-02    0.1567220         6.380727    
 ten84                tensio        -1.130310        -1.098223       -3.2086989E-02     1.000000        -1.130310        -1.098223       -3.2086989E-02    0.1567220         6.380727    
 ten85                tensio        -1.131458        -1.103591       -2.7867094E-02     1.000000        -1.131458        -1.103591       -2.7867094E-02    0.1567220         6.380727    
 ten86                tensio        -1.135476        -1.103591       -3.1885464E-02     1.000000        -1.135476        -1.103591       -3.1885464E-02    0.1567220         6.380727    
 ten87                tensio        -1.137199        -1.109015       -2.8183622E-02     1.000000        -1.137199        -1.109015       -2.8183622E-02    0.1567220         6.380727    
 ten88                tensio        -1.137773        -1.114494       -2.3278675E-02     1.000000        -1.137773        -1.114494       -2.3278675E-02    0.1567220         6.380727    
 ten89                tensio        -1.139495        -1.120030       -1.9464834E-02     1.000000        -1.139495        -1.120030       -1.9464834E-02    0.1567220         6.380727    
 ten90                tensio        -1.142939        -1.120030       -2.2909150E-02     1.000000        -1.142939        -1.120030       -2.2909150E-02    0.1567220         6.380727    
 ten91                tensio        -1.144661        -1.125624       -1.9037309E-02     1.000000        -1.144661        -1.125624       -1.9037309E-02    0.1567220         6.380727    
 ten92                tensio        -1.146958        -1.125624       -2.1333520E-02     1.000000        -1.146958        -1.125624       -2.1333520E-02    0.1567220         6.380727    
 ten93                tensio        -1.148106        -1.131276       -1.6829626E-02     1.000000        -1.148106        -1.131276       -1.6829626E-02    0.1567220         6.380727    
 ten94                tensio        -1.150402        -1.136988       -1.3413837E-02     1.000000        -1.150402        -1.136988       -1.3413837E-02    0.1567220         6.380727    
 ten95                tensio        -1.157290        -1.136988       -2.0302471E-02     1.000000        -1.157290        -1.136988       -2.0302471E-02    0.1567220         6.380727    
 ten96                tensio        -1.153846        -1.142761       -1.1085154E-02     1.000000        -1.153846        -1.142761       -1.1085154E-02    0.1567220         6.380727    
