 Name                 Group          Measured         Modelled         Residual         Weight       Weight*Measured    Weight*Modelled  Weight*Residual  Measurement_sd   Natural_weight
 ten1                 tensio        -1.464409        -1.744636        0.2802273         1.000000        -1.464409        -1.744636        0.2802273        0.1572965         6.357419    
 ten2                 tensio        -1.460964        -1.744636        0.2836716         1.000000        -1.460964        -1.744636        0.2836716        0.1572965         6.357419    
 ten3                 tensio        -1.458668        -1.744636        0.2859678         1.000000        -1.458668        -1.744636        0.2859678        0.1572965         6.357419    
 ten4                 tensio        -1.459816        -1.744636        0.2848197         1.000000        -1.459816        -1.744636        0.2848197        0.1572965         6.357419    
 ten5                 tensio        -1.456946        -1.744636        0.2876900         1.000000        -1.456946        -1.744636        0.2876900        0.1572965         6.357419    
 ten6                 tensio        -1.461538        -1.744636        0.2830975         1.000000        -1.461538        -1.744636        0.2830975        0.1572965         6.357419    
 ten7                 tensio        -1.460390        -1.744636        0.2842456         1.000000        -1.460390        -1.744636        0.2842456        0.1572965         6.357419    
 ten8                 tensio        -1.458668        -1.744636        0.2859678         1.000000        -1.458668        -1.744636        0.2859678        0.1572965         6.357419    
 ten9                 tensio        -1.462113        -1.744636        0.2825235         1.000000        -1.462113        -1.744636        0.2825235        0.1572965         6.357419    
 ten10                tensio        -1.453502        -1.744636        0.2911343         1.000000        -1.453502        -1.744636        0.2911343        0.1572965         6.357419    
 ten11                tensio        -1.454076        -1.744636        0.2905602         1.000000        -1.454076        -1.744636        0.2905602        0.1572965         6.357419    
 ten12                tensio        -1.451780        -1.744636        0.2928564         1.000000        -1.451780        -1.744636        0.2928564        0.1572965         6.357419    
 ten13                tensio        -1.452354        -1.744636        0.2922824         1.000000        -1.452354        -1.744636        0.2922824        0.1572965         6.357419    
 ten14                tensio        -1.458668        -1.744636        0.2859678         1.000000        -1.458668        -1.744636        0.2859678        0.1572965         6.357419    
 ten15                tensio        -1.452354        -1.744636        0.2922824         1.000000        -1.452354        -1.744636        0.2922824        0.1572965         6.357419    
 ten16                tensio        -1.448909        -1.744636        0.2957267         1.000000        -1.448909        -1.744636        0.2957267        0.1572965         6.357419    
 ten17                tensio        -1.449483        -1.744636        0.2951526         1.000000        -1.449483        -1.744636        0.2951526        0.1572965         6.357419    
 ten18                tensio        -1.430540        -1.744636        0.3140964         1.000000        -1.430540        -1.744636        0.3140964        0.1572965         6.357419    
 ten19                tensio        -1.404133        -1.744636        0.3405028         1.000000        -1.404133        -1.744636        0.3405028        0.1572965         6.357419    
 ten20                tensio        -1.320321        -1.744636        0.4243145         1.000000        -1.320321        -1.744636        0.4243145        0.1572965         6.357419    
 ten21                tensio        -1.060276        -1.108405        4.8129455E-02     1.000000        -1.060276        -1.108405        4.8129455E-02    0.1572965         6.357419    
 ten22                tensio       -0.7824340       -0.9759200        0.1934860         1.000000       -0.7824340       -0.9759200        0.1934860        0.1572965         6.357419    
 ten23                tensio       -0.7169920       -0.9194510        0.2024590         1.000000       -0.7169920       -0.9194510        0.2024590        0.1572965         6.357419    
 ten24                tensio       -0.7112514       -0.9159230        0.2046716         1.000000       -0.7112514       -0.9159230        0.2046716        0.1572965         6.357419    
 ten25                tensio       -0.7123995       -0.9159230        0.2035235         1.000000       -0.7123995       -0.9159230        0.2035235        0.1572965         6.357419    
 ten26                tensio       -0.7152698       -0.9159230        0.2006532         1.000000       -0.7152698       -0.9159230        0.2006532        0.1572965         6.357419    
 ten27                tensio       -0.7169920       -0.9194510        0.2024590         1.000000       -0.7169920       -0.9194510        0.2024590        0.1572965         6.357419    
 ten28                tensio       -0.7307692       -0.9194510        0.1886818         1.000000       -0.7307692       -0.9194510        0.1886818        0.1572965         6.357419    
 ten29                tensio       -0.7669346       -0.9194510        0.1525164         1.000000       -0.7669346       -0.9194510        0.1525164        0.1572965         6.357419    
 ten30                tensio       -0.7887486       -0.9230070        0.1342584         1.000000       -0.7887486       -0.9230070        0.1342584        0.1572965         6.357419    
 ten31                tensio       -0.8088404       -0.9230070        0.1141666         1.000000       -0.8088404       -0.9230070        0.1141666        0.1572965         6.357419    
 ten32                tensio       -0.8283582       -0.9230070        9.4648791E-02     1.000000       -0.8283582       -0.9230070        9.4648791E-02    0.1572965         6.357419    
 ten33                tensio       -0.8467279       -0.9230070        7.6279101E-02     1.000000       -0.8467279       -0.9230070        7.6279101E-02    0.1572965         6.357419    
 ten34                tensio       -0.8639495       -0.9265910        6.2641517E-02     1.000000       -0.8639495       -0.9265910        6.2641517E-02    0.1572965         6.357419    
 ten35                tensio       -0.8828932       -0.9265910        4.3697774E-02     1.000000       -0.8828932       -0.9265910        4.3697774E-02    0.1572965         6.357419    
 ten36                tensio       -0.8960964       -0.9302040        3.4107559E-02     1.000000       -0.8960964       -0.9302040        3.4107559E-02    0.1572965         6.357419    
 ten37                tensio       -0.9064294       -0.9302040        2.3774608E-02     1.000000       -0.9064294       -0.9302040        2.3774608E-02    0.1572965         6.357419    
 ten38                tensio       -0.9173364       -0.9302040        1.2867605E-02     1.000000       -0.9173364       -0.9302040        1.2867605E-02    0.1572965         6.357419    
 ten39                tensio       -0.9282434       -0.9338450        5.6016016E-03     1.000000       -0.9282434       -0.9338450        5.6016016E-03    0.1572965         6.357419    
 ten40                tensio       -0.9380023       -0.9338450       -4.1572962E-03     1.000000       -0.9380023       -0.9338450       -4.1572962E-03    0.1572965         6.357419    
 ten41                tensio       -0.9477612       -0.9338450       -1.3916194E-02     1.000000       -0.9477612       -0.9338450       -1.3916194E-02    0.1572965         6.357419    
 ten42                tensio       -0.9552239       -0.9375160       -1.7707881E-02     1.000000       -0.9552239       -0.9375160       -1.7707881E-02    0.1572965         6.357419    
 ten43                tensio       -0.9632606       -0.9375160       -2.5744620E-02     1.000000       -0.9632606       -0.9375160       -2.5744620E-02    0.1572965         6.357419    
 ten44                tensio       -0.9712974       -0.9412170       -3.0080359E-02     1.000000       -0.9712974       -0.9412170       -3.0080359E-02    0.1572965         6.357419    
 ten45                tensio       -0.9799082       -0.9412170       -3.8691152E-02     1.000000       -0.9799082       -0.9412170       -3.8691152E-02    0.1572965         6.357419    
 ten46                tensio       -0.9862227       -0.9412170       -4.5005732E-02     1.000000       -0.9862227       -0.9412170       -4.5005732E-02    0.1572965         6.357419    
 ten47                tensio       -0.9936854       -0.9449470       -4.8738419E-02     1.000000       -0.9936854       -0.9449470       -4.8738419E-02    0.1572965         6.357419    
 ten48                tensio        -1.000574       -0.9449470       -5.5627053E-02     1.000000        -1.000574       -0.9449470       -5.5627053E-02    0.1572965         6.357419    
 ten49                tensio        -1.006889       -0.9487080       -5.8180634E-02     1.000000        -1.006889       -0.9487080       -5.8180634E-02    0.1572965         6.357419    
 ten50                tensio        -1.013203       -0.9487080       -6.4495215E-02     1.000000        -1.013203       -0.9487080       -6.4495215E-02    0.1572965         6.357419    
 ten51                tensio        -1.020092       -0.9525000       -6.7591848E-02     1.000000        -1.020092       -0.9525000       -6.7591848E-02    0.1572965         6.357419    
 ten52                tensio        -1.025832       -0.9601770       -6.5655377E-02     1.000000        -1.025832       -0.9601770       -6.5655377E-02    0.1572965         6.357419    
 ten53                tensio        -1.030999       -0.9679830       -6.3015852E-02     1.000000        -1.030999       -0.9679830       -6.3015852E-02    0.1572965         6.357419    
 ten54                tensio        -1.035591       -0.9759200       -5.9671274E-02     1.000000        -1.035591       -0.9759200       -5.9671274E-02    0.1572965         6.357419    
 ten55                tensio        -1.039610       -0.9839930       -5.5616644E-02     1.000000        -1.039610       -0.9839930       -5.5616644E-02    0.1572965         6.357419    
 ten56                tensio        -1.044202       -0.9922050       -5.1997067E-02     1.000000        -1.044202       -0.9922050       -5.1997067E-02    0.1572965         6.357419    
 ten57                tensio        -1.049943       -0.9963650       -5.3577595E-02     1.000000        -1.049943       -0.9963650       -5.3577595E-02    0.1572965         6.357419    
 ten58                tensio        -1.052813        -1.004793       -4.8019859E-02     1.000000        -1.052813        -1.004793       -4.8019859E-02    0.1572965         6.357419    
 ten59                tensio        -1.056257        -1.009063       -4.7194176E-02     1.000000        -1.056257        -1.009063       -4.7194176E-02    0.1572965         6.357419    
 ten60                tensio        -1.060850        -1.017717       -4.3132598E-02     1.000000        -1.060850        -1.017717       -4.3132598E-02    0.1572965         6.357419    
 ten61                tensio        -1.063720        -1.022103       -4.1616862E-02     1.000000        -1.063720        -1.022103       -4.1616862E-02    0.1572965         6.357419    
 ten62                tensio        -1.068312        -1.030992       -3.7320285E-02     1.000000        -1.068312        -1.030992       -3.7320285E-02    0.1572965         6.357419    
 ten63                tensio        -1.072331        -1.035498       -3.6832654E-02     1.000000        -1.072331        -1.035498       -3.6832654E-02    0.1572965         6.357419    
 ten64                tensio        -1.075775        -1.040045       -3.5729971E-02     1.000000        -1.075775        -1.040045       -3.5729971E-02    0.1572965         6.357419    
 ten65                tensio        -1.078071        -1.044634       -3.3437183E-02     1.000000        -1.078071        -1.044634       -3.3437183E-02    0.1572965         6.357419    
 ten66                tensio        -1.082090        -1.053939       -2.8150552E-02     1.000000        -1.082090        -1.053939       -2.8150552E-02    0.1572965         6.357419    
 ten67                tensio        -1.085534        -1.058658       -2.6875869E-02     1.000000        -1.085534        -1.058658       -2.6875869E-02    0.1572965         6.357419    
 ten68                tensio        -1.088404        -1.063420       -2.4984133E-02     1.000000        -1.088404        -1.063420       -2.4984133E-02    0.1572965         6.357419    
 ten69                tensio        -1.091274        -1.068228       -2.3046397E-02     1.000000        -1.091274        -1.068228       -2.3046397E-02    0.1572965         6.357419    
 ten70                tensio        -1.092423        -1.073082       -1.9340503E-02     1.000000        -1.092423        -1.073082       -1.9340503E-02    0.1572965         6.357419    
 ten71                tensio        -1.097015        -1.077983       -1.9031925E-02     1.000000        -1.097015        -1.077983       -1.9031925E-02    0.1572965         6.357419    
 ten72                tensio        -1.100459        -1.082930       -1.7529242E-02     1.000000        -1.100459        -1.082930       -1.7529242E-02    0.1572965         6.357419    
 ten73                tensio        -1.102181        -1.087926       -1.4255401E-02     1.000000        -1.102181        -1.087926       -1.4255401E-02    0.1572965         6.357419    
 ten74                tensio        -1.105052        -1.092971       -1.2080665E-02     1.000000        -1.105052        -1.092971       -1.2080665E-02    0.1572965         6.357419    
 ten75                tensio        -1.107348        -1.098065       -9.2828760E-03     1.000000        -1.107348        -1.098065       -9.2828760E-03    0.1572965         6.357419    
 ten76                tensio        -1.109644        -1.103209       -6.4350873E-03     1.000000        -1.109644        -1.103209       -6.4350873E-03    0.1572965         6.357419    
 ten77                tensio        -1.113088        -1.108405       -4.6834041E-03     1.000000        -1.113088        -1.108405       -4.6834041E-03    0.1572965         6.357419    
 ten78                tensio        -1.114237        -1.108405       -5.8315098E-03     1.000000        -1.114237        -1.108405       -5.8315098E-03    0.1572965         6.357419    
 ten79                tensio        -1.117107        -1.113652       -3.4547738E-03     1.000000        -1.117107        -1.113652       -3.4547738E-03    0.1572965         6.357419    
 ten80                tensio        -1.120551        -1.118953       -1.5980907E-03     1.000000        -1.120551        -1.118953       -1.5980907E-03    0.1572965         6.357419    
 ten81                tensio        -1.122847        -1.124307        1.4596980E-03     1.000000        -1.122847        -1.124307        1.4596980E-03    0.1572965         6.357419    
 ten82                tensio        -1.125144        -1.129715        4.5714868E-03     1.000000        -1.125144        -1.129715        4.5714868E-03    0.1572965         6.357419    
 ten83                tensio        -1.128014        -1.129715        1.7012227E-03     1.000000        -1.128014        -1.129715        1.7012227E-03    0.1572965         6.357419    
 ten84                tensio        -1.130310        -1.135179        4.8690115E-03     1.000000        -1.130310        -1.135179        4.8690115E-03    0.1572965         6.357419    
 ten85                tensio        -1.131458        -1.140699        9.2409059E-03     1.000000        -1.131458        -1.140699        9.2409059E-03    0.1572965         6.357419    
 ten86                tensio        -1.135476        -1.146277        1.0800536E-02     1.000000        -1.135476        -1.146277        1.0800536E-02    0.1572965         6.357419    
 ten87                tensio        -1.137199        -1.146277        9.0783777E-03     1.000000        -1.137199        -1.146277        9.0783777E-03    0.1572965         6.357419    
 ten88                tensio        -1.137773        -1.151913        1.4140325E-02     1.000000        -1.137773        -1.151913        1.4140325E-02    0.1572965         6.357419    
 ten89                tensio        -1.139495        -1.157608        1.8113166E-02     1.000000        -1.139495        -1.157608        1.8113166E-02    0.1572965         6.357419    
 ten90                tensio        -1.142939        -1.157608        1.4668850E-02     1.000000        -1.142939        -1.157608        1.4668850E-02    0.1572965         6.357419    
 ten91                tensio        -1.144661        -1.163363        1.8701691E-02     1.000000        -1.144661        -1.163363        1.8701691E-02    0.1572965         6.357419    
 ten92                tensio        -1.146958        -1.163363        1.6405480E-02     1.000000        -1.146958        -1.163363        1.6405480E-02    0.1572965         6.357419    
 ten93                tensio        -1.148106        -1.169179        2.1073374E-02     1.000000        -1.148106        -1.169179        2.1073374E-02    0.1572965         6.357419    
 ten94                tensio        -1.150402        -1.175058        2.4656163E-02     1.000000        -1.150402        -1.175058        2.4656163E-02    0.1572965         6.357419    
 ten95                tensio        -1.157290        -1.175058        1.7767529E-02     1.000000        -1.157290        -1.175058        1.7767529E-02    0.1572965         6.357419    
 ten96                tensio        -1.153846        -1.181000        2.7153846E-02     1.000000        -1.153846        -1.181000        2.7153846E-02    0.1572965         6.357419    
