 Name                 Group          Measured         Modelled         Residual         Weight       Weight*Measured    Weight*Modelled  Weight*Residual  Measurement_sd   Natural_weight
 ten1                 tensio        -1.464409        -1.753543        0.2891343         1.000000        -1.464409        -1.753543        0.2891343        0.1663051         6.013045    
 ten2                 tensio        -1.460964        -1.753543        0.2925786         1.000000        -1.460964        -1.753543        0.2925786        0.1663051         6.013045    
 ten3                 tensio        -1.458668        -1.753543        0.2948748         1.000000        -1.458668        -1.753543        0.2948748        0.1663051         6.013045    
 ten4                 tensio        -1.459816        -1.753543        0.2937267         1.000000        -1.459816        -1.753543        0.2937267        0.1663051         6.013045    
 ten5                 tensio        -1.456946        -1.753543        0.2965970         1.000000        -1.456946        -1.753543        0.2965970        0.1663051         6.013045    
 ten6                 tensio        -1.461538        -1.753543        0.2920045         1.000000        -1.461538        -1.753543        0.2920045        0.1663051         6.013045    
 ten7                 tensio        -1.460390        -1.753543        0.2931526         1.000000        -1.460390        -1.753543        0.2931526        0.1663051         6.013045    
 ten8                 tensio        -1.458668        -1.753543        0.2948748         1.000000        -1.458668        -1.753543        0.2948748        0.1663051         6.013045    
 ten9                 tensio        -1.462113        -1.753543        0.2914305         1.000000        -1.462113        -1.753543        0.2914305        0.1663051         6.013045    
 ten10                tensio        -1.453502        -1.753543        0.3000413         1.000000        -1.453502        -1.753543        0.3000413        0.1663051         6.013045    
 ten11                tensio        -1.454076        -1.753543        0.2994672         1.000000        -1.454076        -1.753543        0.2994672        0.1663051         6.013045    
 ten12                tensio        -1.451780        -1.753543        0.3017634         1.000000        -1.451780        -1.753543        0.3017634        0.1663051         6.013045    
 ten13                tensio        -1.452354        -1.753543        0.3011894         1.000000        -1.452354        -1.753543        0.3011894        0.1663051         6.013045    
 ten14                tensio        -1.458668        -1.753543        0.2948748         1.000000        -1.458668        -1.753543        0.2948748        0.1663051         6.013045    
 ten15                tensio        -1.452354        -1.753543        0.3011894         1.000000        -1.452354        -1.753543        0.3011894        0.1663051         6.013045    
 ten16                tensio        -1.448909        -1.753543        0.3046337         1.000000        -1.448909        -1.753543        0.3046337        0.1663051         6.013045    
 ten17                tensio        -1.449483        -1.753543        0.3040596         1.000000        -1.449483        -1.753543        0.3040596        0.1663051         6.013045    
 ten18                tensio        -1.430540        -1.753543        0.3230034         1.000000        -1.430540        -1.753543        0.3230034        0.1663051         6.013045    
 ten19                tensio        -1.404133        -1.753543        0.3494098         1.000000        -1.404133        -1.753543        0.3494098        0.1663051         6.013045    
 ten20                tensio        -1.320321        -1.753543        0.4332215         1.000000        -1.320321        -1.753543        0.4332215        0.1663051         6.013045    
 ten21                tensio        -1.060276        -1.125622        6.5346455E-02     1.000000        -1.060276        -1.125622        6.5346455E-02    0.1663051         6.013045    
 ten22                tensio       -0.7824340        -1.006245        0.2238110         1.000000       -0.7824340        -1.006245        0.2238110        0.1663051         6.013045    
 ten23                tensio       -0.7169920       -0.9487140        0.2317220         1.000000       -0.7169920       -0.9487140        0.2317220        0.1663051         6.013045    
 ten24                tensio       -0.7112514       -0.9487140        0.2374626         1.000000       -0.7112514       -0.9487140        0.2374626        0.1663051         6.013045    
 ten25                tensio       -0.7123995       -0.9487140        0.2363145         1.000000       -0.7123995       -0.9487140        0.2363145        0.1663051         6.013045    
 ten26                tensio       -0.7152698       -0.9487140        0.2334442         1.000000       -0.7152698       -0.9487140        0.2334442        0.1663051         6.013045    
 ten27                tensio       -0.7169920       -0.9523360        0.2353440         1.000000       -0.7169920       -0.9523360        0.2353440        0.1663051         6.013045    
 ten28                tensio       -0.7307692       -0.9523360        0.2215668         1.000000       -0.7307692       -0.9523360        0.2215668        0.1663051         6.013045    
 ten29                tensio       -0.7669346       -0.9523360        0.1854014         1.000000       -0.7669346       -0.9523360        0.1854014        0.1663051         6.013045    
 ten30                tensio       -0.7887486       -0.9559870        0.1672384         1.000000       -0.7887486       -0.9559870        0.1672384        0.1663051         6.013045    
 ten31                tensio       -0.8088404       -0.9559870        0.1471466         1.000000       -0.8088404       -0.9559870        0.1471466        0.1663051         6.013045    
 ten32                tensio       -0.8283582       -0.9559870        0.1276288         1.000000       -0.8283582       -0.9559870        0.1276288        0.1663051         6.013045    
 ten33                tensio       -0.8467279       -0.9596670        0.1129391         1.000000       -0.8467279       -0.9596670        0.1129391        0.1663051         6.013045    
 ten34                tensio       -0.8639495       -0.9596670        9.5717517E-02     1.000000       -0.8639495       -0.9596670        9.5717517E-02    0.1663051         6.013045    
 ten35                tensio       -0.8828932       -0.9596670        7.6773774E-02     1.000000       -0.8828932       -0.9596670        7.6773774E-02    0.1663051         6.013045    
 ten36                tensio       -0.8960964       -0.9633760        6.7279559E-02     1.000000       -0.8960964       -0.9633760        6.7279559E-02    0.1663051         6.013045    
 ten37                tensio       -0.9064294       -0.9633760        5.6946608E-02     1.000000       -0.9064294       -0.9633760        5.6946608E-02    0.1663051         6.013045    
 ten38                tensio       -0.9173364       -0.9633760        4.6039605E-02     1.000000       -0.9173364       -0.9633760        4.6039605E-02    0.1663051         6.013045    
 ten39                tensio       -0.9282434       -0.9671160        3.8872602E-02     1.000000       -0.9282434       -0.9671160        3.8872602E-02    0.1663051         6.013045    
 ten40                tensio       -0.9380023       -0.9671160        2.9113704E-02     1.000000       -0.9380023       -0.9671160        2.9113704E-02    0.1663051         6.013045    
 ten41                tensio       -0.9477612       -0.9671160        1.9354806E-02     1.000000       -0.9477612       -0.9671160        1.9354806E-02    0.1663051         6.013045    
 ten42                tensio       -0.9552239       -0.9708850        1.5661119E-02     1.000000       -0.9552239       -0.9708850        1.5661119E-02    0.1663051         6.013045    
 ten43                tensio       -0.9632606       -0.9708850        7.6243800E-03     1.000000       -0.9632606       -0.9708850        7.6243800E-03    0.1663051         6.013045    
 ten44                tensio       -0.9712974       -0.9746860        3.3886406E-03     1.000000       -0.9712974       -0.9746860        3.3886406E-03    0.1663051         6.013045    
 ten45                tensio       -0.9799082       -0.9746860       -5.2221515E-03     1.000000       -0.9799082       -0.9746860       -5.2221515E-03    0.1663051         6.013045    
 ten46                tensio       -0.9862227       -0.9746860       -1.1536732E-02     1.000000       -0.9862227       -0.9746860       -1.1536732E-02    0.1663051         6.013045    
 ten47                tensio       -0.9936854       -0.9785170       -1.5168419E-02     1.000000       -0.9936854       -0.9785170       -1.5168419E-02    0.1663051         6.013045    
 ten48                tensio        -1.000574       -0.9785170       -2.2057053E-02     1.000000        -1.000574       -0.9785170       -2.2057053E-02    0.1663051         6.013045    
 ten49                tensio        -1.006889       -0.9823800       -2.4508634E-02     1.000000        -1.006889       -0.9823800       -2.4508634E-02    0.1663051         6.013045    
 ten50                tensio        -1.013203       -0.9823800       -3.0823215E-02     1.000000        -1.013203       -0.9823800       -3.0823215E-02    0.1663051         6.013045    
 ten51                tensio        -1.020092       -0.9862750       -3.3816848E-02     1.000000        -1.020092       -0.9862750       -3.3816848E-02    0.1663051         6.013045    
 ten52                tensio        -1.025832       -0.9941630       -3.1669377E-02     1.000000        -1.025832       -0.9941630       -3.1669377E-02    0.1663051         6.013045    
 ten53                tensio        -1.030999        -1.002184       -2.8814852E-02     1.000000        -1.030999        -1.002184       -2.8814852E-02    0.1663051         6.013045    
 ten54                tensio        -1.035591        -1.010341       -2.5250274E-02     1.000000        -1.035591        -1.010341       -2.5250274E-02    0.1663051         6.013045    
 ten55                tensio        -1.039610        -1.018640       -2.0969644E-02     1.000000        -1.039610        -1.018640       -2.0969644E-02    0.1663051         6.013045    
 ten56                tensio        -1.044202        -1.027083       -1.7119067E-02     1.000000        -1.044202        -1.027083       -1.7119067E-02    0.1663051         6.013045    
 ten57                tensio        -1.049943        -1.031360       -1.8582595E-02     1.000000        -1.049943        -1.031360       -1.8582595E-02    0.1663051         6.013045    
 ten58                tensio        -1.052813        -1.040028       -1.2784859E-02     1.000000        -1.052813        -1.040028       -1.2784859E-02    0.1663051         6.013045    
 ten59                tensio        -1.056257        -1.044420       -1.1837176E-02     1.000000        -1.056257        -1.044420       -1.1837176E-02    0.1663051         6.013045    
 ten60                tensio        -1.060850        -1.053323       -7.5265982E-03     1.000000        -1.060850        -1.053323       -7.5265982E-03    0.1663051         6.013045    
 ten61                tensio        -1.063720        -1.057835       -5.8848622E-03     1.000000        -1.063720        -1.057835       -5.8848622E-03    0.1663051         6.013045    
 ten62                tensio        -1.068312        -1.062388       -5.9242847E-03     1.000000        -1.068312        -1.062388       -5.9242847E-03    0.1663051         6.013045    
 ten63                tensio        -1.072331        -1.071620       -7.1065442E-04     1.000000        -1.072331        -1.071620       -7.1065442E-04    0.1663051         6.013045    
 ten64                tensio        -1.075775        -1.076300        5.2502870E-04     1.000000        -1.075775        -1.076300        5.2502870E-04    0.1663051         6.013045    
 ten65                tensio        -1.078071        -1.081024        2.9528174E-03     1.000000        -1.078071        -1.081024        2.9528174E-03    0.1663051         6.013045    
 ten66                tensio        -1.082090        -1.085793        3.7034478E-03     1.000000        -1.082090        -1.085793        3.7034478E-03    0.1663051         6.013045    
 ten67                tensio        -1.085534        -1.095465        9.9311309E-03     1.000000        -1.085534        -1.095465        9.9311309E-03    0.1663051         6.013045    
 ten68                tensio        -1.088404        -1.100371        1.1966867E-02     1.000000        -1.088404        -1.100371        1.1966867E-02    0.1663051         6.013045    
 ten69                tensio        -1.091274        -1.105324        1.4049603E-02     1.000000        -1.091274        -1.105324        1.4049603E-02    0.1663051         6.013045    
 ten70                tensio        -1.092423        -1.110324        1.7901497E-02     1.000000        -1.092423        -1.110324        1.7901497E-02    0.1663051         6.013045    
 ten71                tensio        -1.097015        -1.115374        1.8359075E-02     1.000000        -1.097015        -1.115374        1.8359075E-02    0.1663051         6.013045    
 ten72                tensio        -1.100459        -1.120473        2.0013758E-02     1.000000        -1.100459        -1.120473        2.0013758E-02    0.1663051         6.013045    
 ten73                tensio        -1.102181        -1.125622        2.3440599E-02     1.000000        -1.102181        -1.125622        2.3440599E-02    0.1663051         6.013045    
 ten74                tensio        -1.105052        -1.130822        2.5770335E-02     1.000000        -1.105052        -1.130822        2.5770335E-02    0.1663051         6.013045    
 ten75                tensio        -1.107348        -1.130822        2.3474124E-02     1.000000        -1.107348        -1.130822        2.3474124E-02    0.1663051         6.013045    
 ten76                tensio        -1.109644        -1.136073        2.6428913E-02     1.000000        -1.109644        -1.136073        2.6428913E-02    0.1663051         6.013045    
 ten77                tensio        -1.113088        -1.141378        2.8289596E-02     1.000000        -1.113088        -1.141378        2.8289596E-02    0.1663051         6.013045    
 ten78                tensio        -1.114237        -1.146736        3.2499490E-02     1.000000        -1.114237        -1.146736        3.2499490E-02    0.1663051         6.013045    
 ten79                tensio        -1.117107        -1.152148        3.5041226E-02     1.000000        -1.117107        -1.152148        3.5041226E-02    0.1663051         6.013045    
 ten80                tensio        -1.120551        -1.157616        3.7064909E-02     1.000000        -1.120551        -1.157616        3.7064909E-02    0.1663051         6.013045    
 ten81                tensio        -1.122847        -1.157616        3.4768698E-02     1.000000        -1.122847        -1.157616        3.4768698E-02    0.1663051         6.013045    
 ten82                tensio        -1.125144        -1.163140        3.7996487E-02     1.000000        -1.125144        -1.163140        3.7996487E-02    0.1663051         6.013045    
 ten83                tensio        -1.128014        -1.168721        4.0707223E-02     1.000000        -1.128014        -1.168721        4.0707223E-02    0.1663051         6.013045    
 ten84                tensio        -1.130310        -1.174360        4.4050011E-02     1.000000        -1.130310        -1.174360        4.4050011E-02    0.1663051         6.013045    
 ten85                tensio        -1.131458        -1.174360        4.2901906E-02     1.000000        -1.131458        -1.174360        4.2901906E-02    0.1663051         6.013045    
 ten86                tensio        -1.135476        -1.180058        4.4581536E-02     1.000000        -1.135476        -1.180058        4.4581536E-02    0.1663051         6.013045    
 ten87                tensio        -1.137199        -1.185816        4.8617378E-02     1.000000        -1.137199        -1.185816        4.8617378E-02    0.1663051         6.013045    
 ten88                tensio        -1.137773        -1.185816        4.8043325E-02     1.000000        -1.137773        -1.185816        4.8043325E-02    0.1663051         6.013045    
 ten89                tensio        -1.139495        -1.191636        5.2141166E-02     1.000000        -1.139495        -1.191636        5.2141166E-02    0.1663051         6.013045    
 ten90                tensio        -1.142939        -1.197517        5.4577850E-02     1.000000        -1.142939        -1.197517        5.4577850E-02    0.1663051         6.013045    
 ten91                tensio        -1.144661        -1.197517        5.2855691E-02     1.000000        -1.144661        -1.197517        5.2855691E-02    0.1663051         6.013045    
 ten92                tensio        -1.146958        -1.203462        5.6504480E-02     1.000000        -1.146958        -1.203462        5.6504480E-02    0.1663051         6.013045    
 ten93                tensio        -1.148106        -1.209471        6.1365374E-02     1.000000        -1.148106        -1.209471        6.1365374E-02    0.1663051         6.013045    
 ten94                tensio        -1.150402        -1.209471        5.9069163E-02     1.000000        -1.150402        -1.209471        5.9069163E-02    0.1663051         6.013045    
 ten95                tensio        -1.157290        -1.215546        5.8255529E-02     1.000000        -1.157290        -1.215546        5.8255529E-02    0.1663051         6.013045    
 ten96                tensio        -1.153846        -1.215546        6.1699846E-02     1.000000        -1.153846        -1.215546        6.1699846E-02    0.1663051         6.013045    
