 Name                 Group          Measured         Modelled         Residual         Weight       Weight*Measured    Weight*Modelled  Weight*Residual  Measurement_sd   Natural_weight
 ten1                 tensio        -1.464409        -1.753499        0.2890903         1.000000        -1.464409        -1.753499        0.2890903        0.1663496         6.011436    
 ten2                 tensio        -1.460964        -1.753499        0.2925346         1.000000        -1.460964        -1.753499        0.2925346        0.1663496         6.011436    
 ten3                 tensio        -1.458668        -1.753499        0.2948308         1.000000        -1.458668        -1.753499        0.2948308        0.1663496         6.011436    
 ten4                 tensio        -1.459816        -1.753499        0.2936827         1.000000        -1.459816        -1.753499        0.2936827        0.1663496         6.011436    
 ten5                 tensio        -1.456946        -1.753499        0.2965530         1.000000        -1.456946        -1.753499        0.2965530        0.1663496         6.011436    
 ten6                 tensio        -1.461538        -1.753499        0.2919605         1.000000        -1.461538        -1.753499        0.2919605        0.1663496         6.011436    
 ten7                 tensio        -1.460390        -1.753499        0.2931086         1.000000        -1.460390        -1.753499        0.2931086        0.1663496         6.011436    
 ten8                 tensio        -1.458668        -1.753499        0.2948308         1.000000        -1.458668        -1.753499        0.2948308        0.1663496         6.011436    
 ten9                 tensio        -1.462113        -1.753499        0.2913865         1.000000        -1.462113        -1.753499        0.2913865        0.1663496         6.011436    
 ten10                tensio        -1.453502        -1.753499        0.2999973         1.000000        -1.453502        -1.753499        0.2999973        0.1663496         6.011436    
 ten11                tensio        -1.454076        -1.753499        0.2994232         1.000000        -1.454076        -1.753499        0.2994232        0.1663496         6.011436    
 ten12                tensio        -1.451780        -1.753499        0.3017194         1.000000        -1.451780        -1.753499        0.3017194        0.1663496         6.011436    
 ten13                tensio        -1.452354        -1.753499        0.3011454         1.000000        -1.452354        -1.753499        0.3011454        0.1663496         6.011436    
 ten14                tensio        -1.458668        -1.753499        0.2948308         1.000000        -1.458668        -1.753499        0.2948308        0.1663496         6.011436    
 ten15                tensio        -1.452354        -1.753499        0.3011454         1.000000        -1.452354        -1.753499        0.3011454        0.1663496         6.011436    
 ten16                tensio        -1.448909        -1.753499        0.3045897         1.000000        -1.448909        -1.753499        0.3045897        0.1663496         6.011436    
 ten17                tensio        -1.449483        -1.753499        0.3040156         1.000000        -1.449483        -1.753499        0.3040156        0.1663496         6.011436    
 ten18                tensio        -1.430540        -1.753499        0.3229594         1.000000        -1.430540        -1.753499        0.3229594        0.1663496         6.011436    
 ten19                tensio        -1.404133        -1.753499        0.3493658         1.000000        -1.404133        -1.753499        0.3493658        0.1663496         6.011436    
 ten20                tensio        -1.320321        -1.753499        0.4331775         1.000000        -1.320321        -1.753499        0.4331775        0.1663496         6.011436    
 ten21                tensio        -1.060276        -1.125820        6.5544455E-02     1.000000        -1.060276        -1.125820        6.5544455E-02    0.1663496         6.011436    
 ten22                tensio       -0.7824340        -1.006472        0.2240380         1.000000       -0.7824340        -1.006472        0.2240380        0.1663496         6.011436    
 ten23                tensio       -0.7169920       -0.9489530        0.2319610         1.000000       -0.7169920       -0.9489530        0.2319610        0.1663496         6.011436    
 ten24                tensio       -0.7112514       -0.9489530        0.2377016         1.000000       -0.7112514       -0.9489530        0.2377016        0.1663496         6.011436    
 ten25                tensio       -0.7123995       -0.9489530        0.2365535         1.000000       -0.7123995       -0.9489530        0.2365535        0.1663496         6.011436    
 ten26                tensio       -0.7152698       -0.9489530        0.2336832         1.000000       -0.7152698       -0.9489530        0.2336832        0.1663496         6.011436    
 ten27                tensio       -0.7169920       -0.9525740        0.2355820         1.000000       -0.7169920       -0.9525740        0.2355820        0.1663496         6.011436    
 ten28                tensio       -0.7307692       -0.9525740        0.2218048         1.000000       -0.7307692       -0.9525740        0.2218048        0.1663496         6.011436    
 ten29                tensio       -0.7669346       -0.9525740        0.1856394         1.000000       -0.7669346       -0.9525740        0.1856394        0.1663496         6.011436    
 ten30                tensio       -0.7887486       -0.9562240        0.1674754         1.000000       -0.7887486       -0.9562240        0.1674754        0.1663496         6.011436    
 ten31                tensio       -0.8088404       -0.9562240        0.1473836         1.000000       -0.8088404       -0.9562240        0.1473836        0.1663496         6.011436    
 ten32                tensio       -0.8283582       -0.9562240        0.1278658         1.000000       -0.8283582       -0.9562240        0.1278658        0.1663496         6.011436    
 ten33                tensio       -0.8467279       -0.9599030        0.1131751         1.000000       -0.8467279       -0.9599030        0.1131751        0.1663496         6.011436    
 ten34                tensio       -0.8639495       -0.9599030        9.5953517E-02     1.000000       -0.8639495       -0.9599030        9.5953517E-02    0.1663496         6.011436    
 ten35                tensio       -0.8828932       -0.9599030        7.7009774E-02     1.000000       -0.8828932       -0.9599030        7.7009774E-02    0.1663496         6.011436    
 ten36                tensio       -0.8960964       -0.9636120        6.7515559E-02     1.000000       -0.8960964       -0.9636120        6.7515559E-02    0.1663496         6.011436    
 ten37                tensio       -0.9064294       -0.9636120        5.7182608E-02     1.000000       -0.9064294       -0.9636120        5.7182608E-02    0.1663496         6.011436    
 ten38                tensio       -0.9173364       -0.9636120        4.6275605E-02     1.000000       -0.9173364       -0.9636120        4.6275605E-02    0.1663496         6.011436    
 ten39                tensio       -0.9282434       -0.9673510        3.9107602E-02     1.000000       -0.9282434       -0.9673510        3.9107602E-02    0.1663496         6.011436    
 ten40                tensio       -0.9380023       -0.9673510        2.9348704E-02     1.000000       -0.9380023       -0.9673510        2.9348704E-02    0.1663496         6.011436    
 ten41                tensio       -0.9477612       -0.9673510        1.9589806E-02     1.000000       -0.9477612       -0.9673510        1.9589806E-02    0.1663496         6.011436    
 ten42                tensio       -0.9552239       -0.9711200        1.5896119E-02     1.000000       -0.9552239       -0.9711200        1.5896119E-02    0.1663496         6.011436    
 ten43                tensio       -0.9632606       -0.9711200        7.8593800E-03     1.000000       -0.9632606       -0.9711200        7.8593800E-03    0.1663496         6.011436    
 ten44                tensio       -0.9712974       -0.9749190        3.6216406E-03     1.000000       -0.9712974       -0.9749190        3.6216406E-03    0.1663496         6.011436    
 ten45                tensio       -0.9799082       -0.9749190       -4.9891516E-03     1.000000       -0.9799082       -0.9749190       -4.9891516E-03    0.1663496         6.011436    
 ten46                tensio       -0.9862227       -0.9749190       -1.1303732E-02     1.000000       -0.9862227       -0.9749190       -1.1303732E-02    0.1663496         6.011436    
 ten47                tensio       -0.9936854       -0.9787500       -1.4935419E-02     1.000000       -0.9936854       -0.9787500       -1.4935419E-02    0.1663496         6.011436    
 ten48                tensio        -1.000574       -0.9787500       -2.1824053E-02     1.000000        -1.000574       -0.9787500       -2.1824053E-02    0.1663496         6.011436    
 ten49                tensio        -1.006889       -0.9826120       -2.4276634E-02     1.000000        -1.006889       -0.9826120       -2.4276634E-02    0.1663496         6.011436    
 ten50                tensio        -1.013203       -0.9826120       -3.0591215E-02     1.000000        -1.013203       -0.9826120       -3.0591215E-02    0.1663496         6.011436    
 ten51                tensio        -1.020092       -0.9865070       -3.3584848E-02     1.000000        -1.020092       -0.9865070       -3.3584848E-02    0.1663496         6.011436    
 ten52                tensio        -1.025832       -0.9943930       -3.1439377E-02     1.000000        -1.025832       -0.9943930       -3.1439377E-02    0.1663496         6.011436    
 ten53                tensio        -1.030999        -1.002412       -2.8586852E-02     1.000000        -1.030999        -1.002412       -2.8586852E-02    0.1663496         6.011436    
 ten54                tensio        -1.035591        -1.010568       -2.5023274E-02     1.000000        -1.035591        -1.010568       -2.5023274E-02    0.1663496         6.011436    
 ten55                tensio        -1.039610        -1.018864       -2.0745644E-02     1.000000        -1.039610        -1.018864       -2.0745644E-02    0.1663496         6.011436    
 ten56                tensio        -1.044202        -1.027305       -1.6897067E-02     1.000000        -1.044202        -1.027305       -1.6897067E-02    0.1663496         6.011436    
 ten57                tensio        -1.049943        -1.031581       -1.8361595E-02     1.000000        -1.049943        -1.031581       -1.8361595E-02    0.1663496         6.011436    
 ten58                tensio        -1.052813        -1.040247       -1.2565859E-02     1.000000        -1.052813        -1.040247       -1.2565859E-02    0.1663496         6.011436    
 ten59                tensio        -1.056257        -1.044638       -1.1619176E-02     1.000000        -1.056257        -1.044638       -1.1619176E-02    0.1663496         6.011436    
 ten60                tensio        -1.060850        -1.053539       -7.3105982E-03     1.000000        -1.060850        -1.053539       -7.3105982E-03    0.1663496         6.011436    
 ten61                tensio        -1.063720        -1.058050       -5.6698622E-03     1.000000        -1.063720        -1.058050       -5.6698622E-03    0.1663496         6.011436    
 ten62                tensio        -1.068312        -1.067196       -1.1162847E-03     1.000000        -1.068312        -1.067196       -1.1162847E-03    0.1663496         6.011436    
 ten63                tensio        -1.072331        -1.071832       -4.9865442E-04     1.000000        -1.072331        -1.071832       -4.9865442E-04    0.1663496         6.011436    
 ten64                tensio        -1.075775        -1.076511        7.3602870E-04     1.000000        -1.075775        -1.076511        7.3602870E-04    0.1663496         6.011436    
 ten65                tensio        -1.078071        -1.081234        3.1628175E-03     1.000000        -1.078071        -1.081234        3.1628175E-03    0.1663496         6.011436    
 ten66                tensio        -1.082090        -1.086001        3.9114478E-03     1.000000        -1.082090        -1.086001        3.9114478E-03    0.1663496         6.011436    
 ten67                tensio        -1.085534        -1.095671        1.0137131E-02     1.000000        -1.085534        -1.095671        1.0137131E-02    0.1663496         6.011436    
 ten68                tensio        -1.088404        -1.100576        1.2171867E-02     1.000000        -1.088404        -1.100576        1.2171867E-02    0.1663496         6.011436    
 ten69                tensio        -1.091274        -1.105527        1.4252603E-02     1.000000        -1.091274        -1.105527        1.4252603E-02    0.1663496         6.011436    
 ten70                tensio        -1.092423        -1.110527        1.8104497E-02     1.000000        -1.092423        -1.110527        1.8104497E-02    0.1663496         6.011436    
 ten71                tensio        -1.097015        -1.115575        1.8560075E-02     1.000000        -1.097015        -1.115575        1.8560075E-02    0.1663496         6.011436    
 ten72                tensio        -1.100459        -1.120672        2.0212758E-02     1.000000        -1.100459        -1.120672        2.0212758E-02    0.1663496         6.011436    
 ten73                tensio        -1.102181        -1.125820        2.3638599E-02     1.000000        -1.102181        -1.125820        2.3638599E-02    0.1663496         6.011436    
 ten74                tensio        -1.105052        -1.131018        2.5966335E-02     1.000000        -1.105052        -1.131018        2.5966335E-02    0.1663496         6.011436    
 ten75                tensio        -1.107348        -1.136269        2.8921124E-02     1.000000        -1.107348        -1.136269        2.8921124E-02    0.1663496         6.011436    
 ten76                tensio        -1.109644        -1.136269        2.6624913E-02     1.000000        -1.109644        -1.136269        2.6624913E-02    0.1663496         6.011436    
 ten77                tensio        -1.113088        -1.141572        2.8483596E-02     1.000000        -1.113088        -1.141572        2.8483596E-02    0.1663496         6.011436    
 ten78                tensio        -1.114237        -1.146928        3.2691490E-02     1.000000        -1.114237        -1.146928        3.2691490E-02    0.1663496         6.011436    
 ten79                tensio        -1.117107        -1.152339        3.5232226E-02     1.000000        -1.117107        -1.152339        3.5232226E-02    0.1663496         6.011436    
 ten80                tensio        -1.120551        -1.157805        3.7253909E-02     1.000000        -1.120551        -1.157805        3.7253909E-02    0.1663496         6.011436    
 ten81                tensio        -1.122847        -1.157805        3.4957698E-02     1.000000        -1.122847        -1.157805        3.4957698E-02    0.1663496         6.011436    
 ten82                tensio        -1.125144        -1.163328        3.8184487E-02     1.000000        -1.125144        -1.163328        3.8184487E-02    0.1663496         6.011436    
 ten83                tensio        -1.128014        -1.168907        4.0893223E-02     1.000000        -1.128014        -1.168907        4.0893223E-02    0.1663496         6.011436    
 ten84                tensio        -1.130310        -1.174544        4.4234011E-02     1.000000        -1.130310        -1.174544        4.4234011E-02    0.1663496         6.011436    
 ten85                tensio        -1.131458        -1.174544        4.3085906E-02     1.000000        -1.131458        -1.174544        4.3085906E-02    0.1663496         6.011436    
 ten86                tensio        -1.135476        -1.180241        4.4764536E-02     1.000000        -1.135476        -1.180241        4.4764536E-02    0.1663496         6.011436    
 ten87                tensio        -1.137199        -1.185998        4.8799378E-02     1.000000        -1.137199        -1.185998        4.8799378E-02    0.1663496         6.011436    
 ten88                tensio        -1.137773        -1.185998        4.8225325E-02     1.000000        -1.137773        -1.185998        4.8225325E-02    0.1663496         6.011436    
 ten89                tensio        -1.139495        -1.191815        5.2320166E-02     1.000000        -1.139495        -1.191815        5.2320166E-02    0.1663496         6.011436    
 ten90                tensio        -1.142939        -1.197695        5.4755850E-02     1.000000        -1.142939        -1.197695        5.4755850E-02    0.1663496         6.011436    
 ten91                tensio        -1.144661        -1.197695        5.3033691E-02     1.000000        -1.144661        -1.197695        5.3033691E-02    0.1663496         6.011436    
 ten92                tensio        -1.146958        -1.203638        5.6680480E-02     1.000000        -1.146958        -1.203638        5.6680480E-02    0.1663496         6.011436    
 ten93                tensio        -1.148106        -1.209645        6.1539374E-02     1.000000        -1.148106        -1.209645        6.1539374E-02    0.1663496         6.011436    
 ten94                tensio        -1.150402        -1.209645        5.9243163E-02     1.000000        -1.150402        -1.209645        5.9243163E-02    0.1663496         6.011436    
 ten95                tensio        -1.157290        -1.215718        5.8427529E-02     1.000000        -1.157290        -1.215718        5.8427529E-02    0.1663496         6.011436    
 ten96                tensio        -1.153846        -1.215718        6.1871846E-02     1.000000        -1.153846        -1.215718        6.1871846E-02    0.1663496         6.011436    
