 Name                 Group          Measured         Modelled         Residual         Weight       Weight*Measured    Weight*Modelled  Weight*Residual  Measurement_sd   Natural_weight
 ten1                 tensio        -1.464409        -1.743535        0.2791263         1.000000        -1.464409        -1.743535        0.2791263        0.1573066         6.357013    
 ten2                 tensio        -1.460964        -1.743535        0.2825706         1.000000        -1.460964        -1.743535        0.2825706        0.1573066         6.357013    
 ten3                 tensio        -1.458668        -1.743535        0.2848668         1.000000        -1.458668        -1.743535        0.2848668        0.1573066         6.357013    
 ten4                 tensio        -1.459816        -1.743535        0.2837187         1.000000        -1.459816        -1.743535        0.2837187        0.1573066         6.357013    
 ten5                 tensio        -1.456946        -1.743535        0.2865890         1.000000        -1.456946        -1.743535        0.2865890        0.1573066         6.357013    
 ten6                 tensio        -1.461538        -1.743535        0.2819965         1.000000        -1.461538        -1.743535        0.2819965        0.1573066         6.357013    
 ten7                 tensio        -1.460390        -1.743535        0.2831446         1.000000        -1.460390        -1.743535        0.2831446        0.1573066         6.357013    
 ten8                 tensio        -1.458668        -1.743535        0.2848668         1.000000        -1.458668        -1.743535        0.2848668        0.1573066         6.357013    
 ten9                 tensio        -1.462113        -1.743535        0.2814225         1.000000        -1.462113        -1.743535        0.2814225        0.1573066         6.357013    
 ten10                tensio        -1.453502        -1.743535        0.2900333         1.000000        -1.453502        -1.743535        0.2900333        0.1573066         6.357013    
 ten11                tensio        -1.454076        -1.743535        0.2894592         1.000000        -1.454076        -1.743535        0.2894592        0.1573066         6.357013    
 ten12                tensio        -1.451780        -1.743535        0.2917554         1.000000        -1.451780        -1.743535        0.2917554        0.1573066         6.357013    
 ten13                tensio        -1.452354        -1.743535        0.2911814         1.000000        -1.452354        -1.743535        0.2911814        0.1573066         6.357013    
 ten14                tensio        -1.458668        -1.743535        0.2848668         1.000000        -1.458668        -1.743535        0.2848668        0.1573066         6.357013    
 ten15                tensio        -1.452354        -1.743535        0.2911814         1.000000        -1.452354        -1.743535        0.2911814        0.1573066         6.357013    
 ten16                tensio        -1.448909        -1.743535        0.2946257         1.000000        -1.448909        -1.743535        0.2946257        0.1573066         6.357013    
 ten17                tensio        -1.449483        -1.743535        0.2940516         1.000000        -1.449483        -1.743535        0.2940516        0.1573066         6.357013    
 ten18                tensio        -1.430540        -1.743535        0.3129954         1.000000        -1.430540        -1.743535        0.3129954        0.1573066         6.357013    
 ten19                tensio        -1.404133        -1.743535        0.3394018         1.000000        -1.404133        -1.743535        0.3394018        0.1573066         6.357013    
 ten20                tensio        -1.320321        -1.743535        0.4232135         1.000000        -1.320321        -1.743535        0.4232135        0.1573066         6.357013    
 ten21                tensio        -1.060276        -1.110248        4.9972455E-02     1.000000        -1.060276        -1.110248        4.9972455E-02    0.1573066         6.357013    
 ten22                tensio       -0.7824340       -0.9781560        0.1957220         1.000000       -0.7824340       -0.9781560        0.1957220        0.1573066         6.357013    
 ten23                tensio       -0.7169920       -0.9253730        0.2083810         1.000000       -0.7169920       -0.9253730        0.2083810        0.1573066         6.357013    
 ten24                tensio       -0.7112514       -0.9218250        0.2105736         1.000000       -0.7112514       -0.9218250        0.2105736        0.1573066         6.357013    
 ten25                tensio       -0.7123995       -0.9218250        0.2094255         1.000000       -0.7123995       -0.9218250        0.2094255        0.1573066         6.357013    
 ten26                tensio       -0.7152698       -0.9218250        0.2065552         1.000000       -0.7152698       -0.9218250        0.2065552        0.1573066         6.357013    
 ten27                tensio       -0.7169920       -0.9253730        0.2083810         1.000000       -0.7169920       -0.9253730        0.2083810        0.1573066         6.357013    
 ten28                tensio       -0.7307692       -0.9253730        0.1946038         1.000000       -0.7307692       -0.9253730        0.1946038        0.1573066         6.357013    
 ten29                tensio       -0.7669346       -0.9253730        0.1584384         1.000000       -0.7669346       -0.9253730        0.1584384        0.1573066         6.357013    
 ten30                tensio       -0.7887486       -0.9289480        0.1401994         1.000000       -0.7887486       -0.9289480        0.1401994        0.1573066         6.357013    
 ten31                tensio       -0.8088404       -0.9289480        0.1201076         1.000000       -0.8088404       -0.9289480        0.1201076        0.1573066         6.357013    
 ten32                tensio       -0.8283582       -0.9289480        0.1005898         1.000000       -0.8283582       -0.9289480        0.1005898        0.1573066         6.357013    
 ten33                tensio       -0.8467279       -0.9289480        8.2220101E-02     1.000000       -0.8467279       -0.9289480        8.2220101E-02    0.1573066         6.357013    
 ten34                tensio       -0.8639495       -0.9325530        6.8603517E-02     1.000000       -0.8639495       -0.9325530        6.8603517E-02    0.1573066         6.357013    
 ten35                tensio       -0.8828932       -0.9325530        4.9659774E-02     1.000000       -0.8828932       -0.9325530        4.9659774E-02    0.1573066         6.357013    
 ten36                tensio       -0.8960964       -0.9361860        4.0089559E-02     1.000000       -0.8960964       -0.9361860        4.0089559E-02    0.1573066         6.357013    
 ten37                tensio       -0.9064294       -0.9361860        2.9756608E-02     1.000000       -0.9064294       -0.9361860        2.9756608E-02    0.1573066         6.357013    
 ten38                tensio       -0.9173364       -0.9361860        1.8849605E-02     1.000000       -0.9173364       -0.9361860        1.8849605E-02    0.1573066         6.357013    
 ten39                tensio       -0.9282434       -0.9398480        1.1604602E-02     1.000000       -0.9282434       -0.9398480        1.1604602E-02    0.1573066         6.357013    
 ten40                tensio       -0.9380023       -0.9398480        1.8457038E-03     1.000000       -0.9380023       -0.9398480        1.8457038E-03    0.1573066         6.357013    
 ten41                tensio       -0.9477612       -0.9398480       -7.9131940E-03     1.000000       -0.9477612       -0.9398480       -7.9131940E-03    0.1573066         6.357013    
 ten42                tensio       -0.9552239       -0.9435390       -1.1684881E-02     1.000000       -0.9552239       -0.9435390       -1.1684881E-02    0.1573066         6.357013    
 ten43                tensio       -0.9632606       -0.9435390       -1.9721620E-02     1.000000       -0.9632606       -0.9435390       -1.9721620E-02    0.1573066         6.357013    
 ten44                tensio       -0.9712974       -0.9472610       -2.4036359E-02     1.000000       -0.9712974       -0.9472610       -2.4036359E-02    0.1573066         6.357013    
 ten45                tensio       -0.9799082       -0.9472610       -3.2647152E-02     1.000000       -0.9799082       -0.9472610       -3.2647152E-02    0.1573066         6.357013    
 ten46                tensio       -0.9862227       -0.9472610       -3.8961732E-02     1.000000       -0.9862227       -0.9472610       -3.8961732E-02    0.1573066         6.357013    
 ten47                tensio       -0.9936854       -0.9510120       -4.2673419E-02     1.000000       -0.9936854       -0.9510120       -4.2673419E-02    0.1573066         6.357013    
 ten48                tensio        -1.000574       -0.9510120       -4.9562053E-02     1.000000        -1.000574       -0.9510120       -4.9562053E-02    0.1573066         6.357013    
 ten49                tensio        -1.006889       -0.9547950       -5.2093634E-02     1.000000        -1.006889       -0.9547950       -5.2093634E-02    0.1573066         6.357013    
 ten50                tensio        -1.013203       -0.9547950       -5.8408215E-02     1.000000        -1.013203       -0.9547950       -5.8408215E-02    0.1573066         6.357013    
 ten51                tensio        -1.020092       -0.9586080       -6.1483848E-02     1.000000        -1.020092       -0.9586080       -6.1483848E-02    0.1573066         6.357013    
 ten52                tensio        -1.025832       -0.9663300       -5.9502377E-02     1.000000        -1.025832       -0.9663300       -5.9502377E-02    0.1573066         6.357013    
 ten53                tensio        -1.030999       -0.9741810       -5.6817852E-02     1.000000        -1.030999       -0.9741810       -5.6817852E-02    0.1573066         6.357013    
 ten54                tensio        -1.035591       -0.9821650       -5.3426274E-02     1.000000        -1.035591       -0.9821650       -5.3426274E-02    0.1573066         6.357013    
 ten55                tensio        -1.039610       -0.9902850       -4.9324644E-02     1.000000        -1.039610       -0.9902850       -4.9324644E-02    0.1573066         6.357013    
 ten56                tensio        -1.044202       -0.9943980       -4.9804067E-02     1.000000        -1.044202       -0.9943980       -4.9804067E-02    0.1573066         6.357013    
 ten57                tensio        -1.049943        -1.002731       -4.7211595E-02     1.000000        -1.049943        -1.002731       -4.7211595E-02    0.1573066         6.357013    
 ten58                tensio        -1.052813        -1.011210       -4.1602859E-02     1.000000        -1.052813        -1.011210       -4.1602859E-02    0.1573066         6.357013    
 ten59                tensio        -1.056257        -1.015506       -4.0751176E-02     1.000000        -1.056257        -1.015506       -4.0751176E-02    0.1573066         6.357013    
 ten60                tensio        -1.060850        -1.024212       -3.6637598E-02     1.000000        -1.060850        -1.024212       -3.6637598E-02    0.1573066         6.357013    
 ten61                tensio        -1.063720        -1.028624       -3.5095862E-02     1.000000        -1.063720        -1.028624       -3.5095862E-02    0.1573066         6.357013    
 ten62                tensio        -1.068312        -1.033076       -3.5236285E-02     1.000000        -1.068312        -1.033076       -3.5236285E-02    0.1573066         6.357013    
 ten63                tensio        -1.072331        -1.042102       -3.0228654E-02     1.000000        -1.072331        -1.042102       -3.0228654E-02    0.1573066         6.357013    
 ten64                tensio        -1.075775        -1.046677       -2.9097971E-02     1.000000        -1.075775        -1.046677       -2.9097971E-02    0.1573066         6.357013    
 ten65                tensio        -1.078071        -1.051295       -2.6776183E-02     1.000000        -1.078071        -1.051295       -2.6776183E-02    0.1573066         6.357013    
 ten66                tensio        -1.082090        -1.055955       -2.6134552E-02     1.000000        -1.082090        -1.055955       -2.6134552E-02    0.1573066         6.357013    
 ten67                tensio        -1.085534        -1.065408       -2.0125869E-02     1.000000        -1.085534        -1.065408       -2.0125869E-02    0.1573066         6.357013    
 ten68                tensio        -1.088404        -1.070201       -1.8203133E-02     1.000000        -1.088404        -1.070201       -1.8203133E-02    0.1573066         6.357013    
 ten69                tensio        -1.091274        -1.075039       -1.6235397E-02     1.000000        -1.091274        -1.075039       -1.6235397E-02    0.1573066         6.357013    
 ten70                tensio        -1.092423        -1.079925       -1.2497503E-02     1.000000        -1.092423        -1.079925       -1.2497503E-02    0.1573066         6.357013    
 ten71                tensio        -1.097015        -1.084857       -1.2157925E-02     1.000000        -1.097015        -1.084857       -1.2157925E-02    0.1573066         6.357013    
 ten72                tensio        -1.100459        -1.089836       -1.0623242E-02     1.000000        -1.100459        -1.089836       -1.0623242E-02    0.1573066         6.357013    
 ten73                tensio        -1.102181        -1.094865       -7.3164007E-03     1.000000        -1.102181        -1.094865       -7.3164007E-03    0.1573066         6.357013    
 ten74                tensio        -1.105052        -1.099942       -5.1096647E-03     1.000000        -1.105052        -1.099942       -5.1096647E-03    0.1573066         6.357013    
 ten75                tensio        -1.107348        -1.105070       -2.2778760E-03     1.000000        -1.107348        -1.105070       -2.2778760E-03    0.1573066         6.357013    
 ten76                tensio        -1.109644        -1.110248        6.0391274E-04     1.000000        -1.109644        -1.110248        6.0391274E-04    0.1573066         6.357013    
 ten77                tensio        -1.113088        -1.110248       -2.8404041E-03     1.000000        -1.113088        -1.110248       -2.8404041E-03    0.1573066         6.357013    
 ten78                tensio        -1.114237        -1.115479        1.2424902E-03     1.000000        -1.114237        -1.115479        1.2424902E-03    0.1573066         6.357013    
 ten79                tensio        -1.117107        -1.120761        3.6542262E-03     1.000000        -1.117107        -1.120761        3.6542262E-03    0.1573066         6.357013    
 ten80                tensio        -1.120551        -1.126097        5.5459093E-03     1.000000        -1.120551        -1.126097        5.5459093E-03    0.1573066         6.357013    
 ten81                tensio        -1.122847        -1.131487        8.6396980E-03     1.000000        -1.122847        -1.131487        8.6396980E-03    0.1573066         6.357013    
 ten82                tensio        -1.125144        -1.131487        6.3434868E-03     1.000000        -1.125144        -1.131487        6.3434868E-03    0.1573066         6.357013    
 ten83                tensio        -1.128014        -1.136933        8.9192227E-03     1.000000        -1.128014        -1.136933        8.9192227E-03    0.1573066         6.357013    
 ten84                tensio        -1.130310        -1.142434        1.2124011E-02     1.000000        -1.130310        -1.142434        1.2124011E-02    0.1573066         6.357013    
 ten85                tensio        -1.131458        -1.147992        1.6533906E-02     1.000000        -1.131458        -1.147992        1.6533906E-02    0.1573066         6.357013    
 ten86                tensio        -1.135476        -1.147992        1.2515536E-02     1.000000        -1.135476        -1.147992        1.2515536E-02    0.1573066         6.357013    
 ten87                tensio        -1.137199        -1.153608        1.6409378E-02     1.000000        -1.137199        -1.153608        1.6409378E-02    0.1573066         6.357013    
 ten88                tensio        -1.137773        -1.159283        2.1510325E-02     1.000000        -1.137773        -1.159283        2.1510325E-02    0.1573066         6.357013    
 ten89                tensio        -1.139495        -1.159283        1.9788166E-02     1.000000        -1.139495        -1.159283        1.9788166E-02    0.1573066         6.357013    
 ten90                tensio        -1.142939        -1.165018        2.2078850E-02     1.000000        -1.142939        -1.165018        2.2078850E-02    0.1573066         6.357013    
 ten91                tensio        -1.144661        -1.170813        2.6151691E-02     1.000000        -1.144661        -1.170813        2.6151691E-02    0.1573066         6.357013    
 ten92                tensio        -1.146958        -1.170813        2.3855480E-02     1.000000        -1.146958        -1.170813        2.3855480E-02    0.1573066         6.357013    
 ten93                tensio        -1.148106        -1.176671        2.8565374E-02     1.000000        -1.148106        -1.176671        2.8565374E-02    0.1573066         6.357013    
 ten94                tensio        -1.150402        -1.176671        2.6269163E-02     1.000000        -1.150402        -1.176671        2.6269163E-02    0.1573066         6.357013    
 ten95                tensio        -1.157290        -1.182591        2.5300529E-02     1.000000        -1.157290        -1.182591        2.5300529E-02    0.1573066         6.357013    
 ten96                tensio        -1.153846        -1.188576        3.4729846E-02     1.000000        -1.153846        -1.188576        3.4729846E-02    0.1573066         6.357013    
