 Name                 Group          Measured         Modelled         Residual         Weight       Weight*Measured    Weight*Modelled  Weight*Residual  Measurement_sd   Natural_weight
 ten1                 tensio        -1.464409        -1.752753        0.2883443         1.000000        -1.464409        -1.752753        0.2883443        0.1656450         6.037007    
 ten2                 tensio        -1.460964        -1.752753        0.2917886         1.000000        -1.460964        -1.752753        0.2917886        0.1656450         6.037007    
 ten3                 tensio        -1.458668        -1.752753        0.2940848         1.000000        -1.458668        -1.752753        0.2940848        0.1656450         6.037007    
 ten4                 tensio        -1.459816        -1.752753        0.2929367         1.000000        -1.459816        -1.752753        0.2929367        0.1656450         6.037007    
 ten5                 tensio        -1.456946        -1.752753        0.2958070         1.000000        -1.456946        -1.752753        0.2958070        0.1656450         6.037007    
 ten6                 tensio        -1.461538        -1.752753        0.2912145         1.000000        -1.461538        -1.752753        0.2912145        0.1656450         6.037007    
 ten7                 tensio        -1.460390        -1.752753        0.2923626         1.000000        -1.460390        -1.752753        0.2923626        0.1656450         6.037007    
 ten8                 tensio        -1.458668        -1.752753        0.2940848         1.000000        -1.458668        -1.752753        0.2940848        0.1656450         6.037007    
 ten9                 tensio        -1.462113        -1.752753        0.2906405         1.000000        -1.462113        -1.752753        0.2906405        0.1656450         6.037007    
 ten10                tensio        -1.453502        -1.752753        0.2992513         1.000000        -1.453502        -1.752753        0.2992513        0.1656450         6.037007    
 ten11                tensio        -1.454076        -1.752753        0.2986772         1.000000        -1.454076        -1.752753        0.2986772        0.1656450         6.037007    
 ten12                tensio        -1.451780        -1.752753        0.3009734         1.000000        -1.451780        -1.752753        0.3009734        0.1656450         6.037007    
 ten13                tensio        -1.452354        -1.752753        0.3003994         1.000000        -1.452354        -1.752753        0.3003994        0.1656450         6.037007    
 ten14                tensio        -1.458668        -1.752753        0.2940848         1.000000        -1.458668        -1.752753        0.2940848        0.1656450         6.037007    
 ten15                tensio        -1.452354        -1.752753        0.3003994         1.000000        -1.452354        -1.752753        0.3003994        0.1656450         6.037007    
 ten16                tensio        -1.448909        -1.752753        0.3038437         1.000000        -1.448909        -1.752753        0.3038437        0.1656450         6.037007    
 ten17                tensio        -1.449483        -1.752753        0.3032696         1.000000        -1.449483        -1.752753        0.3032696        0.1656450         6.037007    
 ten18                tensio        -1.430540        -1.752753        0.3222134         1.000000        -1.430540        -1.752753        0.3222134        0.1656450         6.037007    
 ten19                tensio        -1.404133        -1.752753        0.3486198         1.000000        -1.404133        -1.752753        0.3486198        0.1656450         6.037007    
 ten20                tensio        -1.320321        -1.752753        0.4324315         1.000000        -1.320321        -1.752753        0.4324315        0.1656450         6.037007    
 ten21                tensio        -1.060276        -1.095947        3.5671455E-02     1.000000        -1.060276        -1.095947        3.5671455E-02    0.1656450         6.037007    
 ten22                tensio       -0.7824340       -0.9883190        0.2058850         1.000000       -0.7824340       -0.9883190        0.2058850        0.1656450         6.037007    
 ten23                tensio       -0.7169920       -0.9441600        0.2271680         1.000000       -0.7169920       -0.9441600        0.2271680        0.1656450         6.037007    
 ten24                tensio       -0.7112514       -0.9441600        0.2329086         1.000000       -0.7112514       -0.9441600        0.2329086        0.1656450         6.037007    
 ten25                tensio       -0.7123995       -0.9441600        0.2317605         1.000000       -0.7123995       -0.9441600        0.2317605        0.1656450         6.037007    
 ten26                tensio       -0.7152698       -0.9441600        0.2288902         1.000000       -0.7152698       -0.9441600        0.2288902        0.1656450         6.037007    
 ten27                tensio       -0.7169920       -0.9476820        0.2306900         1.000000       -0.7169920       -0.9476820        0.2306900        0.1656450         6.037007    
 ten28                tensio       -0.7307692       -0.9476820        0.2169128         1.000000       -0.7307692       -0.9476820        0.2169128        0.1656450         6.037007    
 ten29                tensio       -0.7669346       -0.9476820        0.1807474         1.000000       -0.7669346       -0.9476820        0.1807474        0.1656450         6.037007    
 ten30                tensio       -0.7887486       -0.9512320        0.1624834         1.000000       -0.7887486       -0.9512320        0.1624834        0.1656450         6.037007    
 ten31                tensio       -0.8088404       -0.9512320        0.1423916         1.000000       -0.8088404       -0.9512320        0.1423916        0.1656450         6.037007    
 ten32                tensio       -0.8283582       -0.9512320        0.1228738         1.000000       -0.8283582       -0.9512320        0.1228738        0.1656450         6.037007    
 ten33                tensio       -0.8467279       -0.9548100        0.1080821         1.000000       -0.8467279       -0.9548100        0.1080821        0.1656450         6.037007    
 ten34                tensio       -0.8639495       -0.9548100        9.0860517E-02     1.000000       -0.8639495       -0.9548100        9.0860517E-02    0.1656450         6.037007    
 ten35                tensio       -0.8828932       -0.9548100        7.1916774E-02     1.000000       -0.8828932       -0.9548100        7.1916774E-02    0.1656450         6.037007    
 ten36                tensio       -0.8960964       -0.9584160        6.2319559E-02     1.000000       -0.8960964       -0.9584160        6.2319559E-02    0.1656450         6.037007    
 ten37                tensio       -0.9064294       -0.9584160        5.1986608E-02     1.000000       -0.9064294       -0.9584160        5.1986608E-02    0.1656450         6.037007    
 ten38                tensio       -0.9173364       -0.9620500        4.4713605E-02     1.000000       -0.9173364       -0.9620500        4.4713605E-02    0.1656450         6.037007    
 ten39                tensio       -0.9282434       -0.9620500        3.3806602E-02     1.000000       -0.9282434       -0.9620500        3.3806602E-02    0.1656450         6.037007    
 ten40                tensio       -0.9380023       -0.9620500        2.4047704E-02     1.000000       -0.9380023       -0.9620500        2.4047704E-02    0.1656450         6.037007    
 ten41                tensio       -0.9477612       -0.9657130        1.7951806E-02     1.000000       -0.9477612       -0.9657130        1.7951806E-02    0.1656450         6.037007    
 ten42                tensio       -0.9552239       -0.9657130        1.0489119E-02     1.000000       -0.9552239       -0.9657130        1.0489119E-02    0.1656450         6.037007    
 ten43                tensio       -0.9632606       -0.9694060        6.1453800E-03     1.000000       -0.9632606       -0.9694060        6.1453800E-03    0.1656450         6.037007    
 ten44                tensio       -0.9712974       -0.9694060       -1.8913594E-03     1.000000       -0.9712974       -0.9694060       -1.8913594E-03    0.1656450         6.037007    
 ten45                tensio       -0.9799082       -0.9731280       -6.7801516E-03     1.000000       -0.9799082       -0.9731280       -6.7801516E-03    0.1656450         6.037007    
 ten46                tensio       -0.9862227       -0.9731280       -1.3094732E-02     1.000000       -0.9862227       -0.9731280       -1.3094732E-02    0.1656450         6.037007    
 ten47                tensio       -0.9936854       -0.9768800       -1.6805419E-02     1.000000       -0.9936854       -0.9768800       -1.6805419E-02    0.1656450         6.037007    
 ten48                tensio        -1.000574       -0.9768800       -2.3694053E-02     1.000000        -1.000574       -0.9768800       -2.3694053E-02    0.1656450         6.037007    
 ten49                tensio        -1.006889       -0.9806620       -2.6226634E-02     1.000000        -1.006889       -0.9806620       -2.6226634E-02    0.1656450         6.037007    
 ten50                tensio        -1.013203       -0.9883190       -2.4884215E-02     1.000000        -1.013203       -0.9883190       -2.4884215E-02    0.1656450         6.037007    
 ten51                tensio        -1.020092       -0.9961030       -2.3988848E-02     1.000000        -1.020092       -0.9961030       -2.3988848E-02    0.1656450         6.037007    
 ten52                tensio        -1.025832        -1.004017       -2.1815377E-02     1.000000        -1.025832        -1.004017       -2.1815377E-02    0.1656450         6.037007    
 ten53                tensio        -1.030999        -1.012064       -1.8934852E-02     1.000000        -1.030999        -1.012064       -1.8934852E-02    0.1656450         6.037007    
 ten54                tensio        -1.035591        -1.020249       -1.5342274E-02     1.000000        -1.035591        -1.020249       -1.5342274E-02    0.1656450         6.037007    
 ten55                tensio        -1.039610        -1.028575       -1.1034644E-02     1.000000        -1.039610        -1.028575       -1.1034644E-02    0.1656450         6.037007    
 ten56                tensio        -1.044202        -1.037046       -7.1560666E-03     1.000000        -1.044202        -1.037046       -7.1560666E-03    0.1656450         6.037007    
 ten57                tensio        -1.049943        -1.041337       -8.6055947E-03     1.000000        -1.049943        -1.041337       -8.6055947E-03    0.1656450         6.037007    
 ten58                tensio        -1.052813        -1.050033       -2.7798588E-03     1.000000        -1.052813        -1.050033       -2.7798588E-03    0.1656450         6.037007    
 ten59                tensio        -1.056257        -1.054439       -1.8181757E-03     1.000000        -1.056257        -1.054439       -1.8181757E-03    0.1656450         6.037007    
 ten60                tensio        -1.060850        -1.063371        2.5214018E-03     1.000000        -1.060850        -1.063371        2.5214018E-03    0.1656450         6.037007    
 ten61                tensio        -1.063720        -1.067898        4.1781378E-03     1.000000        -1.063720        -1.067898        4.1781378E-03    0.1656450         6.037007    
 ten62                tensio        -1.068312        -1.077076        8.7637153E-03     1.000000        -1.068312        -1.077076        8.7637153E-03    0.1656450         6.037007    
 ten63                tensio        -1.072331        -1.081728        9.3973456E-03     1.000000        -1.072331        -1.081728        9.3973456E-03    0.1656450         6.037007    
 ten64                tensio        -1.075775        -1.086424        1.0649029E-02     1.000000        -1.075775        -1.086424        1.0649029E-02    0.1656450         6.037007    
 ten65                tensio        -1.078071        -1.091163        1.3091817E-02     1.000000        -1.078071        -1.091163        1.3091817E-02    0.1656450         6.037007    
 ten66                tensio        -1.082090        -1.095947        1.3857448E-02     1.000000        -1.082090        -1.095947        1.3857448E-02    0.1656450         6.037007    
 ten67                tensio        -1.085534        -1.105652        2.0118131E-02     1.000000        -1.085534        -1.105652        2.0118131E-02    0.1656450         6.037007    
 ten68                tensio        -1.088404        -1.110573        2.2168867E-02     1.000000        -1.088404        -1.110573        2.2168867E-02    0.1656450         6.037007    
 ten69                tensio        -1.091274        -1.115542        2.4267603E-02     1.000000        -1.091274        -1.115542        2.4267603E-02    0.1656450         6.037007    
 ten70                tensio        -1.092423        -1.120559        2.8136497E-02     1.000000        -1.092423        -1.120559        2.8136497E-02    0.1656450         6.037007    
 ten71                tensio        -1.097015        -1.125625        2.8610075E-02     1.000000        -1.097015        -1.125625        2.8610075E-02    0.1656450         6.037007    
 ten72                tensio        -1.100459        -1.130741        3.0281758E-02     1.000000        -1.100459        -1.130741        3.0281758E-02    0.1656450         6.037007    
 ten73                tensio        -1.102181        -1.135906        3.3724599E-02     1.000000        -1.102181        -1.135906        3.3724599E-02    0.1656450         6.037007    
 ten74                tensio        -1.105052        -1.141123        3.6071335E-02     1.000000        -1.105052        -1.141123        3.6071335E-02    0.1656450         6.037007    
 ten75                tensio        -1.107348        -1.141123        3.3775124E-02     1.000000        -1.107348        -1.141123        3.3775124E-02    0.1656450         6.037007    
 ten76                tensio        -1.109644        -1.146392        3.6747913E-02     1.000000        -1.109644        -1.146392        3.6747913E-02    0.1656450         6.037007    
 ten77                tensio        -1.113088        -1.151714        3.8625596E-02     1.000000        -1.113088        -1.151714        3.8625596E-02    0.1656450         6.037007    
 ten78                tensio        -1.114237        -1.157090        4.2853490E-02     1.000000        -1.114237        -1.157090        4.2853490E-02    0.1656450         6.037007    
 ten79                tensio        -1.117107        -1.162520        4.5413226E-02     1.000000        -1.117107        -1.162520        4.5413226E-02    0.1656450         6.037007    
 ten80                tensio        -1.120551        -1.168006        4.7454909E-02     1.000000        -1.120551        -1.168006        4.7454909E-02    0.1656450         6.037007    
 ten81                tensio        -1.122847        -1.168006        4.5158698E-02     1.000000        -1.122847        -1.168006        4.5158698E-02    0.1656450         6.037007    
 ten82                tensio        -1.125144        -1.173548        4.8404487E-02     1.000000        -1.125144        -1.173548        4.8404487E-02    0.1656450         6.037007    
 ten83                tensio        -1.128014        -1.179148        5.1134223E-02     1.000000        -1.128014        -1.179148        5.1134223E-02    0.1656450         6.037007    
 ten84                tensio        -1.130310        -1.184806        5.4496011E-02     1.000000        -1.130310        -1.184806        5.4496011E-02    0.1656450         6.037007    
 ten85                tensio        -1.131458        -1.184806        5.3347906E-02     1.000000        -1.131458        -1.184806        5.3347906E-02    0.1656450         6.037007    
 ten86                tensio        -1.135476        -1.190523        5.5046536E-02     1.000000        -1.135476        -1.190523        5.5046536E-02    0.1656450         6.037007    
 ten87                tensio        -1.137199        -1.196300        5.9101378E-02     1.000000        -1.137199        -1.196300        5.9101378E-02    0.1656450         6.037007    
 ten88                tensio        -1.137773        -1.196300        5.8527325E-02     1.000000        -1.137773        -1.196300        5.8527325E-02    0.1656450         6.037007    
 ten89                tensio        -1.139495        -1.202139        6.2644166E-02     1.000000        -1.139495        -1.202139        6.2644166E-02    0.1656450         6.037007    
 ten90                tensio        -1.142939        -1.208041        6.5101850E-02     1.000000        -1.142939        -1.208041        6.5101850E-02    0.1656450         6.037007    
 ten91                tensio        -1.144661        -1.208041        6.3379691E-02     1.000000        -1.144661        -1.208041        6.3379691E-02    0.1656450         6.037007    
 ten92                tensio        -1.146958        -1.214005        6.7047480E-02     1.000000        -1.146958        -1.214005        6.7047480E-02    0.1656450         6.037007    
 ten93                tensio        -1.148106        -1.220035        7.1929374E-02     1.000000        -1.148106        -1.220035        7.1929374E-02    0.1656450         6.037007    
 ten94                tensio        -1.150402        -1.220035        6.9633163E-02     1.000000        -1.150402        -1.220035        6.9633163E-02    0.1656450         6.037007    
 ten95                tensio        -1.157290        -1.226130        6.8839529E-02     1.000000        -1.157290        -1.226130        6.8839529E-02    0.1656450         6.037007    
 ten96                tensio        -1.153846        -1.226130        7.2283846E-02     1.000000        -1.153846        -1.226130        7.2283846E-02    0.1656450         6.037007    
