 Name                 Group          Measured         Modelled         Residual         Weight       Weight*Measured    Weight*Modelled  Weight*Residual  Measurement_sd   Natural_weight
 ten1                 tensio        -1.464409        -1.741937        0.2775283         1.000000        -1.464409        -1.741937        0.2775283        0.1549168         6.455079    
 ten2                 tensio        -1.460964        -1.741937        0.2809726         1.000000        -1.460964        -1.741937        0.2809726        0.1549168         6.455079    
 ten3                 tensio        -1.458668        -1.741937        0.2832688         1.000000        -1.458668        -1.741937        0.2832688        0.1549168         6.455079    
 ten4                 tensio        -1.459816        -1.741937        0.2821207         1.000000        -1.459816        -1.741937        0.2821207        0.1549168         6.455079    
 ten5                 tensio        -1.456946        -1.741937        0.2849910         1.000000        -1.456946        -1.741937        0.2849910        0.1549168         6.455079    
 ten6                 tensio        -1.461538        -1.741937        0.2803985         1.000000        -1.461538        -1.741937        0.2803985        0.1549168         6.455079    
 ten7                 tensio        -1.460390        -1.741937        0.2815466         1.000000        -1.460390        -1.741937        0.2815466        0.1549168         6.455079    
 ten8                 tensio        -1.458668        -1.741937        0.2832688         1.000000        -1.458668        -1.741937        0.2832688        0.1549168         6.455079    
 ten9                 tensio        -1.462113        -1.741937        0.2798245         1.000000        -1.462113        -1.741937        0.2798245        0.1549168         6.455079    
 ten10                tensio        -1.453502        -1.741937        0.2884353         1.000000        -1.453502        -1.741937        0.2884353        0.1549168         6.455079    
 ten11                tensio        -1.454076        -1.741937        0.2878612         1.000000        -1.454076        -1.741937        0.2878612        0.1549168         6.455079    
 ten12                tensio        -1.451780        -1.741937        0.2901574         1.000000        -1.451780        -1.741937        0.2901574        0.1549168         6.455079    
 ten13                tensio        -1.452354        -1.741937        0.2895834         1.000000        -1.452354        -1.741937        0.2895834        0.1549168         6.455079    
 ten14                tensio        -1.458668        -1.741937        0.2832688         1.000000        -1.458668        -1.741937        0.2832688        0.1549168         6.455079    
 ten15                tensio        -1.452354        -1.741937        0.2895834         1.000000        -1.452354        -1.741937        0.2895834        0.1549168         6.455079    
 ten16                tensio        -1.448909        -1.741937        0.2930277         1.000000        -1.448909        -1.741937        0.2930277        0.1549168         6.455079    
 ten17                tensio        -1.449483        -1.741937        0.2924536         1.000000        -1.449483        -1.741937        0.2924536        0.1549168         6.455079    
 ten18                tensio        -1.430540        -1.741937        0.3113974         1.000000        -1.430540        -1.741937        0.3113974        0.1549168         6.455079    
 ten19                tensio        -1.404133        -1.741937        0.3378038         1.000000        -1.404133        -1.741937        0.3378038        0.1549168         6.455079    
 ten20                tensio        -1.320321        -1.741937        0.4216155         1.000000        -1.320321        -1.741937        0.4216155        0.1549168         6.455079    
 ten21                tensio        -1.060276        -1.078557        1.8281455E-02     1.000000        -1.060276        -1.078557        1.8281455E-02    0.1549168         6.455079    
 ten22                tensio       -0.7824340       -0.9588740        0.1764400         1.000000       -0.7824340       -0.9588740        0.1764400        0.1549168         6.455079    
 ten23                tensio       -0.7169920       -0.9121670        0.1951750         1.000000       -0.7169920       -0.9121670        0.1951750        0.1549168         6.455079    
 ten24                tensio       -0.7112514       -0.9121670        0.2009156         1.000000       -0.7112514       -0.9121670        0.2009156        0.1549168         6.455079    
 ten25                tensio       -0.7123995       -0.9121670        0.1997675         1.000000       -0.7123995       -0.9121670        0.1997675        0.1549168         6.455079    
 ten26                tensio       -0.7152698       -0.9121670        0.1968972         1.000000       -0.7152698       -0.9121670        0.1968972        0.1549168         6.455079    
 ten27                tensio       -0.7169920       -0.9155940        0.1986020         1.000000       -0.7169920       -0.9155940        0.1986020        0.1549168         6.455079    
 ten28                tensio       -0.7307692       -0.9155940        0.1848248         1.000000       -0.7307692       -0.9155940        0.1848248        0.1549168         6.455079    
 ten29                tensio       -0.7669346       -0.9155940        0.1486594         1.000000       -0.7669346       -0.9155940        0.1486594        0.1549168         6.455079    
 ten30                tensio       -0.7887486       -0.9190470        0.1302984         1.000000       -0.7887486       -0.9190470        0.1302984        0.1549168         6.455079    
 ten31                tensio       -0.8088404       -0.9190470        0.1102066         1.000000       -0.8088404       -0.9190470        0.1102066        0.1549168         6.455079    
 ten32                tensio       -0.8283582       -0.9190470        9.0688791E-02     1.000000       -0.8283582       -0.9190470        9.0688791E-02    0.1549168         6.455079    
 ten33                tensio       -0.8467279       -0.9225270        7.5799101E-02     1.000000       -0.8467279       -0.9225270        7.5799101E-02    0.1549168         6.455079    
 ten34                tensio       -0.8639495       -0.9225270        5.8577517E-02     1.000000       -0.8639495       -0.9225270        5.8577517E-02    0.1549168         6.455079    
 ten35                tensio       -0.8828932       -0.9260340        4.3140774E-02     1.000000       -0.8828932       -0.9260340        4.3140774E-02    0.1549168         6.455079    
 ten36                tensio       -0.8960964       -0.9260340        2.9937559E-02     1.000000       -0.8960964       -0.9260340        2.9937559E-02    0.1549168         6.455079    
 ten37                tensio       -0.9064294       -0.9260340        1.9604608E-02     1.000000       -0.9064294       -0.9260340        1.9604608E-02    0.1549168         6.455079    
 ten38                tensio       -0.9173364       -0.9295690        1.2232605E-02     1.000000       -0.9173364       -0.9295690        1.2232605E-02    0.1549168         6.455079    
 ten39                tensio       -0.9282434       -0.9295690        1.3256016E-03     1.000000       -0.9282434       -0.9295690        1.3256016E-03    0.1549168         6.455079    
 ten40                tensio       -0.9380023       -0.9331310       -4.8712962E-03     1.000000       -0.9380023       -0.9331310       -4.8712962E-03    0.1549168         6.455079    
 ten41                tensio       -0.9477612       -0.9331310       -1.4630194E-02     1.000000       -0.9477612       -0.9331310       -1.4630194E-02    0.1549168         6.455079    
 ten42                tensio       -0.9552239       -0.9331310       -2.2092881E-02     1.000000       -0.9552239       -0.9331310       -2.2092881E-02    0.1549168         6.455079    
 ten43                tensio       -0.9632606       -0.9367210       -2.6539620E-02     1.000000       -0.9632606       -0.9367210       -2.6539620E-02    0.1549168         6.455079    
 ten44                tensio       -0.9712974       -0.9367210       -3.4576359E-02     1.000000       -0.9712974       -0.9367210       -3.4576359E-02    0.1549168         6.455079    
 ten45                tensio       -0.9799082       -0.9403400       -3.9568152E-02     1.000000       -0.9799082       -0.9403400       -3.9568152E-02    0.1549168         6.455079    
 ten46                tensio       -0.9862227       -0.9403400       -4.5882732E-02     1.000000       -0.9862227       -0.9403400       -4.5882732E-02    0.1549168         6.455079    
 ten47                tensio       -0.9936854       -0.9439880       -4.9697419E-02     1.000000       -0.9936854       -0.9439880       -4.9697419E-02    0.1549168         6.455079    
 ten48                tensio        -1.000574       -0.9439880       -5.6586053E-02     1.000000        -1.000574       -0.9439880       -5.6586053E-02    0.1549168         6.455079    
 ten49                tensio        -1.006889       -0.9476650       -5.9223634E-02     1.000000        -1.006889       -0.9476650       -5.9223634E-02    0.1549168         6.455079    
 ten50                tensio        -1.013203       -0.9551080       -5.8095215E-02     1.000000        -1.013203       -0.9551080       -5.8095215E-02    0.1549168         6.455079    
 ten51                tensio        -1.020092       -0.9665010       -5.3590848E-02     1.000000        -1.020092       -0.9665010       -5.3590848E-02    0.1549168         6.455079    
 ten52                tensio        -1.025832       -0.9742540       -5.1578377E-02     1.000000        -1.025832       -0.9742540       -5.1578377E-02    0.1549168         6.455079    
 ten53                tensio        -1.030999       -0.9821370       -4.8861852E-02     1.000000        -1.030999       -0.9821370       -4.8861852E-02    0.1549168         6.455079    
 ten54                tensio        -1.035591       -0.9901540       -4.5437274E-02     1.000000        -1.035591       -0.9901540       -4.5437274E-02    0.1549168         6.455079    
 ten55                tensio        -1.039610       -0.9942130       -4.5396644E-02     1.000000        -1.039610       -0.9942130       -4.5396644E-02    0.1549168         6.455079    
 ten56                tensio        -1.044202        -1.002437       -4.1765067E-02     1.000000        -1.044202        -1.002437       -4.1765067E-02    0.1549168         6.455079    
 ten57                tensio        -1.049943        -1.010804       -3.9138595E-02     1.000000        -1.049943        -1.010804       -3.9138595E-02    0.1549168         6.455079    
 ten58                tensio        -1.052813        -1.015042       -3.7770859E-02     1.000000        -1.052813        -1.015042       -3.7770859E-02    0.1549168         6.455079    
 ten59                tensio        -1.056257        -1.023632       -3.2625176E-02     1.000000        -1.056257        -1.023632       -3.2625176E-02    0.1549168         6.455079    
 ten60                tensio        -1.060850        -1.027984       -3.2865598E-02     1.000000        -1.060850        -1.027984       -3.2865598E-02    0.1549168         6.455079    
 ten61                tensio        -1.063720        -1.036805       -2.6914862E-02     1.000000        -1.063720        -1.036805       -2.6914862E-02    0.1549168         6.455079    
 ten62                tensio        -1.068312        -1.041276       -2.7036285E-02     1.000000        -1.068312        -1.041276       -2.7036285E-02    0.1549168         6.455079    
 ten63                tensio        -1.072331        -1.045787       -2.6543654E-02     1.000000        -1.072331        -1.045787       -2.6543654E-02    0.1549168         6.455079    
 ten64                tensio        -1.075775        -1.054934       -2.0840971E-02     1.000000        -1.075775        -1.054934       -2.0840971E-02    0.1549168         6.455079    
 ten65                tensio        -1.078071        -1.059571       -1.8500183E-02     1.000000        -1.078071        -1.059571       -1.8500183E-02    0.1549168         6.455079    
 ten66                tensio        -1.082090        -1.064251       -1.7838552E-02     1.000000        -1.082090        -1.064251       -1.7838552E-02    0.1549168         6.455079    
 ten67                tensio        -1.085534        -1.068975       -1.6558869E-02     1.000000        -1.085534        -1.068975       -1.6558869E-02    0.1549168         6.455079    
 ten68                tensio        -1.088404        -1.073743       -1.4661133E-02     1.000000        -1.088404        -1.073743       -1.4661133E-02    0.1549168         6.455079    
 ten69                tensio        -1.091274        -1.078557       -1.2717397E-02     1.000000        -1.091274        -1.078557       -1.2717397E-02    0.1549168         6.455079    
 ten70                tensio        -1.092423        -1.083416       -9.0065029E-03     1.000000        -1.092423        -1.083416       -9.0065029E-03    0.1549168         6.455079    
 ten71                tensio        -1.097015        -1.088322       -8.6929254E-03     1.000000        -1.097015        -1.088322       -8.6929254E-03    0.1549168         6.455079    
 ten72                tensio        -1.100459        -1.093276       -7.1832422E-03     1.000000        -1.100459        -1.093276       -7.1832422E-03    0.1549168         6.455079    
 ten73                tensio        -1.102181        -1.098277       -3.9044007E-03     1.000000        -1.102181        -1.098277       -3.9044007E-03    0.1549168         6.455079    
 ten74                tensio        -1.105052        -1.103327       -1.7246647E-03     1.000000        -1.105052        -1.103327       -1.7246647E-03    0.1549168         6.455079    
 ten75                tensio        -1.107348        -1.108427        1.0791240E-03     1.000000        -1.107348        -1.108427        1.0791240E-03    0.1549168         6.455079    
 ten76                tensio        -1.109644        -1.113577        3.9329127E-03     1.000000        -1.109644        -1.113577        3.9329127E-03    0.1549168         6.455079    
 ten77                tensio        -1.113088        -1.118778        5.6895959E-03     1.000000        -1.113088        -1.118778        5.6895959E-03    0.1549168         6.455079    
 ten78                tensio        -1.114237        -1.124031        9.7944902E-03     1.000000        -1.114237        -1.124031        9.7944902E-03    0.1549168         6.455079    
 ten79                tensio        -1.117107        -1.129337        1.2230226E-02     1.000000        -1.117107        -1.129337        1.2230226E-02    0.1549168         6.455079    
 ten80                tensio        -1.120551        -1.129337        8.7859093E-03     1.000000        -1.120551        -1.129337        8.7859093E-03    0.1549168         6.455079    
 ten81                tensio        -1.122847        -1.134696        1.1848698E-02     1.000000        -1.122847        -1.134696        1.1848698E-02    0.1549168         6.455079    
 ten82                tensio        -1.125144        -1.140110        1.4966487E-02     1.000000        -1.125144        -1.140110        1.4966487E-02    0.1549168         6.455079    
 ten83                tensio        -1.128014        -1.145580        1.7566223E-02     1.000000        -1.128014        -1.145580        1.7566223E-02    0.1549168         6.455079    
 ten84                tensio        -1.130310        -1.151106        2.0796011E-02     1.000000        -1.130310        -1.151106        2.0796011E-02    0.1549168         6.455079    
 ten85                tensio        -1.131458        -1.151106        1.9647906E-02     1.000000        -1.131458        -1.151106        1.9647906E-02    0.1549168         6.455079    
 ten86                tensio        -1.135476        -1.156689        2.1212536E-02     1.000000        -1.135476        -1.156689        2.1212536E-02    0.1549168         6.455079    
 ten87                tensio        -1.137199        -1.162330        2.5131378E-02     1.000000        -1.137199        -1.162330        2.5131378E-02    0.1549168         6.455079    
 ten88                tensio        -1.137773        -1.162330        2.4557325E-02     1.000000        -1.137773        -1.162330        2.4557325E-02    0.1549168         6.455079    
 ten89                tensio        -1.139495        -1.168031        2.8536166E-02     1.000000        -1.139495        -1.168031        2.8536166E-02    0.1549168         6.455079    
 ten90                tensio        -1.142939        -1.173792        3.0852850E-02     1.000000        -1.142939        -1.173792        3.0852850E-02    0.1549168         6.455079    
 ten91                tensio        -1.144661        -1.173792        2.9130691E-02     1.000000        -1.144661        -1.173792        2.9130691E-02    0.1549168         6.455079    
 ten92                tensio        -1.146958        -1.179614        3.2656480E-02     1.000000        -1.146958        -1.179614        3.2656480E-02    0.1549168         6.455079    
 ten93                tensio        -1.148106        -1.179614        3.1508374E-02     1.000000        -1.148106        -1.179614        3.1508374E-02    0.1549168         6.455079    
 ten94                tensio        -1.150402        -1.185498        3.5096163E-02     1.000000        -1.150402        -1.185498        3.5096163E-02    0.1549168         6.455079    
 ten95                tensio        -1.157290        -1.191446        3.4155529E-02     1.000000        -1.157290        -1.191446        3.4155529E-02    0.1549168         6.455079    
 ten96                tensio        -1.153846        -1.191446        3.7599846E-02     1.000000        -1.153846        -1.191446        3.7599846E-02    0.1549168         6.455079    
