 Name                 Group          Measured         Modelled         Residual         Weight       Weight*Measured    Weight*Modelled  Weight*Residual  Measurement_sd   Natural_weight
 ten1                 tensio        -1.464409        -1.753754        0.2893453         1.000000        -1.464409        -1.753754        0.2893453        0.1659285         6.026692    
 ten2                 tensio        -1.460964        -1.753754        0.2927896         1.000000        -1.460964        -1.753754        0.2927896        0.1659285         6.026692    
 ten3                 tensio        -1.458668        -1.753754        0.2950858         1.000000        -1.458668        -1.753754        0.2950858        0.1659285         6.026692    
 ten4                 tensio        -1.459816        -1.753754        0.2939377         1.000000        -1.459816        -1.753754        0.2939377        0.1659285         6.026692    
 ten5                 tensio        -1.456946        -1.753754        0.2968080         1.000000        -1.456946        -1.753754        0.2968080        0.1659285         6.026692    
 ten6                 tensio        -1.461538        -1.753754        0.2922155         1.000000        -1.461538        -1.753754        0.2922155        0.1659285         6.026692    
 ten7                 tensio        -1.460390        -1.753754        0.2933636         1.000000        -1.460390        -1.753754        0.2933636        0.1659285         6.026692    
 ten8                 tensio        -1.458668        -1.753754        0.2950858         1.000000        -1.458668        -1.753754        0.2950858        0.1659285         6.026692    
 ten9                 tensio        -1.462113        -1.753754        0.2916415         1.000000        -1.462113        -1.753754        0.2916415        0.1659285         6.026692    
 ten10                tensio        -1.453502        -1.753754        0.3002523         1.000000        -1.453502        -1.753754        0.3002523        0.1659285         6.026692    
 ten11                tensio        -1.454076        -1.753754        0.2996782         1.000000        -1.454076        -1.753754        0.2996782        0.1659285         6.026692    
 ten12                tensio        -1.451780        -1.753754        0.3019744         1.000000        -1.451780        -1.753754        0.3019744        0.1659285         6.026692    
 ten13                tensio        -1.452354        -1.753754        0.3014004         1.000000        -1.452354        -1.753754        0.3014004        0.1659285         6.026692    
 ten14                tensio        -1.458668        -1.753754        0.2950858         1.000000        -1.458668        -1.753754        0.2950858        0.1659285         6.026692    
 ten15                tensio        -1.452354        -1.753754        0.3014004         1.000000        -1.452354        -1.753754        0.3014004        0.1659285         6.026692    
 ten16                tensio        -1.448909        -1.753754        0.3048447         1.000000        -1.448909        -1.753754        0.3048447        0.1659285         6.026692    
 ten17                tensio        -1.449483        -1.753754        0.3042706         1.000000        -1.449483        -1.753754        0.3042706        0.1659285         6.026692    
 ten18                tensio        -1.430540        -1.753754        0.3232144         1.000000        -1.430540        -1.753754        0.3232144        0.1659285         6.026692    
 ten19                tensio        -1.404133        -1.753754        0.3496208         1.000000        -1.404133        -1.753754        0.3496208        0.1659285         6.026692    
 ten20                tensio        -1.320321        -1.753754        0.4334325         1.000000        -1.320321        -1.753754        0.4334325        0.1659285         6.026692    
 ten21                tensio        -1.060276        -1.124731        6.4455455E-02     1.000000        -1.060276        -1.124731        6.4455455E-02    0.1659285         6.026692    
 ten22                tensio       -0.7824340        -1.001158        0.2187240         1.000000       -0.7824340        -1.001158        0.2187240        0.1659285         6.026692    
 ten23                tensio       -0.7169920       -0.9476400        0.2306480         1.000000       -0.7169920       -0.9476400        0.2306480        0.1659285         6.026692    
 ten24                tensio       -0.7112514       -0.9476400        0.2363886         1.000000       -0.7112514       -0.9476400        0.2363886        0.1659285         6.026692    
 ten25                tensio       -0.7123995       -0.9476400        0.2352405         1.000000       -0.7123995       -0.9476400        0.2352405        0.1659285         6.026692    
 ten26                tensio       -0.7152698       -0.9476400        0.2323702         1.000000       -0.7152698       -0.9476400        0.2323702        0.1659285         6.026692    
 ten27                tensio       -0.7169920       -0.9512650        0.2342730         1.000000       -0.7169920       -0.9512650        0.2342730        0.1659285         6.026692    
 ten28                tensio       -0.7307692       -0.9512650        0.2204958         1.000000       -0.7307692       -0.9512650        0.2204958        0.1659285         6.026692    
 ten29                tensio       -0.7669346       -0.9512650        0.1843304         1.000000       -0.7669346       -0.9512650        0.1843304        0.1659285         6.026692    
 ten30                tensio       -0.7887486       -0.9549190        0.1661704         1.000000       -0.7887486       -0.9549190        0.1661704        0.1659285         6.026692    
 ten31                tensio       -0.8088404       -0.9549190        0.1460786         1.000000       -0.8088404       -0.9549190        0.1460786        0.1659285         6.026692    
 ten32                tensio       -0.8283582       -0.9549190        0.1265608         1.000000       -0.8283582       -0.9549190        0.1265608        0.1659285         6.026692    
 ten33                tensio       -0.8467279       -0.9549190        0.1081911         1.000000       -0.8467279       -0.9549190        0.1081911        0.1659285         6.026692    
 ten34                tensio       -0.8639495       -0.9586020        9.4652517E-02     1.000000       -0.8639495       -0.9586020        9.4652517E-02    0.1659285         6.026692    
 ten35                tensio       -0.8828932       -0.9586020        7.5708774E-02     1.000000       -0.8828932       -0.9586020        7.5708774E-02    0.1659285         6.026692    
 ten36                tensio       -0.8960964       -0.9623150        6.6218559E-02     1.000000       -0.8960964       -0.9623150        6.6218559E-02    0.1659285         6.026692    
 ten37                tensio       -0.9064294       -0.9623150        5.5885608E-02     1.000000       -0.9064294       -0.9623150        5.5885608E-02    0.1659285         6.026692    
 ten38                tensio       -0.9173364       -0.9623150        4.4978605E-02     1.000000       -0.9173364       -0.9623150        4.4978605E-02    0.1659285         6.026692    
 ten39                tensio       -0.9282434       -0.9660570        3.7813602E-02     1.000000       -0.9282434       -0.9660570        3.7813602E-02    0.1659285         6.026692    
 ten40                tensio       -0.9380023       -0.9660570        2.8054704E-02     1.000000       -0.9380023       -0.9660570        2.8054704E-02    0.1659285         6.026692    
 ten41                tensio       -0.9477612       -0.9660570        1.8295806E-02     1.000000       -0.9477612       -0.9660570        1.8295806E-02    0.1659285         6.026692    
 ten42                tensio       -0.9552239       -0.9698300        1.4606119E-02     1.000000       -0.9552239       -0.9698300        1.4606119E-02    0.1659285         6.026692    
 ten43                tensio       -0.9632606       -0.9698300        6.5693800E-03     1.000000       -0.9632606       -0.9698300        6.5693800E-03    0.1659285         6.026692    
 ten44                tensio       -0.9712974       -0.9736340        2.3366406E-03     1.000000       -0.9712974       -0.9736340        2.3366406E-03    0.1659285         6.026692    
 ten45                tensio       -0.9799082       -0.9736340       -6.2741515E-03     1.000000       -0.9799082       -0.9736340       -6.2741515E-03    0.1659285         6.026692    
 ten46                tensio       -0.9862227       -0.9736340       -1.2588732E-02     1.000000       -0.9862227       -0.9736340       -1.2588732E-02    0.1659285         6.026692    
 ten47                tensio       -0.9936854       -0.9774690       -1.6216419E-02     1.000000       -0.9936854       -0.9774690       -1.6216419E-02    0.1659285         6.026692    
 ten48                tensio        -1.000574       -0.9774690       -2.3105053E-02     1.000000        -1.000574       -0.9774690       -2.3105053E-02    0.1659285         6.026692    
 ten49                tensio        -1.006889       -0.9813360       -2.5552634E-02     1.000000        -1.006889       -0.9813360       -2.5552634E-02    0.1659285         6.026692    
 ten50                tensio        -1.013203       -0.9813360       -3.1867215E-02     1.000000        -1.013203       -0.9813360       -3.1867215E-02    0.1659285         6.026692    
 ten51                tensio        -1.020092       -0.9852340       -3.4857848E-02     1.000000        -1.020092       -0.9852340       -3.4857848E-02    0.1659285         6.026692    
 ten52                tensio        -1.025832       -0.9931290       -3.2703377E-02     1.000000        -1.025832       -0.9931290       -3.2703377E-02    0.1659285         6.026692    
 ten53                tensio        -1.030999        -1.001158       -2.9840852E-02     1.000000        -1.030999        -1.001158       -2.9840852E-02    0.1659285         6.026692    
 ten54                tensio        -1.035591        -1.009323       -2.6268274E-02     1.000000        -1.035591        -1.009323       -2.6268274E-02    0.1659285         6.026692    
 ten55                tensio        -1.039610        -1.017630       -2.1979644E-02     1.000000        -1.039610        -1.017630       -2.1979644E-02    0.1659285         6.026692    
 ten56                tensio        -1.044202        -1.021837       -2.2365067E-02     1.000000        -1.044202        -1.021837       -2.2365067E-02    0.1659285         6.026692    
 ten57                tensio        -1.049943        -1.030363       -1.9579595E-02     1.000000        -1.049943        -1.030363       -1.9579595E-02    0.1659285         6.026692    
 ten58                tensio        -1.052813        -1.034682       -1.8130859E-02     1.000000        -1.052813        -1.034682       -1.8130859E-02    0.1659285         6.026692    
 ten59                tensio        -1.056257        -1.043436       -1.2821176E-02     1.000000        -1.056257        -1.043436       -1.2821176E-02    0.1659285         6.026692    
 ten60                tensio        -1.060850        -1.047873       -1.2976598E-02     1.000000        -1.060850        -1.047873       -1.2976598E-02    0.1659285         6.026692    
 ten61                tensio        -1.063720        -1.056866       -6.8538622E-03     1.000000        -1.063720        -1.056866       -6.8538622E-03    0.1659285         6.026692    
 ten62                tensio        -1.068312        -1.061424       -6.8882847E-03     1.000000        -1.068312        -1.061424       -6.8882847E-03    0.1659285         6.026692    
 ten63                tensio        -1.072331        -1.066024       -6.3066544E-03     1.000000        -1.072331        -1.066024       -6.3066544E-03    0.1659285         6.026692    
 ten64                tensio        -1.075775        -1.075352       -4.2297130E-04     1.000000        -1.075775        -1.075352       -4.2297130E-04    0.1659285         6.026692    
 ten65                tensio        -1.078071        -1.080081        2.0098175E-03     1.000000        -1.078071        -1.080081        2.0098175E-03    0.1659285         6.026692    
 ten66                tensio        -1.082090        -1.084855        2.7654478E-03     1.000000        -1.082090        -1.084855        2.7654478E-03    0.1659285         6.026692    
 ten67                tensio        -1.085534        -1.089674        4.1401309E-03     1.000000        -1.085534        -1.089674        4.1401309E-03    0.1659285         6.026692    
 ten68                tensio        -1.088404        -1.094539        6.1348668E-03     1.000000        -1.088404        -1.094539        6.1348668E-03    0.1659285         6.026692    
 ten69                tensio        -1.091274        -1.099450        8.1756028E-03     1.000000        -1.091274        -1.099450        8.1756028E-03    0.1659285         6.026692    
 ten70                tensio        -1.092423        -1.104409        1.1986497E-02     1.000000        -1.092423        -1.104409        1.1986497E-02    0.1659285         6.026692    
 ten71                tensio        -1.097015        -1.109415        1.2400075E-02     1.000000        -1.097015        -1.109415        1.2400075E-02    0.1659285         6.026692    
 ten72                tensio        -1.100459        -1.114471        1.4011758E-02     1.000000        -1.100459        -1.114471        1.4011758E-02    0.1659285         6.026692    
 ten73                tensio        -1.102181        -1.119576        1.7394599E-02     1.000000        -1.102181        -1.119576        1.7394599E-02    0.1659285         6.026692    
 ten74                tensio        -1.105052        -1.124731        1.9679335E-02     1.000000        -1.105052        -1.124731        1.9679335E-02    0.1659285         6.026692    
 ten75                tensio        -1.107348        -1.129937        2.2589124E-02     1.000000        -1.107348        -1.129937        2.2589124E-02    0.1659285         6.026692    
 ten76                tensio        -1.109644        -1.135196        2.5551913E-02     1.000000        -1.109644        -1.135196        2.5551913E-02    0.1659285         6.026692    
 ten77                tensio        -1.113088        -1.140507        2.7418596E-02     1.000000        -1.113088        -1.140507        2.7418596E-02    0.1659285         6.026692    
 ten78                tensio        -1.114237        -1.145871        3.1634490E-02     1.000000        -1.114237        -1.145871        3.1634490E-02    0.1659285         6.026692    
 ten79                tensio        -1.117107        -1.151291        3.4184226E-02     1.000000        -1.117107        -1.151291        3.4184226E-02    0.1659285         6.026692    
 ten80                tensio        -1.120551        -1.151291        3.0739909E-02     1.000000        -1.120551        -1.151291        3.0739909E-02    0.1659285         6.026692    
 ten81                tensio        -1.122847        -1.156765        3.3917698E-02     1.000000        -1.122847        -1.156765        3.3917698E-02    0.1659285         6.026692    
 ten82                tensio        -1.125144        -1.162296        3.7152487E-02     1.000000        -1.125144        -1.162296        3.7152487E-02    0.1659285         6.026692    
 ten83                tensio        -1.128014        -1.167885        3.9871223E-02     1.000000        -1.128014        -1.167885        3.9871223E-02    0.1659285         6.026692    
 ten84                tensio        -1.130310        -1.167885        3.7575011E-02     1.000000        -1.130310        -1.167885        3.7575011E-02    0.1659285         6.026692    
 ten85                tensio        -1.131458        -1.173531        4.2072906E-02     1.000000        -1.131458        -1.173531        4.2072906E-02    0.1659285         6.026692    
 ten86                tensio        -1.135476        -1.179237        4.3760536E-02     1.000000        -1.135476        -1.179237        4.3760536E-02    0.1659285         6.026692    
 ten87                tensio        -1.137199        -1.179237        4.2038378E-02     1.000000        -1.137199        -1.179237        4.2038378E-02    0.1659285         6.026692    
 ten88                tensio        -1.137773        -1.185003        4.7230325E-02     1.000000        -1.137773        -1.185003        4.7230325E-02    0.1659285         6.026692    
 ten89                tensio        -1.139495        -1.190830        5.1335166E-02     1.000000        -1.139495        -1.190830        5.1335166E-02    0.1659285         6.026692    
 ten90                tensio        -1.142939        -1.190830        4.7890850E-02     1.000000        -1.142939        -1.190830        4.7890850E-02    0.1659285         6.026692    
 ten91                tensio        -1.144661        -1.196720        5.2058691E-02     1.000000        -1.144661        -1.196720        5.2058691E-02    0.1659285         6.026692    
 ten92                tensio        -1.146958        -1.202673        5.5715480E-02     1.000000        -1.146958        -1.202673        5.5715480E-02    0.1659285         6.026692    
 ten93                tensio        -1.148106        -1.202673        5.4567374E-02     1.000000        -1.148106        -1.202673        5.4567374E-02    0.1659285         6.026692    
 ten94                tensio        -1.150402        -1.208690        5.8288163E-02     1.000000        -1.150402        -1.208690        5.8288163E-02    0.1659285         6.026692    
 ten95                tensio        -1.157290        -1.208690        5.1399529E-02     1.000000        -1.157290        -1.208690        5.1399529E-02    0.1659285         6.026692    
 ten96                tensio        -1.153846        -1.214773        6.0926846E-02     1.000000        -1.153846        -1.214773        6.0926846E-02    0.1659285         6.026692    
