 Name                 Group          Measured         Modelled         Residual         Weight       Weight*Measured    Weight*Modelled  Weight*Residual  Measurement_sd   Natural_weight
 ten1                 tensio        -1.464409        -1.753281        0.2888723         1.000000        -1.464409        -1.753281        0.2888723        0.1815197         5.509045    
 ten2                 tensio        -1.460964        -1.753281        0.2923166         1.000000        -1.460964        -1.753281        0.2923166        0.1815197         5.509045    
 ten3                 tensio        -1.458668        -1.753281        0.2946128         1.000000        -1.458668        -1.753281        0.2946128        0.1815197         5.509045    
 ten4                 tensio        -1.459816        -1.753281        0.2934647         1.000000        -1.459816        -1.753281        0.2934647        0.1815197         5.509045    
 ten5                 tensio        -1.456946        -1.753281        0.2963350         1.000000        -1.456946        -1.753281        0.2963350        0.1815197         5.509045    
 ten6                 tensio        -1.461538        -1.753281        0.2917425         1.000000        -1.461538        -1.753281        0.2917425        0.1815197         5.509045    
 ten7                 tensio        -1.460390        -1.753281        0.2928906         1.000000        -1.460390        -1.753281        0.2928906        0.1815197         5.509045    
 ten8                 tensio        -1.458668        -1.753281        0.2946128         1.000000        -1.458668        -1.753281        0.2946128        0.1815197         5.509045    
 ten9                 tensio        -1.462113        -1.753281        0.2911685         1.000000        -1.462113        -1.753281        0.2911685        0.1815197         5.509045    
 ten10                tensio        -1.453502        -1.753281        0.2997793         1.000000        -1.453502        -1.753281        0.2997793        0.1815197         5.509045    
 ten11                tensio        -1.454076        -1.753281        0.2992052         1.000000        -1.454076        -1.753281        0.2992052        0.1815197         5.509045    
 ten12                tensio        -1.451780        -1.753281        0.3015014         1.000000        -1.451780        -1.753281        0.3015014        0.1815197         5.509045    
 ten13                tensio        -1.452354        -1.753281        0.3009274         1.000000        -1.452354        -1.753281        0.3009274        0.1815197         5.509045    
 ten14                tensio        -1.458668        -1.753281        0.2946128         1.000000        -1.458668        -1.753281        0.2946128        0.1815197         5.509045    
 ten15                tensio        -1.452354        -1.753281        0.3009274         1.000000        -1.452354        -1.753281        0.3009274        0.1815197         5.509045    
 ten16                tensio        -1.448909        -1.753281        0.3043717         1.000000        -1.448909        -1.753281        0.3043717        0.1815197         5.509045    
 ten17                tensio        -1.449483        -1.753281        0.3037976         1.000000        -1.449483        -1.753281        0.3037976        0.1815197         5.509045    
 ten18                tensio        -1.430540        -1.753281        0.3227414         1.000000        -1.430540        -1.753281        0.3227414        0.1815197         5.509045    
 ten19                tensio        -1.404133        -1.753281        0.3491478         1.000000        -1.404133        -1.753281        0.3491478        0.1815197         5.509045    
 ten20                tensio        -1.320321        -1.753281        0.4329595         1.000000        -1.320321        -1.753281        0.4329595        0.1815197         5.509045    
 ten21                tensio        -1.060276        -1.138988        7.8712455E-02     1.000000        -1.060276        -1.138988        7.8712455E-02    0.1815197         5.509045    
 ten22                tensio       -0.7824340        -1.043165        0.2607310         1.000000       -0.7824340        -1.043165        0.2607310        0.1815197         5.509045    
 ten23                tensio       -0.7169920       -0.9920210        0.2750290         1.000000       -0.7169920       -0.9920210        0.2750290        0.1815197         5.509045    
 ten24                tensio       -0.7112514       -0.9920210        0.2807696         1.000000       -0.7112514       -0.9920210        0.2807696        0.1815197         5.509045    
 ten25                tensio       -0.7123995       -0.9920210        0.2796215         1.000000       -0.7123995       -0.9920210        0.2796215        0.1815197         5.509045    
 ten26                tensio       -0.7152698       -0.9920210        0.2767512         1.000000       -0.7152698       -0.9920210        0.2767512        0.1815197         5.509045    
 ten27                tensio       -0.7169920       -0.9957650        0.2787730         1.000000       -0.7169920       -0.9957650        0.2787730        0.1815197         5.509045    
 ten28                tensio       -0.7307692       -0.9957650        0.2649958         1.000000       -0.7307692       -0.9957650        0.2649958        0.1815197         5.509045    
 ten29                tensio       -0.7669346       -0.9957650        0.2288304         1.000000       -0.7669346       -0.9957650        0.2288304        0.1815197         5.509045    
 ten30                tensio       -0.7887486       -0.9995400        0.2107914         1.000000       -0.7887486       -0.9995400        0.2107914        0.1815197         5.509045    
 ten31                tensio       -0.8088404       -0.9995400        0.1906996         1.000000       -0.8088404       -0.9995400        0.1906996        0.1815197         5.509045    
 ten32                tensio       -0.8283582       -0.9995400        0.1711818         1.000000       -0.8283582       -0.9995400        0.1711818        0.1815197         5.509045    
 ten33                tensio       -0.8467279        -1.003345        0.1566171         1.000000       -0.8467279        -1.003345        0.1566171        0.1815197         5.509045    
 ten34                tensio       -0.8639495        -1.003345        0.1393955         1.000000       -0.8639495        -1.003345        0.1393955        0.1815197         5.509045    
 ten35                tensio       -0.8828932        -1.003345        0.1204518         1.000000       -0.8828932        -1.003345        0.1204518        0.1815197         5.509045    
 ten36                tensio       -0.8960964        -1.007181        0.1110846         1.000000       -0.8960964        -1.007181        0.1110846        0.1815197         5.509045    
 ten37                tensio       -0.9064294        -1.007181        0.1007516         1.000000       -0.9064294        -1.007181        0.1007516        0.1815197         5.509045    
 ten38                tensio       -0.9173364        -1.007181        8.9844605E-02     1.000000       -0.9173364        -1.007181        8.9844605E-02    0.1815197         5.509045    
 ten39                tensio       -0.9282434        -1.011049        8.2805602E-02     1.000000       -0.9282434        -1.011049        8.2805602E-02    0.1815197         5.509045    
 ten40                tensio       -0.9380023        -1.011049        7.3046704E-02     1.000000       -0.9380023        -1.011049        7.3046704E-02    0.1815197         5.509045    
 ten41                tensio       -0.9477612        -1.011049        6.3287806E-02     1.000000       -0.9477612        -1.011049        6.3287806E-02    0.1815197         5.509045    
 ten42                tensio       -0.9552239        -1.014948        5.9724119E-02     1.000000       -0.9552239        -1.014948        5.9724119E-02    0.1815197         5.509045    
 ten43                tensio       -0.9632606        -1.014948        5.1687380E-02     1.000000       -0.9632606        -1.014948        5.1687380E-02    0.1815197         5.509045    
 ten44                tensio       -0.9712974        -1.018879        4.7581641E-02     1.000000       -0.9712974        -1.018879        4.7581641E-02    0.1815197         5.509045    
 ten45                tensio       -0.9799082        -1.018879        3.8970848E-02     1.000000       -0.9799082        -1.018879        3.8970848E-02    0.1815197         5.509045    
 ten46                tensio       -0.9862227        -1.018879        3.2656268E-02     1.000000       -0.9862227        -1.018879        3.2656268E-02    0.1815197         5.509045    
 ten47                tensio       -0.9936854        -1.022842        2.9156581E-02     1.000000       -0.9936854        -1.022842        2.9156581E-02    0.1815197         5.509045    
 ten48                tensio        -1.000574        -1.022842        2.2267947E-02     1.000000        -1.000574        -1.022842        2.2267947E-02    0.1815197         5.509045    
 ten49                tensio        -1.006889        -1.026839        1.9950366E-02     1.000000        -1.006889        -1.026839        1.9950366E-02    0.1815197         5.509045    
 ten50                tensio        -1.013203        -1.026839        1.3635785E-02     1.000000        -1.013203        -1.026839        1.3635785E-02    0.1815197         5.509045    
 ten51                tensio        -1.020092        -1.030869        1.0777152E-02     1.000000        -1.020092        -1.030869        1.0777152E-02    0.1815197         5.509045    
 ten52                tensio        -1.025832        -1.039032        1.3199623E-02     1.000000        -1.025832        -1.039032        1.3199623E-02    0.1815197         5.509045    
 ten53                tensio        -1.030999        -1.047334        1.6335148E-02     1.000000        -1.030999        -1.047334        1.6335148E-02    0.1815197         5.509045    
 ten54                tensio        -1.035591        -1.055780        2.0188726E-02     1.000000        -1.035591        -1.055780        2.0188726E-02    0.1815197         5.509045    
 ten55                tensio        -1.039610        -1.064374        2.4764356E-02     1.000000        -1.039610        -1.064374        2.4764356E-02    0.1815197         5.509045    
 ten56                tensio        -1.044202        -1.073119        2.8916933E-02     1.000000        -1.044202        -1.073119        2.8916933E-02    0.1815197         5.509045    
 ten57                tensio        -1.049943        -1.077550        2.7607405E-02     1.000000        -1.049943        -1.077550        2.7607405E-02    0.1815197         5.509045    
 ten58                tensio        -1.052813        -1.086532        3.3719141E-02     1.000000        -1.052813        -1.086532        3.3719141E-02    0.1815197         5.509045    
 ten59                tensio        -1.056257        -1.091084        3.4826824E-02     1.000000        -1.056257        -1.091084        3.4826824E-02    0.1815197         5.509045    
 ten60                tensio        -1.060850        -1.100312        3.9462402E-02     1.000000        -1.060850        -1.100312        3.9462402E-02    0.1815197         5.509045    
 ten61                tensio        -1.063720        -1.104990        4.1270138E-02     1.000000        -1.063720        -1.104990        4.1270138E-02    0.1815197         5.509045    
 ten62                tensio        -1.068312        -1.109712        4.1399715E-02     1.000000        -1.068312        -1.109712        4.1399715E-02    0.1815197         5.509045    
 ten63                tensio        -1.072331        -1.119287        4.6956346E-02     1.000000        -1.072331        -1.119287        4.6956346E-02    0.1815197         5.509045    
 ten64                tensio        -1.075775        -1.124143        4.8368029E-02     1.000000        -1.075775        -1.124143        4.8368029E-02    0.1815197         5.509045    
 ten65                tensio        -1.078071        -1.129044        5.0972817E-02     1.000000        -1.078071        -1.129044        5.0972817E-02    0.1815197         5.509045    
 ten66                tensio        -1.082090        -1.133992        5.1902448E-02     1.000000        -1.082090        -1.133992        5.1902448E-02    0.1815197         5.509045    
 ten67                tensio        -1.085534        -1.138988        5.3454131E-02     1.000000        -1.085534        -1.138988        5.3454131E-02    0.1815197         5.509045    
 ten68                tensio        -1.088404        -1.144032        5.5627867E-02     1.000000        -1.088404        -1.144032        5.5627867E-02    0.1815197         5.509045    
 ten69                tensio        -1.091274        -1.149125        5.7850603E-02     1.000000        -1.091274        -1.149125        5.7850603E-02    0.1815197         5.509045    
 ten70                tensio        -1.092423        -1.154268        6.1845497E-02     1.000000        -1.092423        -1.154268        6.1845497E-02    0.1815197         5.509045    
 ten71                tensio        -1.097015        -1.159462        6.2447075E-02     1.000000        -1.097015        -1.159462        6.2447075E-02    0.1815197         5.509045    
 ten72                tensio        -1.100459        -1.164707        6.4247758E-02     1.000000        -1.100459        -1.164707        6.4247758E-02    0.1815197         5.509045    
 ten73                tensio        -1.102181        -1.170004        6.7822599E-02     1.000000        -1.102181        -1.170004        6.7822599E-02    0.1815197         5.509045    
 ten74                tensio        -1.105052        -1.175354        7.0302335E-02     1.000000        -1.105052        -1.175354        7.0302335E-02    0.1815197         5.509045    
 ten75                tensio        -1.107348        -1.180758        7.3410124E-02     1.000000        -1.107348        -1.180758        7.3410124E-02    0.1815197         5.509045    
 ten76                tensio        -1.109644        -1.186217        7.6572913E-02     1.000000        -1.109644        -1.186217        7.6572913E-02    0.1815197         5.509045    
 ten77                tensio        -1.113088        -1.191732        7.8643596E-02     1.000000        -1.113088        -1.191732        7.8643596E-02    0.1815197         5.509045    
 ten78                tensio        -1.114237        -1.197304        8.3067490E-02     1.000000        -1.114237        -1.197304        8.3067490E-02    0.1815197         5.509045    
 ten79                tensio        -1.117107        -1.197304        8.0197226E-02     1.000000        -1.117107        -1.197304        8.0197226E-02    0.1815197         5.509045    
 ten80                tensio        -1.120551        -1.202933        8.2381909E-02     1.000000        -1.120551        -1.202933        8.2381909E-02    0.1815197         5.509045    
 ten81                tensio        -1.122847        -1.208621        8.5773698E-02     1.000000        -1.122847        -1.208621        8.5773698E-02    0.1815197         5.509045    
 ten82                tensio        -1.125144        -1.214368        8.9224487E-02     1.000000        -1.125144        -1.214368        8.9224487E-02    0.1815197         5.509045    
 ten83                tensio        -1.128014        -1.214368        8.6354223E-02     1.000000        -1.128014        -1.214368        8.6354223E-02    0.1815197         5.509045    
 ten84                tensio        -1.130310        -1.220176        8.9866011E-02     1.000000        -1.130310        -1.220176        8.9866011E-02    0.1815197         5.509045    
 ten85                tensio        -1.131458        -1.226046        9.4587906E-02     1.000000        -1.131458        -1.226046        9.4587906E-02    0.1815197         5.509045    
 ten86                tensio        -1.135476        -1.226046        9.0569536E-02     1.000000        -1.135476        -1.226046        9.0569536E-02    0.1815197         5.509045    
 ten87                tensio        -1.137199        -1.231979        9.4780378E-02     1.000000        -1.137199        -1.231979        9.4780378E-02    0.1815197         5.509045    
 ten88                tensio        -1.137773        -1.237975        0.1002023         1.000000        -1.137773        -1.237975        0.1002023        0.1815197         5.509045    
 ten89                tensio        -1.139495        -1.237975        9.8480166E-02     1.000000        -1.139495        -1.237975        9.8480166E-02    0.1815197         5.509045    
 ten90                tensio        -1.142939        -1.244036        0.1010968         1.000000        -1.142939        -1.244036        0.1010968        0.1815197         5.509045    
 ten91                tensio        -1.144661        -1.250164        0.1055027         1.000000        -1.144661        -1.250164        0.1055027        0.1815197         5.509045    
 ten92                tensio        -1.146958        -1.250164        0.1032065         1.000000        -1.146958        -1.250164        0.1032065        0.1815197         5.509045    
 ten93                tensio        -1.148106        -1.256359        0.1082534         1.000000        -1.148106        -1.256359        0.1082534        0.1815197         5.509045    
 ten94                tensio        -1.150402        -1.256359        0.1059572         1.000000        -1.150402        -1.256359        0.1059572        0.1815197         5.509045    
 ten95                tensio        -1.157290        -1.262622        0.1053315         1.000000        -1.157290        -1.262622        0.1053315        0.1815197         5.509045    
 ten96                tensio        -1.153846        -1.268955        0.1151088         1.000000        -1.153846        -1.268955        0.1151088        0.1815197         5.509045    
