 Name                 Group          Measured         Modelled         Residual         Weight       Weight*Measured    Weight*Modelled  Weight*Residual  Measurement_sd   Natural_weight
 ten1                 tensio        -1.464409        -1.752901        0.2884923         1.000000        -1.464409        -1.752901        0.2884923        0.1683444         5.940203    
 ten2                 tensio        -1.460964        -1.752901        0.2919366         1.000000        -1.460964        -1.752901        0.2919366        0.1683444         5.940203    
 ten3                 tensio        -1.458668        -1.752901        0.2942328         1.000000        -1.458668        -1.752901        0.2942328        0.1683444         5.940203    
 ten4                 tensio        -1.459816        -1.752901        0.2930847         1.000000        -1.459816        -1.752901        0.2930847        0.1683444         5.940203    
 ten5                 tensio        -1.456946        -1.752901        0.2959550         1.000000        -1.456946        -1.752901        0.2959550        0.1683444         5.940203    
 ten6                 tensio        -1.461538        -1.752901        0.2913625         1.000000        -1.461538        -1.752901        0.2913625        0.1683444         5.940203    
 ten7                 tensio        -1.460390        -1.752901        0.2925106         1.000000        -1.460390        -1.752901        0.2925106        0.1683444         5.940203    
 ten8                 tensio        -1.458668        -1.752901        0.2942328         1.000000        -1.458668        -1.752901        0.2942328        0.1683444         5.940203    
 ten9                 tensio        -1.462113        -1.752901        0.2907885         1.000000        -1.462113        -1.752901        0.2907885        0.1683444         5.940203    
 ten10                tensio        -1.453502        -1.752901        0.2993993         1.000000        -1.453502        -1.752901        0.2993993        0.1683444         5.940203    
 ten11                tensio        -1.454076        -1.752901        0.2988252         1.000000        -1.454076        -1.752901        0.2988252        0.1683444         5.940203    
 ten12                tensio        -1.451780        -1.752901        0.3011214         1.000000        -1.451780        -1.752901        0.3011214        0.1683444         5.940203    
 ten13                tensio        -1.452354        -1.752901        0.3005474         1.000000        -1.452354        -1.752901        0.3005474        0.1683444         5.940203    
 ten14                tensio        -1.458668        -1.752901        0.2942328         1.000000        -1.458668        -1.752901        0.2942328        0.1683444         5.940203    
 ten15                tensio        -1.452354        -1.752901        0.3005474         1.000000        -1.452354        -1.752901        0.3005474        0.1683444         5.940203    
 ten16                tensio        -1.448909        -1.752901        0.3039917         1.000000        -1.448909        -1.752901        0.3039917        0.1683444         5.940203    
 ten17                tensio        -1.449483        -1.752901        0.3034176         1.000000        -1.449483        -1.752901        0.3034176        0.1683444         5.940203    
 ten18                tensio        -1.430540        -1.752901        0.3223614         1.000000        -1.430540        -1.752901        0.3223614        0.1683444         5.940203    
 ten19                tensio        -1.404133        -1.752901        0.3487678         1.000000        -1.404133        -1.752901        0.3487678        0.1683444         5.940203    
 ten20                tensio        -1.320321        -1.752901        0.4325795         1.000000        -1.320321        -1.752901        0.4325795        0.1683444         5.940203    
 ten21                tensio        -1.060276        -1.129369        6.9093455E-02     1.000000        -1.060276        -1.129369        6.9093455E-02    0.1683444         5.940203    
 ten22                tensio       -0.7824340        -1.014594        0.2321600         1.000000       -0.7824340        -1.014594        0.2321600        0.1683444         5.940203    
 ten23                tensio       -0.7169920       -0.9567990        0.2398070         1.000000       -0.7169920       -0.9567990        0.2398070        0.1683444         5.940203    
 ten24                tensio       -0.7112514       -0.9567990        0.2455476         1.000000       -0.7112514       -0.9567990        0.2455476        0.1683444         5.940203    
 ten25                tensio       -0.7123995       -0.9567990        0.2443995         1.000000       -0.7123995       -0.9567990        0.2443995        0.1683444         5.940203    
 ten26                tensio       -0.7152698       -0.9567990        0.2415292         1.000000       -0.7152698       -0.9567990        0.2415292        0.1683444         5.940203    
 ten27                tensio       -0.7169920       -0.9604370        0.2434450         1.000000       -0.7169920       -0.9604370        0.2434450        0.1683444         5.940203    
 ten28                tensio       -0.7307692       -0.9604370        0.2296678         1.000000       -0.7307692       -0.9604370        0.2296678        0.1683444         5.940203    
 ten29                tensio       -0.7669346       -0.9604370        0.1935024         1.000000       -0.7669346       -0.9604370        0.1935024        0.1683444         5.940203    
 ten30                tensio       -0.7887486       -0.9641050        0.1753564         1.000000       -0.7887486       -0.9641050        0.1753564        0.1683444         5.940203    
 ten31                tensio       -0.8088404       -0.9641050        0.1552646         1.000000       -0.8088404       -0.9641050        0.1552646        0.1683444         5.940203    
 ten32                tensio       -0.8283582       -0.9641050        0.1357468         1.000000       -0.8283582       -0.9641050        0.1357468        0.1683444         5.940203    
 ten33                tensio       -0.8467279       -0.9678020        0.1210741         1.000000       -0.8467279       -0.9678020        0.1210741        0.1683444         5.940203    
 ten34                tensio       -0.8639495       -0.9678020        0.1038525         1.000000       -0.8639495       -0.9678020        0.1038525        0.1683444         5.940203    
 ten35                tensio       -0.8828932       -0.9678020        8.4908774E-02     1.000000       -0.8828932       -0.9678020        8.4908774E-02    0.1683444         5.940203    
 ten36                tensio       -0.8960964       -0.9715280        7.5431559E-02     1.000000       -0.8960964       -0.9715280        7.5431559E-02    0.1683444         5.940203    
 ten37                tensio       -0.9064294       -0.9715280        6.5098608E-02     1.000000       -0.9064294       -0.9715280        6.5098608E-02    0.1683444         5.940203    
 ten38                tensio       -0.9173364       -0.9715280        5.4191605E-02     1.000000       -0.9173364       -0.9715280        5.4191605E-02    0.1683444         5.940203    
 ten39                tensio       -0.9282434       -0.9752840        4.7040602E-02     1.000000       -0.9282434       -0.9752840        4.7040602E-02    0.1683444         5.940203    
 ten40                tensio       -0.9380023       -0.9752840        3.7281704E-02     1.000000       -0.9380023       -0.9752840        3.7281704E-02    0.1683444         5.940203    
 ten41                tensio       -0.9477612       -0.9752840        2.7522806E-02     1.000000       -0.9477612       -0.9752840        2.7522806E-02    0.1683444         5.940203    
 ten42                tensio       -0.9552239       -0.9790710        2.3847119E-02     1.000000       -0.9552239       -0.9790710        2.3847119E-02    0.1683444         5.940203    
 ten43                tensio       -0.9632606       -0.9790710        1.5810380E-02     1.000000       -0.9632606       -0.9790710        1.5810380E-02    0.1683444         5.940203    
 ten44                tensio       -0.9712974       -0.9828890        1.1591641E-02     1.000000       -0.9712974       -0.9828890        1.1591641E-02    0.1683444         5.940203    
 ten45                tensio       -0.9799082       -0.9828890        2.9808485E-03     1.000000       -0.9799082       -0.9828890        2.9808485E-03    0.1683444         5.940203    
 ten46                tensio       -0.9862227       -0.9828890       -3.3337325E-03     1.000000       -0.9862227       -0.9828890       -3.3337325E-03    0.1683444         5.940203    
 ten47                tensio       -0.9936854       -0.9867380       -6.9474191E-03     1.000000       -0.9936854       -0.9867380       -6.9474191E-03    0.1683444         5.940203    
 ten48                tensio        -1.000574       -0.9867380       -1.3836053E-02     1.000000        -1.000574       -0.9867380       -1.3836053E-02    0.1683444         5.940203    
 ten49                tensio        -1.006889       -0.9906190       -1.6269634E-02     1.000000        -1.006889       -0.9906190       -1.6269634E-02    0.1683444         5.940203    
 ten50                tensio        -1.013203       -0.9906190       -2.2584215E-02     1.000000        -1.013203       -0.9906190       -2.2584215E-02    0.1683444         5.940203    
 ten51                tensio        -1.020092       -0.9984770       -2.1614848E-02     1.000000        -1.020092       -0.9984770       -2.1614848E-02    0.1683444         5.940203    
 ten52                tensio        -1.025832        -1.006468       -1.9364377E-02     1.000000        -1.025832        -1.006468       -1.9364377E-02    0.1683444         5.940203    
 ten53                tensio        -1.030999        -1.014594       -1.6404852E-02     1.000000        -1.030999        -1.014594       -1.6404852E-02    0.1683444         5.940203    
 ten54                tensio        -1.035591        -1.018709       -1.6882274E-02     1.000000        -1.035591        -1.018709       -1.6882274E-02    0.1683444         5.940203    
 ten55                tensio        -1.039610        -1.027047       -1.2562644E-02     1.000000        -1.039610        -1.027047       -1.2562644E-02    0.1683444         5.940203    
 ten56                tensio        -1.044202        -1.035529       -8.6730666E-03     1.000000        -1.044202        -1.035529       -8.6730666E-03    0.1683444         5.940203    
 ten57                tensio        -1.049943        -1.044162       -5.7805947E-03     1.000000        -1.049943        -1.044162       -5.7805947E-03    0.1683444         5.940203    
 ten58                tensio        -1.052813        -1.048535       -4.2778588E-03     1.000000        -1.052813        -1.048535       -4.2778588E-03    0.1683444         5.940203    
 ten59                tensio        -1.056257        -1.057400        1.1428243E-03     1.000000        -1.056257        -1.057400        1.1428243E-03    0.1683444         5.940203    
 ten60                tensio        -1.060850        -1.061893        1.0434018E-03     1.000000        -1.060850        -1.061893        1.0434018E-03    0.1683444         5.940203    
 ten61                tensio        -1.063720        -1.066426        2.7061378E-03     1.000000        -1.063720        -1.066426        2.7061378E-03    0.1683444         5.940203    
 ten62                tensio        -1.068312        -1.075618        7.3057153E-03     1.000000        -1.068312        -1.075618        7.3057153E-03    0.1683444         5.940203    
 ten63                tensio        -1.072331        -1.080278        7.9473456E-03     1.000000        -1.072331        -1.080278        7.9473456E-03    0.1683444         5.940203    
 ten64                tensio        -1.075775        -1.084981        9.2060287E-03     1.000000        -1.075775        -1.084981        9.2060287E-03    0.1683444         5.940203    
 ten65                tensio        -1.078071        -1.089728        1.1656817E-02     1.000000        -1.078071        -1.089728        1.1656817E-02    0.1683444         5.940203    
 ten66                tensio        -1.082090        -1.099356        1.7266448E-02     1.000000        -1.082090        -1.099356        1.7266448E-02    0.1683444         5.940203    
 ten67                tensio        -1.085534        -1.104239        1.8705131E-02     1.000000        -1.085534        -1.104239        1.8705131E-02    0.1683444         5.940203    
 ten68                tensio        -1.088404        -1.109169        2.0764867E-02     1.000000        -1.088404        -1.109169        2.0764867E-02    0.1683444         5.940203    
 ten69                tensio        -1.091274        -1.114146        2.2871603E-02     1.000000        -1.091274        -1.114146        2.2871603E-02    0.1683444         5.940203    
 ten70                tensio        -1.092423        -1.119171        2.6748497E-02     1.000000        -1.092423        -1.119171        2.6748497E-02    0.1683444         5.940203    
 ten71                tensio        -1.097015        -1.124245        2.7230075E-02     1.000000        -1.097015        -1.124245        2.7230075E-02    0.1683444         5.940203    
 ten72                tensio        -1.100459        -1.129369        2.8909758E-02     1.000000        -1.100459        -1.129369        2.8909758E-02    0.1683444         5.940203    
 ten73                tensio        -1.102181        -1.134544        3.2362599E-02     1.000000        -1.102181        -1.134544        3.2362599E-02    0.1683444         5.940203    
 ten74                tensio        -1.105052        -1.139770        3.4718335E-02     1.000000        -1.105052        -1.139770        3.4718335E-02    0.1683444         5.940203    
 ten75                tensio        -1.107348        -1.145048        3.7700124E-02     1.000000        -1.107348        -1.145048        3.7700124E-02    0.1683444         5.940203    
 ten76                tensio        -1.109644        -1.150379        4.0734913E-02     1.000000        -1.109644        -1.150379        4.0734913E-02    0.1683444         5.940203    
 ten77                tensio        -1.113088        -1.150379        3.7290596E-02     1.000000        -1.113088        -1.150379        3.7290596E-02    0.1683444         5.940203    
 ten78                tensio        -1.114237        -1.155764        4.1527490E-02     1.000000        -1.114237        -1.155764        4.1527490E-02    0.1683444         5.940203    
 ten79                tensio        -1.117107        -1.161204        4.4097226E-02     1.000000        -1.117107        -1.161204        4.4097226E-02    0.1683444         5.940203    
 ten80                tensio        -1.120551        -1.166700        4.6148909E-02     1.000000        -1.120551        -1.166700        4.6148909E-02    0.1683444         5.940203    
 ten81                tensio        -1.122847        -1.172252        4.9404698E-02     1.000000        -1.122847        -1.172252        4.9404698E-02    0.1683444         5.940203    
 ten82                tensio        -1.125144        -1.172252        4.7108487E-02     1.000000        -1.125144        -1.172252        4.7108487E-02    0.1683444         5.940203    
 ten83                tensio        -1.128014        -1.177861        4.9847223E-02     1.000000        -1.128014        -1.177861        4.9847223E-02    0.1683444         5.940203    
 ten84                tensio        -1.130310        -1.183530        5.3220011E-02     1.000000        -1.130310        -1.183530        5.3220011E-02    0.1683444         5.940203    
 ten85                tensio        -1.131458        -1.189257        5.7798906E-02     1.000000        -1.131458        -1.189257        5.7798906E-02    0.1683444         5.940203    
 ten86                tensio        -1.135476        -1.189257        5.3780536E-02     1.000000        -1.135476        -1.189257        5.3780536E-02    0.1683444         5.940203    
 ten87                tensio        -1.137199        -1.195046        5.7847378E-02     1.000000        -1.137199        -1.195046        5.7847378E-02    0.1683444         5.940203    
 ten88                tensio        -1.137773        -1.200896        6.3123325E-02     1.000000        -1.137773        -1.200896        6.3123325E-02    0.1683444         5.940203    
 ten89                tensio        -1.139495        -1.200896        6.1401166E-02     1.000000        -1.139495        -1.200896        6.1401166E-02    0.1683444         5.940203    
 ten90                tensio        -1.142939        -1.206808        6.3868850E-02     1.000000        -1.142939        -1.206808        6.3868850E-02    0.1683444         5.940203    
 ten91                tensio        -1.144661        -1.206808        6.2146691E-02     1.000000        -1.144661        -1.206808        6.2146691E-02    0.1683444         5.940203    
 ten92                tensio        -1.146958        -1.212784        6.5826480E-02     1.000000        -1.146958        -1.212784        6.5826480E-02    0.1683444         5.940203    
 ten93                tensio        -1.148106        -1.218825        7.0719374E-02     1.000000        -1.148106        -1.218825        7.0719374E-02    0.1683444         5.940203    
 ten94                tensio        -1.150402        -1.218825        6.8423163E-02     1.000000        -1.150402        -1.218825        6.8423163E-02    0.1683444         5.940203    
 ten95                tensio        -1.157290        -1.224932        6.7641529E-02     1.000000        -1.157290        -1.224932        6.7641529E-02    0.1683444         5.940203    
 ten96                tensio        -1.153846        -1.224932        7.1085846E-02     1.000000        -1.153846        -1.224932        7.1085846E-02    0.1683444         5.940203    
