 Name                 Group          Measured         Modelled         Residual         Weight       Weight*Measured    Weight*Modelled  Weight*Residual  Measurement_sd   Natural_weight
 ten1                 tensio        -1.464409        -1.746709        0.2823003         1.000000        -1.464409        -1.746709        0.2823003        0.1563058         6.397717    
 ten2                 tensio        -1.460964        -1.746709        0.2857446         1.000000        -1.460964        -1.746709        0.2857446        0.1563058         6.397717    
 ten3                 tensio        -1.458668        -1.746709        0.2880408         1.000000        -1.458668        -1.746709        0.2880408        0.1563058         6.397717    
 ten4                 tensio        -1.459816        -1.746709        0.2868927         1.000000        -1.459816        -1.746709        0.2868927        0.1563058         6.397717    
 ten5                 tensio        -1.456946        -1.746709        0.2897630         1.000000        -1.456946        -1.746709        0.2897630        0.1563058         6.397717    
 ten6                 tensio        -1.461538        -1.746709        0.2851705         1.000000        -1.461538        -1.746709        0.2851705        0.1563058         6.397717    
 ten7                 tensio        -1.460390        -1.746709        0.2863186         1.000000        -1.460390        -1.746709        0.2863186        0.1563058         6.397717    
 ten8                 tensio        -1.458668        -1.746709        0.2880408         1.000000        -1.458668        -1.746709        0.2880408        0.1563058         6.397717    
 ten9                 tensio        -1.462113        -1.746709        0.2845965         1.000000        -1.462113        -1.746709        0.2845965        0.1563058         6.397717    
 ten10                tensio        -1.453502        -1.746709        0.2932073         1.000000        -1.453502        -1.746709        0.2932073        0.1563058         6.397717    
 ten11                tensio        -1.454076        -1.746709        0.2926332         1.000000        -1.454076        -1.746709        0.2926332        0.1563058         6.397717    
 ten12                tensio        -1.451780        -1.746709        0.2949294         1.000000        -1.451780        -1.746709        0.2949294        0.1563058         6.397717    
 ten13                tensio        -1.452354        -1.746709        0.2943554         1.000000        -1.452354        -1.746709        0.2943554        0.1563058         6.397717    
 ten14                tensio        -1.458668        -1.746709        0.2880408         1.000000        -1.458668        -1.746709        0.2880408        0.1563058         6.397717    
 ten15                tensio        -1.452354        -1.746709        0.2943554         1.000000        -1.452354        -1.746709        0.2943554        0.1563058         6.397717    
 ten16                tensio        -1.448909        -1.746709        0.2977997         1.000000        -1.448909        -1.746709        0.2977997        0.1563058         6.397717    
 ten17                tensio        -1.449483        -1.746709        0.2972256         1.000000        -1.449483        -1.746709        0.2972256        0.1563058         6.397717    
 ten18                tensio        -1.430540        -1.746709        0.3161694         1.000000        -1.430540        -1.746709        0.3161694        0.1563058         6.397717    
 ten19                tensio        -1.404133        -1.746709        0.3425758         1.000000        -1.404133        -1.746709        0.3425758        0.1563058         6.397717    
 ten20                tensio        -1.320321        -1.746709        0.4263875         1.000000        -1.320321        -1.746709        0.4263875        0.1563058         6.397717    
 ten21                tensio        -1.060276        -1.074956        1.4680455E-02     1.000000        -1.060276        -1.074956        1.4680455E-02    0.1563058         6.397717    
 ten22                tensio       -0.7824340       -0.9412930        0.1588590         1.000000       -0.7824340       -0.9412930        0.1588590        0.1563058         6.397717    
 ten23                tensio       -0.7169920       -0.8914710        0.1744790         1.000000       -0.7169920       -0.8914710        0.1744790        0.1563058         6.397717    
 ten24                tensio       -0.7112514       -0.8914710        0.1802196         1.000000       -0.7112514       -0.8914710        0.1802196        0.1563058         6.397717    
 ten25                tensio       -0.7123995       -0.8914710        0.1790715         1.000000       -0.7123995       -0.8914710        0.1790715        0.1563058         6.397717    
 ten26                tensio       -0.7152698       -0.8914710        0.1762012         1.000000       -0.7152698       -0.8914710        0.1762012        0.1563058         6.397717    
 ten27                tensio       -0.7169920       -0.8948520        0.1778600         1.000000       -0.7169920       -0.8948520        0.1778600        0.1563058         6.397717    
 ten28                tensio       -0.7307692       -0.8948520        0.1640828         1.000000       -0.7307692       -0.8948520        0.1640828        0.1563058         6.397717    
 ten29                tensio       -0.7669346       -0.8948520        0.1279174         1.000000       -0.7669346       -0.8948520        0.1279174        0.1563058         6.397717    
 ten30                tensio       -0.7887486       -0.8982590        0.1095104         1.000000       -0.7887486       -0.8982590        0.1095104        0.1563058         6.397717    
 ten31                tensio       -0.8088404       -0.8982590        8.9418587E-02     1.000000       -0.8088404       -0.8982590        8.9418587E-02    0.1563058         6.397717    
 ten32                tensio       -0.8283582       -0.8982590        6.9900791E-02     1.000000       -0.8283582       -0.8982590        6.9900791E-02    0.1563058         6.397717    
 ten33                tensio       -0.8467279       -0.9016930        5.4965101E-02     1.000000       -0.8467279       -0.9016930        5.4965101E-02    0.1563058         6.397717    
 ten34                tensio       -0.8639495       -0.9016930        3.7743517E-02     1.000000       -0.8639495       -0.9016930        3.7743517E-02    0.1563058         6.397717    
 ten35                tensio       -0.8828932       -0.9016930        1.8799774E-02     1.000000       -0.8828932       -0.9016930        1.8799774E-02    0.1563058         6.397717    
 ten36                tensio       -0.8960964       -0.9051530        9.0565591E-03     1.000000       -0.8960964       -0.9051530        9.0565591E-03    0.1563058         6.397717    
 ten37                tensio       -0.9064294       -0.9051530       -1.2763915E-03     1.000000       -0.9064294       -0.9051530       -1.2763915E-03    0.1563058         6.397717    
 ten38                tensio       -0.9173364       -0.9086400       -8.6963949E-03     1.000000       -0.9173364       -0.9086400       -8.6963949E-03    0.1563058         6.397717    
 ten39                tensio       -0.9282434       -0.9086400       -1.9603398E-02     1.000000       -0.9282434       -0.9086400       -1.9603398E-02    0.1563058         6.397717    
 ten40                tensio       -0.9380023       -0.9086400       -2.9362296E-02     1.000000       -0.9380023       -0.9086400       -2.9362296E-02    0.1563058         6.397717    
 ten41                tensio       -0.9477612       -0.9121540       -3.5607194E-02     1.000000       -0.9477612       -0.9121540       -3.5607194E-02    0.1563058         6.397717    
 ten42                tensio       -0.9552239       -0.9121540       -4.3069881E-02     1.000000       -0.9552239       -0.9121540       -4.3069881E-02    0.1563058         6.397717    
 ten43                tensio       -0.9632606       -0.9156960       -4.7564620E-02     1.000000       -0.9632606       -0.9156960       -4.7564620E-02    0.1563058         6.397717    
 ten44                tensio       -0.9712974       -0.9156960       -5.5601359E-02     1.000000       -0.9712974       -0.9156960       -5.5601359E-02    0.1563058         6.397717    
 ten45                tensio       -0.9799082       -0.9192650       -6.0643152E-02     1.000000       -0.9799082       -0.9192650       -6.0643152E-02    0.1563058         6.397717    
 ten46                tensio       -0.9862227       -0.9192650       -6.6957732E-02     1.000000       -0.9862227       -0.9192650       -6.6957732E-02    0.1563058         6.397717    
 ten47                tensio       -0.9936854       -0.9228640       -7.0821419E-02     1.000000       -0.9936854       -0.9228640       -7.0821419E-02    0.1563058         6.397717    
 ten48                tensio        -1.000574       -0.9228640       -7.7710053E-02     1.000000        -1.000574       -0.9228640       -7.7710053E-02    0.1563058         6.397717    
 ten49                tensio        -1.006889       -0.9228640       -8.4024634E-02     1.000000        -1.006889       -0.9228640       -8.4024634E-02    0.1563058         6.397717    
 ten50                tensio        -1.013203       -0.9338320       -7.9371215E-02     1.000000        -1.013203       -0.9338320       -7.9371215E-02    0.1563058         6.397717    
 ten51                tensio        -1.020092       -0.9412930       -7.8798848E-02     1.000000        -1.020092       -0.9412930       -7.8798848E-02    0.1563058         6.397717    
 ten52                tensio        -1.025832       -0.9488770       -7.6955377E-02     1.000000        -1.025832       -0.9488770       -7.6955377E-02    0.1563058         6.397717    
 ten53                tensio        -1.030999       -0.9565870       -7.4411852E-02     1.000000        -1.030999       -0.9565870       -7.4411852E-02    0.1563058         6.397717    
 ten54                tensio        -1.035591       -0.9644260       -7.1165274E-02     1.000000        -1.035591       -0.9644260       -7.1165274E-02    0.1563058         6.397717    
 ten55                tensio        -1.039610       -0.9723980       -6.7211644E-02     1.000000        -1.039610       -0.9723980       -6.7211644E-02    0.1563058         6.397717    
 ten56                tensio        -1.044202       -0.9764350       -6.7767067E-02     1.000000        -1.044202       -0.9764350       -6.7767067E-02    0.1563058         6.397717    
 ten57                tensio        -1.049943       -0.9846130       -6.5329595E-02     1.000000        -1.049943       -0.9846130       -6.5329595E-02    0.1563058         6.397717    
 ten58                tensio        -1.052813       -0.9929340       -5.9878859E-02     1.000000        -1.052813       -0.9929340       -5.9878859E-02    0.1563058         6.397717    
 ten59                tensio        -1.056257       -0.9971500       -5.9107176E-02     1.000000        -1.056257       -0.9971500       -5.9107176E-02    0.1563058         6.397717    
 ten60                tensio        -1.060850        -1.005692       -5.5157598E-02     1.000000        -1.060850        -1.005692       -5.5157598E-02    0.1563058         6.397717    
 ten61                tensio        -1.063720        -1.010020       -5.3699862E-02     1.000000        -1.063720        -1.010020       -5.3699862E-02    0.1563058         6.397717    
 ten62                tensio        -1.068312        -1.018793       -4.9519285E-02     1.000000        -1.068312        -1.018793       -4.9519285E-02    0.1563058         6.397717    
 ten63                tensio        -1.072331        -1.023239       -4.9091654E-02     1.000000        -1.072331        -1.023239       -4.9091654E-02    0.1563058         6.397717    
 ten64                tensio        -1.075775        -1.027726       -4.8048971E-02     1.000000        -1.075775        -1.027726       -4.8048971E-02    0.1563058         6.397717    
 ten65                tensio        -1.078071        -1.032254       -4.5817183E-02     1.000000        -1.078071        -1.032254       -4.5817183E-02    0.1563058         6.397717    
 ten66                tensio        -1.082090        -1.041435       -4.0654552E-02     1.000000        -1.082090        -1.041435       -4.0654552E-02    0.1563058         6.397717    
 ten67                tensio        -1.085534        -1.046089       -3.9444869E-02     1.000000        -1.085534        -1.046089       -3.9444869E-02    0.1563058         6.397717    
 ten68                tensio        -1.088404        -1.050788       -3.7616133E-02     1.000000        -1.088404        -1.050788       -3.7616133E-02    0.1563058         6.397717    
 ten69                tensio        -1.091274        -1.055530       -3.5744397E-02     1.000000        -1.091274        -1.055530       -3.5744397E-02    0.1563058         6.397717    
 ten70                tensio        -1.092423        -1.060317       -3.2105503E-02     1.000000        -1.092423        -1.060317       -3.2105503E-02    0.1563058         6.397717    
 ten71                tensio        -1.097015        -1.065150       -3.1864925E-02     1.000000        -1.097015        -1.065150       -3.1864925E-02    0.1563058         6.397717    
 ten72                tensio        -1.100459        -1.070030       -3.0429242E-02     1.000000        -1.100459        -1.070030       -3.0429242E-02    0.1563058         6.397717    
 ten73                tensio        -1.102181        -1.074956       -2.7225401E-02     1.000000        -1.102181        -1.074956       -2.7225401E-02    0.1563058         6.397717    
 ten74                tensio        -1.105052        -1.079930       -2.5121665E-02     1.000000        -1.105052        -1.079930       -2.5121665E-02    0.1563058         6.397717    
 ten75                tensio        -1.107348        -1.084952       -2.2395876E-02     1.000000        -1.107348        -1.084952       -2.2395876E-02    0.1563058         6.397717    
 ten76                tensio        -1.109644        -1.090024       -1.9620087E-02     1.000000        -1.109644        -1.090024       -1.9620087E-02    0.1563058         6.397717    
 ten77                tensio        -1.113088        -1.095146       -1.7942404E-02     1.000000        -1.113088        -1.095146       -1.7942404E-02    0.1563058         6.397717    
 ten78                tensio        -1.114237        -1.100319       -1.3917510E-02     1.000000        -1.114237        -1.100319       -1.3917510E-02    0.1563058         6.397717    
 ten79                tensio        -1.117107        -1.100319       -1.6787774E-02     1.000000        -1.117107        -1.100319       -1.6787774E-02    0.1563058         6.397717    
 ten80                tensio        -1.120551        -1.105543       -1.5008091E-02     1.000000        -1.120551        -1.105543       -1.5008091E-02    0.1563058         6.397717    
 ten81                tensio        -1.122847        -1.110820       -1.2027302E-02     1.000000        -1.122847        -1.110820       -1.2027302E-02    0.1563058         6.397717    
 ten82                tensio        -1.125144        -1.116150       -8.9935132E-03     1.000000        -1.125144        -1.116150       -8.9935132E-03    0.1563058         6.397717    
 ten83                tensio        -1.128014        -1.121534       -6.4797773E-03     1.000000        -1.128014        -1.121534       -6.4797773E-03    0.1563058         6.397717    
 ten84                tensio        -1.130310        -1.121534       -8.7759885E-03     1.000000        -1.130310        -1.121534       -8.7759885E-03    0.1563058         6.397717    
 ten85                tensio        -1.131458        -1.126973       -4.4850941E-03     1.000000        -1.131458        -1.126973       -4.4850941E-03    0.1563058         6.397717    
 ten86                tensio        -1.135476        -1.132469       -3.0074638E-03     1.000000        -1.135476        -1.132469       -3.0074638E-03    0.1563058         6.397717    
 ten87                tensio        -1.137199        -1.132469       -4.7296223E-03     1.000000        -1.137199        -1.132469       -4.7296223E-03    0.1563058         6.397717    
 ten88                tensio        -1.137773        -1.138021        2.4832491E-04     1.000000        -1.137773        -1.138021        2.4832491E-04    0.1563058         6.397717    
 ten89                tensio        -1.139495        -1.143631        4.1361665E-03     1.000000        -1.139495        -1.143631        4.1361665E-03    0.1563058         6.397717    
 ten90                tensio        -1.142939        -1.143631        6.9184960E-04     1.000000        -1.142939        -1.143631        6.9184960E-04    0.1563058         6.397717    
 ten91                tensio        -1.144661        -1.149300        4.6386912E-03     1.000000        -1.144661        -1.149300        4.6386912E-03    0.1563058         6.397717    
 ten92                tensio        -1.146958        -1.155029        8.0714799E-03     1.000000        -1.146958        -1.155029        8.0714799E-03    0.1563058         6.397717    
 ten93                tensio        -1.148106        -1.155029        6.9233743E-03     1.000000        -1.148106        -1.155029        6.9233743E-03    0.1563058         6.397717    
 ten94                tensio        -1.150402        -1.160818        1.0416163E-02     1.000000        -1.150402        -1.160818        1.0416163E-02    0.1563058         6.397717    
 ten95                tensio        -1.157290        -1.166670        9.3795293E-03     1.000000        -1.157290        -1.166670        9.3795293E-03    0.1563058         6.397717    
 ten96                tensio        -1.153846        -1.166670        1.2823846E-02     1.000000        -1.153846        -1.166670        1.2823846E-02    0.1563058         6.397717    
