single point
 thetar        9.9999998E-03    1.00000        0.00000    
 thetas        0.4114408        1.00000        0.00000    
 alpha          4.820154        1.00000        0.00000    
 n              1.484666        1.00000        0.00000    
 ksat          7.9762640E-04    1.00000        0.00000    
 l             0.5000000        1.00000        0.00000    
 ihead          152.2439        1.00000        0.00000    
 start          300.0000        1.00000        0.00000    
 inten          4.000000        1.00000        0.00000    
 durat          60.00000        1.00000        0.00000    
 pulse          32.54317        1.00000        0.00000    
