single point
 thetar        9.9999998E-03    1.00000        0.00000    
 thetas        0.4025506        1.00000        0.00000    
 alpha          3.414671        1.00000        0.00000    
 n              2.237116        1.00000        0.00000    
 ksat          8.4237479E-04    1.00000        0.00000    
 l             0.5000000        1.00000        0.00000    
 ihead          151.2108        1.00000        0.00000    
 start          300.0000        1.00000        0.00000    
 inten          4.000000        1.00000        0.00000    
 durat          60.00000        1.00000        0.00000    
 pulse          31.71406        1.00000        0.00000    
