 Name                 Group          Measured         Modelled         Residual         Weight       Weight*Measured    Weight*Modelled  Weight*Residual  Measurement_sd   Natural_weight
 ten1                 tensio        -1.464409        -1.752841        0.2884323         1.000000        -1.464409        -1.752841        0.2884323        0.1779383         5.619924    
 ten2                 tensio        -1.460964        -1.752841        0.2918766         1.000000        -1.460964        -1.752841        0.2918766        0.1779383         5.619924    
 ten3                 tensio        -1.458668        -1.752841        0.2941728         1.000000        -1.458668        -1.752841        0.2941728        0.1779383         5.619924    
 ten4                 tensio        -1.459816        -1.752841        0.2930247         1.000000        -1.459816        -1.752841        0.2930247        0.1779383         5.619924    
 ten5                 tensio        -1.456946        -1.752841        0.2958950         1.000000        -1.456946        -1.752841        0.2958950        0.1779383         5.619924    
 ten6                 tensio        -1.461538        -1.752841        0.2913025         1.000000        -1.461538        -1.752841        0.2913025        0.1779383         5.619924    
 ten7                 tensio        -1.460390        -1.752841        0.2924506         1.000000        -1.460390        -1.752841        0.2924506        0.1779383         5.619924    
 ten8                 tensio        -1.458668        -1.752841        0.2941728         1.000000        -1.458668        -1.752841        0.2941728        0.1779383         5.619924    
 ten9                 tensio        -1.462113        -1.752841        0.2907285         1.000000        -1.462113        -1.752841        0.2907285        0.1779383         5.619924    
 ten10                tensio        -1.453502        -1.752841        0.2993393         1.000000        -1.453502        -1.752841        0.2993393        0.1779383         5.619924    
 ten11                tensio        -1.454076        -1.752841        0.2987652         1.000000        -1.454076        -1.752841        0.2987652        0.1779383         5.619924    
 ten12                tensio        -1.451780        -1.752841        0.3010614         1.000000        -1.451780        -1.752841        0.3010614        0.1779383         5.619924    
 ten13                tensio        -1.452354        -1.752841        0.3004874         1.000000        -1.452354        -1.752841        0.3004874        0.1779383         5.619924    
 ten14                tensio        -1.458668        -1.752841        0.2941728         1.000000        -1.458668        -1.752841        0.2941728        0.1779383         5.619924    
 ten15                tensio        -1.452354        -1.752841        0.3004874         1.000000        -1.452354        -1.752841        0.3004874        0.1779383         5.619924    
 ten16                tensio        -1.448909        -1.752841        0.3039317         1.000000        -1.448909        -1.752841        0.3039317        0.1779383         5.619924    
 ten17                tensio        -1.449483        -1.752841        0.3033576         1.000000        -1.449483        -1.752841        0.3033576        0.1779383         5.619924    
 ten18                tensio        -1.430540        -1.752841        0.3223014         1.000000        -1.430540        -1.752841        0.3223014        0.1779383         5.619924    
 ten19                tensio        -1.404133        -1.752841        0.3487078         1.000000        -1.404133        -1.752841        0.3487078        0.1779383         5.619924    
 ten20                tensio        -1.320321        -1.752841        0.4325195         1.000000        -1.320321        -1.752841        0.4325195        0.1779383         5.619924    
 ten21                tensio        -1.060276        -1.135460        7.5184455E-02     1.000000        -1.060276        -1.135460        7.5184455E-02    0.1779383         5.619924    
 ten22                tensio       -0.7824340        -1.035201        0.2527670         1.000000       -0.7824340        -1.035201        0.2527670        0.1779383         5.619924    
 ten23                tensio       -0.7169920       -0.9843470        0.2673550         1.000000       -0.7169920       -0.9843470        0.2673550        0.1779383         5.619924    
 ten24                tensio       -0.7112514       -0.9843470        0.2730956         1.000000       -0.7112514       -0.9843470        0.2730956        0.1779383         5.619924    
 ten25                tensio       -0.7123995       -0.9843470        0.2719475         1.000000       -0.7123995       -0.9843470        0.2719475        0.1779383         5.619924    
 ten26                tensio       -0.7152698       -0.9843470        0.2690772         1.000000       -0.7152698       -0.9843470        0.2690772        0.1779383         5.619924    
 ten27                tensio       -0.7169920       -0.9880710        0.2710790         1.000000       -0.7169920       -0.9880710        0.2710790        0.1779383         5.619924    
 ten28                tensio       -0.7307692       -0.9880710        0.2573018         1.000000       -0.7307692       -0.9880710        0.2573018        0.1779383         5.619924    
 ten29                tensio       -0.7669346       -0.9880710        0.2211364         1.000000       -0.7669346       -0.9880710        0.2211364        0.1779383         5.619924    
 ten30                tensio       -0.7887486       -0.9918240        0.2030754         1.000000       -0.7887486       -0.9918240        0.2030754        0.1779383         5.619924    
 ten31                tensio       -0.8088404       -0.9918240        0.1829836         1.000000       -0.8088404       -0.9918240        0.1829836        0.1779383         5.619924    
 ten32                tensio       -0.8283582       -0.9918240        0.1634658         1.000000       -0.8283582       -0.9918240        0.1634658        0.1779383         5.619924    
 ten33                tensio       -0.8467279       -0.9956080        0.1488801         1.000000       -0.8467279       -0.9956080        0.1488801        0.1779383         5.619924    
 ten34                tensio       -0.8639495       -0.9956080        0.1316585         1.000000       -0.8639495       -0.9956080        0.1316585        0.1779383         5.619924    
 ten35                tensio       -0.8828932       -0.9956080        0.1127148         1.000000       -0.8828932       -0.9956080        0.1127148        0.1779383         5.619924    
 ten36                tensio       -0.8960964       -0.9994220        0.1033256         1.000000       -0.8960964       -0.9994220        0.1033256        0.1779383         5.619924    
 ten37                tensio       -0.9064294       -0.9994220        9.2992608E-02     1.000000       -0.9064294       -0.9994220        9.2992608E-02    0.1779383         5.619924    
 ten38                tensio       -0.9173364       -0.9994220        8.2085605E-02     1.000000       -0.9173364       -0.9994220        8.2085605E-02    0.1779383         5.619924    
 ten39                tensio       -0.9282434        -1.003268        7.5024602E-02     1.000000       -0.9282434        -1.003268        7.5024602E-02    0.1779383         5.619924    
 ten40                tensio       -0.9380023        -1.003268        6.5265704E-02     1.000000       -0.9380023        -1.003268        6.5265704E-02    0.1779383         5.619924    
 ten41                tensio       -0.9477612        -1.003268        5.5506806E-02     1.000000       -0.9477612        -1.003268        5.5506806E-02    0.1779383         5.619924    
 ten42                tensio       -0.9552239        -1.007145        5.1921119E-02     1.000000       -0.9552239        -1.007145        5.1921119E-02    0.1779383         5.619924    
 ten43                tensio       -0.9632606        -1.007145        4.3884380E-02     1.000000       -0.9632606        -1.007145        4.3884380E-02    0.1779383         5.619924    
 ten44                tensio       -0.9712974        -1.011054        3.9756641E-02     1.000000       -0.9712974        -1.011054        3.9756641E-02    0.1779383         5.619924    
 ten45                tensio       -0.9799082        -1.011054        3.1145848E-02     1.000000       -0.9799082        -1.011054        3.1145848E-02    0.1779383         5.619924    
 ten46                tensio       -0.9862227        -1.011054        2.4831268E-02     1.000000       -0.9862227        -1.011054        2.4831268E-02    0.1779383         5.619924    
 ten47                tensio       -0.9936854        -1.014995        2.1309581E-02     1.000000       -0.9936854        -1.014995        2.1309581E-02    0.1779383         5.619924    
 ten48                tensio        -1.000574        -1.014995        1.4420947E-02     1.000000        -1.000574        -1.014995        1.4420947E-02    0.1779383         5.619924    
 ten49                tensio        -1.006889        -1.018969        1.2080366E-02     1.000000        -1.006889        -1.018969        1.2080366E-02    0.1779383         5.619924    
 ten50                tensio        -1.013203        -1.018969        5.7657853E-03     1.000000        -1.013203        -1.018969        5.7657853E-03    0.1779383         5.619924    
 ten51                tensio        -1.020092        -1.022976        2.8841516E-03     1.000000        -1.020092        -1.022976        2.8841516E-03    0.1779383         5.619924    
 ten52                tensio        -1.025832        -1.031091        5.2586234E-03     1.000000        -1.025832        -1.031091        5.2586234E-03    0.1779383         5.619924    
 ten53                tensio        -1.030999        -1.039346        8.3471481E-03     1.000000        -1.030999        -1.039346        8.3471481E-03    0.1779383         5.619924    
 ten54                tensio        -1.035591        -1.047742        1.2150726E-02     1.000000        -1.035591        -1.047742        1.2150726E-02    0.1779383         5.619924    
 ten55                tensio        -1.039610        -1.056285        1.6675356E-02     1.000000        -1.039610        -1.056285        1.6675356E-02    0.1779383         5.619924    
 ten56                tensio        -1.044202        -1.064979        2.0776933E-02     1.000000        -1.044202        -1.064979        2.0776933E-02    0.1779383         5.619924    
 ten57                tensio        -1.049943        -1.069384        1.9441405E-02     1.000000        -1.049943        -1.069384        1.9441405E-02    0.1779383         5.619924    
 ten58                tensio        -1.052813        -1.078312        2.5499141E-02     1.000000        -1.052813        -1.078312        2.5499141E-02    0.1779383         5.619924    
 ten59                tensio        -1.056257        -1.082837        2.6579824E-02     1.000000        -1.056257        -1.082837        2.6579824E-02    0.1779383         5.619924    
 ten60                tensio        -1.060850        -1.092009        3.1159402E-02     1.000000        -1.060850        -1.092009        3.1159402E-02    0.1779383         5.619924    
 ten61                tensio        -1.063720        -1.096659        3.2939138E-02     1.000000        -1.063720        -1.096659        3.2939138E-02    0.1779383         5.619924    
 ten62                tensio        -1.068312        -1.101352        3.3039715E-02     1.000000        -1.068312        -1.101352        3.3039715E-02    0.1779383         5.619924    
 ten63                tensio        -1.072331        -1.110869        3.8538346E-02     1.000000        -1.072331        -1.110869        3.8538346E-02    0.1779383         5.619924    
 ten64                tensio        -1.075775        -1.115694        3.9919029E-02     1.000000        -1.075775        -1.115694        3.9919029E-02    0.1779383         5.619924    
 ten65                tensio        -1.078071        -1.120565        4.2493817E-02     1.000000        -1.078071        -1.120565        4.2493817E-02    0.1779383         5.619924    
 ten66                tensio        -1.082090        -1.125483        4.3393448E-02     1.000000        -1.082090        -1.125483        4.3393448E-02    0.1779383         5.619924    
 ten67                tensio        -1.085534        -1.130448        4.4914131E-02     1.000000        -1.085534        -1.130448        4.4914131E-02    0.1779383         5.619924    
 ten68                tensio        -1.088404        -1.135460        4.7055867E-02     1.000000        -1.088404        -1.135460        4.7055867E-02    0.1779383         5.619924    
 ten69                tensio        -1.091274        -1.140521        4.9246603E-02     1.000000        -1.091274        -1.140521        4.9246603E-02    0.1779383         5.619924    
 ten70                tensio        -1.092423        -1.145632        5.3209497E-02     1.000000        -1.092423        -1.145632        5.3209497E-02    0.1779383         5.619924    
 ten71                tensio        -1.097015        -1.150792        5.3777075E-02     1.000000        -1.097015        -1.150792        5.3777075E-02    0.1779383         5.619924    
 ten72                tensio        -1.100459        -1.156004        5.5544758E-02     1.000000        -1.100459        -1.156004        5.5544758E-02    0.1779383         5.619924    
 ten73                tensio        -1.102181        -1.161267        5.9085599E-02     1.000000        -1.102181        -1.161267        5.9085599E-02    0.1779383         5.619924    
 ten74                tensio        -1.105052        -1.166583        6.1531335E-02     1.000000        -1.105052        -1.166583        6.1531335E-02    0.1779383         5.619924    
 ten75                tensio        -1.107348        -1.171953        6.4605124E-02     1.000000        -1.107348        -1.171953        6.4605124E-02    0.1779383         5.619924    
 ten76                tensio        -1.109644        -1.177376        6.7731913E-02     1.000000        -1.109644        -1.177376        6.7731913E-02    0.1779383         5.619924    
 ten77                tensio        -1.113088        -1.182855        6.9766596E-02     1.000000        -1.113088        -1.182855        6.9766596E-02    0.1779383         5.619924    
 ten78                tensio        -1.114237        -1.188390        7.4153490E-02     1.000000        -1.114237        -1.188390        7.4153490E-02    0.1779383         5.619924    
 ten79                tensio        -1.117107        -1.188390        7.1283226E-02     1.000000        -1.117107        -1.188390        7.1283226E-02    0.1779383         5.619924    
 ten80                tensio        -1.120551        -1.193983        7.3431909E-02     1.000000        -1.120551        -1.193983        7.3431909E-02    0.1779383         5.619924    
 ten81                tensio        -1.122847        -1.199633        7.6785698E-02     1.000000        -1.122847        -1.199633        7.6785698E-02    0.1779383         5.619924    
 ten82                tensio        -1.125144        -1.205342        8.0198487E-02     1.000000        -1.125144        -1.205342        8.0198487E-02    0.1779383         5.619924    
 ten83                tensio        -1.128014        -1.205342        7.7328223E-02     1.000000        -1.128014        -1.205342        7.7328223E-02    0.1779383         5.619924    
 ten84                tensio        -1.130310        -1.211112        8.0802011E-02     1.000000        -1.130310        -1.211112        8.0802011E-02    0.1779383         5.619924    
 ten85                tensio        -1.131458        -1.216942        8.5483906E-02     1.000000        -1.131458        -1.216942        8.5483906E-02    0.1779383         5.619924    
 ten86                tensio        -1.135476        -1.222835        8.7358536E-02     1.000000        -1.135476        -1.222835        8.7358536E-02    0.1779383         5.619924    
 ten87                tensio        -1.137199        -1.222835        8.5636378E-02     1.000000        -1.137199        -1.222835        8.5636378E-02    0.1779383         5.619924    
 ten88                tensio        -1.137773        -1.228790        9.1017325E-02     1.000000        -1.137773        -1.228790        9.1017325E-02    0.1779383         5.619924    
 ten89                tensio        -1.139495        -1.228790        8.9295166E-02     1.000000        -1.139495        -1.228790        8.9295166E-02    0.1779383         5.619924    
 ten90                tensio        -1.142939        -1.234810        9.1870850E-02     1.000000        -1.142939        -1.234810        9.1870850E-02    0.1779383         5.619924    
 ten91                tensio        -1.144661        -1.240896        9.6234691E-02     1.000000        -1.144661        -1.240896        9.6234691E-02    0.1779383         5.619924    
 ten92                tensio        -1.146958        -1.240896        9.3938480E-02     1.000000        -1.146958        -1.240896        9.3938480E-02    0.1779383         5.619924    
 ten93                tensio        -1.148106        -1.247048        9.8942374E-02     1.000000        -1.148106        -1.247048        9.8942374E-02    0.1779383         5.619924    
 ten94                tensio        -1.150402        -1.247048        9.6646163E-02     1.000000        -1.150402        -1.247048        9.6646163E-02    0.1779383         5.619924    
 ten95                tensio        -1.157290        -1.253268        9.5977529E-02     1.000000        -1.157290        -1.253268        9.5977529E-02    0.1779383         5.619924    
 ten96                tensio        -1.153846        -1.259556        0.1057098         1.000000        -1.153846        -1.259556        0.1057098        0.1779383         5.619924    
