 Name                 Group          Measured         Modelled         Residual         Weight       Weight*Measured    Weight*Modelled  Weight*Residual  Measurement_sd   Natural_weight
 ten1                 tensio        -1.464409        -1.742114        0.2777053         1.000000        -1.464409        -1.742114        0.2777053        0.1576545         6.342986    
 ten2                 tensio        -1.460964        -1.742114        0.2811496         1.000000        -1.460964        -1.742114        0.2811496        0.1576545         6.342986    
 ten3                 tensio        -1.458668        -1.742114        0.2834458         1.000000        -1.458668        -1.742114        0.2834458        0.1576545         6.342986    
 ten4                 tensio        -1.459816        -1.742114        0.2822977         1.000000        -1.459816        -1.742114        0.2822977        0.1576545         6.342986    
 ten5                 tensio        -1.456946        -1.742114        0.2851680         1.000000        -1.456946        -1.742114        0.2851680        0.1576545         6.342986    
 ten6                 tensio        -1.461538        -1.742114        0.2805755         1.000000        -1.461538        -1.742114        0.2805755        0.1576545         6.342986    
 ten7                 tensio        -1.460390        -1.742114        0.2817236         1.000000        -1.460390        -1.742114        0.2817236        0.1576545         6.342986    
 ten8                 tensio        -1.458668        -1.742114        0.2834458         1.000000        -1.458668        -1.742114        0.2834458        0.1576545         6.342986    
 ten9                 tensio        -1.462113        -1.742114        0.2800015         1.000000        -1.462113        -1.742114        0.2800015        0.1576545         6.342986    
 ten10                tensio        -1.453502        -1.742114        0.2886123         1.000000        -1.453502        -1.742114        0.2886123        0.1576545         6.342986    
 ten11                tensio        -1.454076        -1.742114        0.2880382         1.000000        -1.454076        -1.742114        0.2880382        0.1576545         6.342986    
 ten12                tensio        -1.451780        -1.742114        0.2903344         1.000000        -1.451780        -1.742114        0.2903344        0.1576545         6.342986    
 ten13                tensio        -1.452354        -1.742114        0.2897604         1.000000        -1.452354        -1.742114        0.2897604        0.1576545         6.342986    
 ten14                tensio        -1.458668        -1.742114        0.2834458         1.000000        -1.458668        -1.742114        0.2834458        0.1576545         6.342986    
 ten15                tensio        -1.452354        -1.742114        0.2897604         1.000000        -1.452354        -1.742114        0.2897604        0.1576545         6.342986    
 ten16                tensio        -1.448909        -1.742114        0.2932047         1.000000        -1.448909        -1.742114        0.2932047        0.1576545         6.342986    
 ten17                tensio        -1.449483        -1.742114        0.2926306         1.000000        -1.449483        -1.742114        0.2926306        0.1576545         6.342986    
 ten18                tensio        -1.430540        -1.742114        0.3115744         1.000000        -1.430540        -1.742114        0.3115744        0.1576545         6.342986    
 ten19                tensio        -1.404133        -1.742114        0.3379808         1.000000        -1.404133        -1.742114        0.3379808        0.1576545         6.342986    
 ten20                tensio        -1.320321        -1.742114        0.4217925         1.000000        -1.320321        -1.742114        0.4217925        0.1576545         6.342986    
 ten21                tensio        -1.060276        -1.113155        5.2879455E-02     1.000000        -1.060276        -1.113155        5.2879455E-02    0.1576545         6.342986    
 ten22                tensio       -0.7824340       -0.9896570        0.2072230         1.000000       -0.7824340       -0.9896570        0.2072230        0.1576545         6.342986    
 ten23                tensio       -0.7169920       -0.9290420        0.2120500         1.000000       -0.7169920       -0.9290420        0.2120500        0.1576545         6.342986    
 ten24                tensio       -0.7112514       -0.9290420        0.2177906         1.000000       -0.7112514       -0.9290420        0.2177906        0.1576545         6.342986    
 ten25                tensio       -0.7123995       -0.9290420        0.2166425         1.000000       -0.7123995       -0.9290420        0.2166425        0.1576545         6.342986    
 ten26                tensio       -0.7152698       -0.9290420        0.2137722         1.000000       -0.7152698       -0.9290420        0.2137722        0.1576545         6.342986    
 ten27                tensio       -0.7169920       -0.9326060        0.2156140         1.000000       -0.7169920       -0.9326060        0.2156140        0.1576545         6.342986    
 ten28                tensio       -0.7307692       -0.9326060        0.2018368         1.000000       -0.7307692       -0.9326060        0.2018368        0.1576545         6.342986    
 ten29                tensio       -0.7669346       -0.9326060        0.1656714         1.000000       -0.7669346       -0.9326060        0.1656714        0.1576545         6.342986    
 ten30                tensio       -0.7887486       -0.9361980        0.1474494         1.000000       -0.7887486       -0.9361980        0.1474494        0.1576545         6.342986    
 ten31                tensio       -0.8088404       -0.9361980        0.1273576         1.000000       -0.8088404       -0.9361980        0.1273576        0.1576545         6.342986    
 ten32                tensio       -0.8283582       -0.9361980        0.1078398         1.000000       -0.8283582       -0.9361980        0.1078398        0.1576545         6.342986    
 ten33                tensio       -0.8467279       -0.9398180        9.3090101E-02     1.000000       -0.8467279       -0.9398180        9.3090101E-02    0.1576545         6.342986    
 ten34                tensio       -0.8639495       -0.9398180        7.5868517E-02     1.000000       -0.8639495       -0.9398180        7.5868517E-02    0.1576545         6.342986    
 ten35                tensio       -0.8828932       -0.9398180        5.6924774E-02     1.000000       -0.8828932       -0.9398180        5.6924774E-02    0.1576545         6.342986    
 ten36                tensio       -0.8960964       -0.9434670        4.7370559E-02     1.000000       -0.8960964       -0.9434670        4.7370559E-02    0.1576545         6.342986    
 ten37                tensio       -0.9064294       -0.9434670        3.7037608E-02     1.000000       -0.9064294       -0.9434670        3.7037608E-02    0.1576545         6.342986    
 ten38                tensio       -0.9173364       -0.9434670        2.6130605E-02     1.000000       -0.9173364       -0.9434670        2.6130605E-02    0.1576545         6.342986    
 ten39                tensio       -0.9282434       -0.9471460        1.8902602E-02     1.000000       -0.9282434       -0.9471460        1.8902602E-02    0.1576545         6.342986    
 ten40                tensio       -0.9380023       -0.9471460        9.1437038E-03     1.000000       -0.9380023       -0.9471460        9.1437038E-03    0.1576545         6.342986    
 ten41                tensio       -0.9477612       -0.9471460       -6.1519403E-04     1.000000       -0.9477612       -0.9471460       -6.1519403E-04    0.1576545         6.342986    
 ten42                tensio       -0.9552239       -0.9508540       -4.3698806E-03     1.000000       -0.9552239       -0.9508540       -4.3698806E-03    0.1576545         6.342986    
 ten43                tensio       -0.9632606       -0.9508540       -1.2406620E-02     1.000000       -0.9632606       -0.9508540       -1.2406620E-02    0.1576545         6.342986    
 ten44                tensio       -0.9712974       -0.9545930       -1.6704359E-02     1.000000       -0.9712974       -0.9545930       -1.6704359E-02    0.1576545         6.342986    
 ten45                tensio       -0.9799082       -0.9545930       -2.5315152E-02     1.000000       -0.9799082       -0.9545930       -2.5315152E-02    0.1576545         6.342986    
 ten46                tensio       -0.9862227       -0.9545930       -3.1629732E-02     1.000000       -0.9862227       -0.9545930       -3.1629732E-02    0.1576545         6.342986    
 ten47                tensio       -0.9936854       -0.9583610       -3.5324419E-02     1.000000       -0.9936854       -0.9583610       -3.5324419E-02    0.1576545         6.342986    
 ten48                tensio        -1.000574       -0.9583610       -4.2213053E-02     1.000000        -1.000574       -0.9583610       -4.2213053E-02    0.1576545         6.342986    
 ten49                tensio        -1.006889       -0.9621610       -4.4727634E-02     1.000000        -1.006889       -0.9621610       -4.4727634E-02    0.1576545         6.342986    
 ten50                tensio        -1.013203       -0.9621610       -5.1042215E-02     1.000000        -1.013203       -0.9621610       -5.1042215E-02    0.1576545         6.342986    
 ten51                tensio        -1.020092       -0.9659920       -5.4099848E-02     1.000000        -1.020092       -0.9659920       -5.4099848E-02    0.1576545         6.342986    
 ten52                tensio        -1.025832       -0.9737490       -5.2083377E-02     1.000000        -1.025832       -0.9737490       -5.2083377E-02    0.1576545         6.342986    
 ten53                tensio        -1.030999       -0.9816360       -4.9362852E-02     1.000000        -1.030999       -0.9816360       -4.9362852E-02    0.1576545         6.342986    
 ten54                tensio        -1.035591       -0.9896570       -4.5934274E-02     1.000000        -1.035591       -0.9896570       -4.5934274E-02    0.1576545         6.342986    
 ten55                tensio        -1.039610       -0.9978150       -4.1794644E-02     1.000000        -1.039610       -0.9978150       -4.1794644E-02    0.1576545         6.342986    
 ten56                tensio        -1.044202        -1.006115       -3.8087067E-02     1.000000        -1.044202        -1.006115       -3.8087067E-02    0.1576545         6.342986    
 ten57                tensio        -1.049943        -1.010319       -3.9623595E-02     1.000000        -1.049943        -1.010319       -3.9623595E-02    0.1576545         6.342986    
 ten58                tensio        -1.052813        -1.018838       -3.3974859E-02     1.000000        -1.052813        -1.018838       -3.3974859E-02    0.1576545         6.342986    
 ten59                tensio        -1.056257        -1.023154       -3.3103176E-02     1.000000        -1.056257        -1.023154       -3.3103176E-02    0.1576545         6.342986    
 ten60                tensio        -1.060850        -1.031902       -2.8947598E-02     1.000000        -1.060850        -1.031902       -2.8947598E-02    0.1576545         6.342986    
 ten61                tensio        -1.063720        -1.036335       -2.7384862E-02     1.000000        -1.063720        -1.036335       -2.7384862E-02    0.1576545         6.342986    
 ten62                tensio        -1.068312        -1.045322       -2.2990285E-02     1.000000        -1.068312        -1.045322       -2.2990285E-02    0.1576545         6.342986    
 ten63                tensio        -1.072331        -1.049877       -2.2453654E-02     1.000000        -1.072331        -1.049877       -2.2453654E-02    0.1576545         6.342986    
 ten64                tensio        -1.075775        -1.054474       -2.1300971E-02     1.000000        -1.075775        -1.054474       -2.1300971E-02    0.1576545         6.342986    
 ten65                tensio        -1.078071        -1.059114       -1.8957183E-02     1.000000        -1.078071        -1.059114       -1.8957183E-02    0.1576545         6.342986    
 ten66                tensio        -1.082090        -1.068524       -1.3565552E-02     1.000000        -1.082090        -1.068524       -1.3565552E-02    0.1576545         6.342986    
 ten67                tensio        -1.085534        -1.073295       -1.2238869E-02     1.000000        -1.085534        -1.073295       -1.2238869E-02    0.1576545         6.342986    
 ten68                tensio        -1.088404        -1.078112       -1.0292133E-02     1.000000        -1.088404        -1.078112       -1.0292133E-02    0.1576545         6.342986    
 ten69                tensio        -1.091274        -1.082975       -8.2993972E-03     1.000000        -1.091274        -1.082975       -8.2993972E-03    0.1576545         6.342986    
 ten70                tensio        -1.092423        -1.087884       -4.5385029E-03     1.000000        -1.092423        -1.087884       -4.5385029E-03    0.1576545         6.342986    
 ten71                tensio        -1.097015        -1.092840       -4.1749254E-03     1.000000        -1.097015        -1.092840       -4.1749254E-03    0.1576545         6.342986    
 ten72                tensio        -1.100459        -1.097845       -2.6142422E-03     1.000000        -1.100459        -1.097845       -2.6142422E-03    0.1576545         6.342986    
 ten73                tensio        -1.102181        -1.102898        7.1659931E-04     1.000000        -1.102181        -1.102898        7.1659931E-04    0.1576545         6.342986    
 ten74                tensio        -1.105052        -1.108001        2.9493353E-03     1.000000        -1.105052        -1.108001        2.9493353E-03    0.1576545         6.342986    
 ten75                tensio        -1.107348        -1.113155        5.8071240E-03     1.000000        -1.107348        -1.113155        5.8071240E-03    0.1576545         6.342986    
 ten76                tensio        -1.109644        -1.118359        8.7149127E-03     1.000000        -1.109644        -1.118359        8.7149127E-03    0.1576545         6.342986    
 ten77                tensio        -1.113088        -1.123616        1.0527596E-02     1.000000        -1.113088        -1.123616        1.0527596E-02    0.1576545         6.342986    
 ten78                tensio        -1.114237        -1.123616        9.3794902E-03     1.000000        -1.114237        -1.123616        9.3794902E-03    0.1576545         6.342986    
 ten79                tensio        -1.117107        -1.128926        1.1819226E-02     1.000000        -1.117107        -1.128926        1.1819226E-02    0.1576545         6.342986    
 ten80                tensio        -1.120551        -1.134289        1.3737909E-02     1.000000        -1.120551        -1.134289        1.3737909E-02    0.1576545         6.342986    
 ten81                tensio        -1.122847        -1.139707        1.6859698E-02     1.000000        -1.122847        -1.139707        1.6859698E-02    0.1576545         6.342986    
 ten82                tensio        -1.125144        -1.145180        2.0036487E-02     1.000000        -1.125144        -1.145180        2.0036487E-02    0.1576545         6.342986    
 ten83                tensio        -1.128014        -1.145180        1.7166223E-02     1.000000        -1.128014        -1.145180        1.7166223E-02    0.1576545         6.342986    
 ten84                tensio        -1.130310        -1.150710        2.0400011E-02     1.000000        -1.130310        -1.150710        2.0400011E-02    0.1576545         6.342986    
 ten85                tensio        -1.131458        -1.156297        2.4838906E-02     1.000000        -1.131458        -1.156297        2.4838906E-02    0.1576545         6.342986    
 ten86                tensio        -1.135476        -1.156297        2.0820536E-02     1.000000        -1.135476        -1.156297        2.0820536E-02    0.1576545         6.342986    
 ten87                tensio        -1.137199        -1.161943        2.4744378E-02     1.000000        -1.137199        -1.161943        2.4744378E-02    0.1576545         6.342986    
 ten88                tensio        -1.137773        -1.167647        2.9874325E-02     1.000000        -1.137773        -1.167647        2.9874325E-02    0.1576545         6.342986    
 ten89                tensio        -1.139495        -1.167647        2.8152166E-02     1.000000        -1.139495        -1.167647        2.8152166E-02    0.1576545         6.342986    
 ten90                tensio        -1.142939        -1.173412        3.0472850E-02     1.000000        -1.142939        -1.173412        3.0472850E-02    0.1576545         6.342986    
 ten91                tensio        -1.144661        -1.179239        3.4577691E-02     1.000000        -1.144661        -1.179239        3.4577691E-02    0.1576545         6.342986    
 ten92                tensio        -1.146958        -1.179239        3.2281480E-02     1.000000        -1.146958        -1.179239        3.2281480E-02    0.1576545         6.342986    
 ten93                tensio        -1.148106        -1.185128        3.7022374E-02     1.000000        -1.148106        -1.185128        3.7022374E-02    0.1576545         6.342986    
 ten94                tensio        -1.150402        -1.191080        4.0678163E-02     1.000000        -1.150402        -1.191080        4.0678163E-02    0.1576545         6.342986    
 ten95                tensio        -1.157290        -1.191080        3.3789529E-02     1.000000        -1.157290        -1.191080        3.3789529E-02    0.1576545         6.342986    
 ten96                tensio        -1.153846        -1.197097        4.3250846E-02     1.000000        -1.153846        -1.197097        4.3250846E-02    0.1576545         6.342986    
