single point
 thetar        9.9999998E-03    1.00000        0.00000    
 thetas        0.4095994        1.00000        0.00000    
 alpha          5.000000        1.00000        0.00000    
 n              1.218205        1.00000        0.00000    
 ksat          8.0195932E-04    1.00000        0.00000    
 l             0.5000000        1.00000        0.00000    
 ihead          151.2834        1.00000        0.00000    
 start          300.0000        1.00000        0.00000    
 inten          4.000000        1.00000        0.00000    
 durat          60.00000        1.00000        0.00000    
 pulse          28.52057        1.00000        0.00000    
