single point
 thetar        9.9999998E-03    1.00000        0.00000    
 thetas        0.4000000        1.00000        0.00000    
 alpha          3.708823        1.00000        0.00000    
 n              2.093224        1.00000        0.00000    
 ksat          8.8222987E-04    1.00000        0.00000    
 l             0.5000000        1.00000        0.00000    
 ihead          149.0905        1.00000        0.00000    
 start          300.0000        1.00000        0.00000    
 inten          4.000000        1.00000        0.00000    
 durat          60.00000        1.00000        0.00000    
 pulse          32.09273        1.00000        0.00000    
