 Name                 Group          Measured         Modelled         Residual         Weight       Weight*Measured    Weight*Modelled  Weight*Residual  Measurement_sd   Natural_weight
 ten1                 tensio        -1.464409        -1.745227        0.2808183         1.000000        -1.464409        -1.745227        0.2808183        0.1921430         5.204458    
 ten2                 tensio        -1.460964        -1.745227        0.2842626         1.000000        -1.460964        -1.745227        0.2842626        0.1921430         5.204458    
 ten3                 tensio        -1.458668        -1.745227        0.2865588         1.000000        -1.458668        -1.745227        0.2865588        0.1921430         5.204458    
 ten4                 tensio        -1.459816        -1.745227        0.2854107         1.000000        -1.459816        -1.745227        0.2854107        0.1921430         5.204458    
 ten5                 tensio        -1.456946        -1.745227        0.2882810         1.000000        -1.456946        -1.745227        0.2882810        0.1921430         5.204458    
 ten6                 tensio        -1.461538        -1.745227        0.2836885         1.000000        -1.461538        -1.745227        0.2836885        0.1921430         5.204458    
 ten7                 tensio        -1.460390        -1.745227        0.2848366         1.000000        -1.460390        -1.745227        0.2848366        0.1921430         5.204458    
 ten8                 tensio        -1.458668        -1.745227        0.2865588         1.000000        -1.458668        -1.745227        0.2865588        0.1921430         5.204458    
 ten9                 tensio        -1.462113        -1.745227        0.2831145         1.000000        -1.462113        -1.745227        0.2831145        0.1921430         5.204458    
 ten10                tensio        -1.453502        -1.745227        0.2917253         1.000000        -1.453502        -1.745227        0.2917253        0.1921430         5.204458    
 ten11                tensio        -1.454076        -1.745227        0.2911512         1.000000        -1.454076        -1.745227        0.2911512        0.1921430         5.204458    
 ten12                tensio        -1.451780        -1.745227        0.2934474         1.000000        -1.451780        -1.745227        0.2934474        0.1921430         5.204458    
 ten13                tensio        -1.452354        -1.745227        0.2928734         1.000000        -1.452354        -1.745227        0.2928734        0.1921430         5.204458    
 ten14                tensio        -1.458668        -1.745227        0.2865588         1.000000        -1.458668        -1.745227        0.2865588        0.1921430         5.204458    
 ten15                tensio        -1.452354        -1.745227        0.2928734         1.000000        -1.452354        -1.745227        0.2928734        0.1921430         5.204458    
 ten16                tensio        -1.448909        -1.745227        0.2963177         1.000000        -1.448909        -1.745227        0.2963177        0.1921430         5.204458    
 ten17                tensio        -1.449483        -1.745227        0.2957436         1.000000        -1.449483        -1.745227        0.2957436        0.1921430         5.204458    
 ten18                tensio        -1.430540        -1.745227        0.3146874         1.000000        -1.430540        -1.745227        0.3146874        0.1921430         5.204458    
 ten19                tensio        -1.404133        -1.745227        0.3410938         1.000000        -1.404133        -1.745227        0.3410938        0.1921430         5.204458    
 ten20                tensio        -1.320321        -1.745227        0.4249055         1.000000        -1.320321        -1.745227        0.4249055        0.1921430         5.204458    
 ten21                tensio        -1.060276        -1.114212        5.3936455E-02     1.000000        -1.060276        -1.114212        5.3936455E-02    0.1921430         5.204458    
 ten22                tensio       -0.7824340        -1.046191        0.2637570         1.000000       -0.7824340        -1.046191        0.2637570        0.1921430         5.204458    
 ten23                tensio       -0.7169920        -1.011729        0.2947370         1.000000       -0.7169920        -1.011729        0.2947370        0.1921430         5.204458    
 ten24                tensio       -0.7112514        -1.011729        0.3004776         1.000000       -0.7112514        -1.011729        0.3004776        0.1921430         5.204458    
 ten25                tensio       -0.7123995        -1.011729        0.2993295         1.000000       -0.7123995        -1.011729        0.2993295        0.1921430         5.204458    
 ten26                tensio       -0.7152698        -1.011729        0.2964592         1.000000       -0.7152698        -1.011729        0.2964592        0.1921430         5.204458    
 ten27                tensio       -0.7169920        -1.015437        0.2984450         1.000000       -0.7169920        -1.015437        0.2984450        0.1921430         5.204458    
 ten28                tensio       -0.7307692        -1.015437        0.2846678         1.000000       -0.7307692        -1.015437        0.2846678        0.1921430         5.204458    
 ten29                tensio       -0.7669346        -1.015437        0.2485024         1.000000       -0.7669346        -1.015437        0.2485024        0.1921430         5.204458    
 ten30                tensio       -0.7887486        -1.019175        0.2304264         1.000000       -0.7887486        -1.019175        0.2304264        0.1921430         5.204458    
 ten31                tensio       -0.8088404        -1.019175        0.2103346         1.000000       -0.8088404        -1.019175        0.2103346        0.1921430         5.204458    
 ten32                tensio       -0.8283582        -1.019175        0.1908168         1.000000       -0.8283582        -1.019175        0.1908168        0.1921430         5.204458    
 ten33                tensio       -0.8467279        -1.022942        0.1762141         1.000000       -0.8467279        -1.022942        0.1762141        0.1921430         5.204458    
 ten34                tensio       -0.8639495        -1.022942        0.1589925         1.000000       -0.8639495        -1.022942        0.1589925        0.1921430         5.204458    
 ten35                tensio       -0.8828932        -1.022942        0.1400488         1.000000       -0.8828932        -1.022942        0.1400488        0.1921430         5.204458    
 ten36                tensio       -0.8960964        -1.026739        0.1306426         1.000000       -0.8960964        -1.026739        0.1306426        0.1921430         5.204458    
 ten37                tensio       -0.9064294        -1.026739        0.1203096         1.000000       -0.9064294        -1.026739        0.1203096        0.1921430         5.204458    
 ten38                tensio       -0.9173364        -1.030567        0.1132306         1.000000       -0.9173364        -1.030567        0.1132306        0.1921430         5.204458    
 ten39                tensio       -0.9282434        -1.030567        0.1023236         1.000000       -0.9282434        -1.030567        0.1023236        0.1921430         5.204458    
 ten40                tensio       -0.9380023        -1.030567        9.2564704E-02     1.000000       -0.9380023        -1.030567        9.2564704E-02    0.1921430         5.204458    
 ten41                tensio       -0.9477612        -1.034426        8.6664806E-02     1.000000       -0.9477612        -1.034426        8.6664806E-02    0.1921430         5.204458    
 ten42                tensio       -0.9552239        -1.034426        7.9202119E-02     1.000000       -0.9552239        -1.034426        7.9202119E-02    0.1921430         5.204458    
 ten43                tensio       -0.9632606        -1.038315        7.5054380E-02     1.000000       -0.9632606        -1.038315        7.5054380E-02    0.1921430         5.204458    
 ten44                tensio       -0.9712974        -1.038315        6.7017641E-02     1.000000       -0.9712974        -1.038315        6.7017641E-02    0.1921430         5.204458    
 ten45                tensio       -0.9799082        -1.042237        6.2328848E-02     1.000000       -0.9799082        -1.042237        6.2328848E-02    0.1921430         5.204458    
 ten46                tensio       -0.9862227        -1.042237        5.6014268E-02     1.000000       -0.9862227        -1.042237        5.6014268E-02    0.1921430         5.204458    
 ten47                tensio       -0.9936854        -1.046191        5.2505581E-02     1.000000       -0.9936854        -1.046191        5.2505581E-02    0.1921430         5.204458    
 ten48                tensio        -1.000574        -1.046191        4.5616947E-02     1.000000        -1.000574        -1.046191        4.5616947E-02    0.1921430         5.204458    
 ten49                tensio        -1.006889        -1.050177        4.3288366E-02     1.000000        -1.006889        -1.050177        4.3288366E-02    0.1921430         5.204458    
 ten50                tensio        -1.013203        -1.062337        4.9133785E-02     1.000000        -1.013203        -1.062337        4.9133785E-02    0.1921430         5.204458    
 ten51                tensio        -1.020092        -1.070615        5.0523152E-02     1.000000        -1.020092        -1.070615        5.0523152E-02    0.1921430         5.204458    
 ten52                tensio        -1.025832        -1.079034        5.3201623E-02     1.000000        -1.025832        -1.079034        5.3201623E-02    0.1921430         5.204458    
 ten53                tensio        -1.030999        -1.087599        5.6600148E-02     1.000000        -1.030999        -1.087599        5.6600148E-02    0.1921430         5.204458    
 ten54                tensio        -1.035591        -1.091938        5.6346726E-02     1.000000        -1.035591        -1.091938        5.6346726E-02    0.1921430         5.204458    
 ten55                tensio        -1.039610        -1.100730        6.1120356E-02     1.000000        -1.039610        -1.100730        6.1120356E-02    0.1921430         5.204458    
 ten56                tensio        -1.044202        -1.109678        6.5475933E-02     1.000000        -1.044202        -1.109678        6.5475933E-02    0.1921430         5.204458    
 ten57                tensio        -1.049943        -1.114212        6.4269405E-02     1.000000        -1.049943        -1.114212        6.4269405E-02    0.1921430         5.204458    
 ten58                tensio        -1.052813        -1.123404        7.0591141E-02     1.000000        -1.052813        -1.123404        7.0591141E-02    0.1921430         5.204458    
 ten59                tensio        -1.056257        -1.128063        7.1805824E-02     1.000000        -1.056257        -1.128063        7.1805824E-02    0.1921430         5.204458    
 ten60                tensio        -1.060850        -1.137510        7.6660402E-02     1.000000        -1.060850        -1.137510        7.6660402E-02    0.1921430         5.204458    
 ten61                tensio        -1.063720        -1.142299        7.8579138E-02     1.000000        -1.063720        -1.142299        7.8579138E-02    0.1921430         5.204458    
 ten62                tensio        -1.068312        -1.147133        7.8820715E-02     1.000000        -1.068312        -1.147133        7.8820715E-02    0.1921430         5.204458    
 ten63                tensio        -1.072331        -1.152012        7.9681346E-02     1.000000        -1.072331        -1.152012        7.9681346E-02    0.1921430         5.204458    
 ten64                tensio        -1.075775        -1.161909        8.6134029E-02     1.000000        -1.075775        -1.161909        8.6134029E-02    0.1921430         5.204458    
 ten65                tensio        -1.078071        -1.166929        8.8857817E-02     1.000000        -1.078071        -1.166929        8.8857817E-02    0.1921430         5.204458    
 ten66                tensio        -1.082090        -1.171998        8.9908448E-02     1.000000        -1.082090        -1.171998        8.9908448E-02    0.1921430         5.204458    
 ten67                tensio        -1.085534        -1.177115        9.1581131E-02     1.000000        -1.085534        -1.177115        9.1581131E-02    0.1921430         5.204458    
 ten68                tensio        -1.088404        -1.182282        9.3877867E-02     1.000000        -1.088404        -1.182282        9.3877867E-02    0.1921430         5.204458    
 ten69                tensio        -1.091274        -1.187500        9.6225603E-02     1.000000        -1.091274        -1.187500        9.6225603E-02    0.1921430         5.204458    
 ten70                tensio        -1.092423        -1.192770        0.1003475         1.000000        -1.092423        -1.192770        0.1003475        0.1921430         5.204458    
 ten71                tensio        -1.097015        -1.198091        0.1010761         1.000000        -1.097015        -1.198091        0.1010761        0.1921430         5.204458    
 ten72                tensio        -1.100459        -1.203466        0.1030068         1.000000        -1.100459        -1.203466        0.1030068        0.1921430         5.204458    
 ten73                tensio        -1.102181        -1.208896        0.1067146         1.000000        -1.102181        -1.208896        0.1067146        0.1921430         5.204458    
 ten74                tensio        -1.105052        -1.214380        0.1093283         1.000000        -1.105052        -1.214380        0.1093283        0.1921430         5.204458    
 ten75                tensio        -1.107348        -1.219920        0.1125721         1.000000        -1.107348        -1.219920        0.1125721        0.1921430         5.204458    
 ten76                tensio        -1.109644        -1.225516        0.1158719         1.000000        -1.109644        -1.225516        0.1158719        0.1921430         5.204458    
 ten77                tensio        -1.113088        -1.225516        0.1124276         1.000000        -1.113088        -1.225516        0.1124276        0.1921430         5.204458    
 ten78                tensio        -1.114237        -1.231171        0.1169345         1.000000        -1.114237        -1.231171        0.1169345        0.1921430         5.204458    
 ten79                tensio        -1.117107        -1.236884        0.1197772         1.000000        -1.117107        -1.236884        0.1197772        0.1921430         5.204458    
 ten80                tensio        -1.120551        -1.242658        0.1221069         1.000000        -1.120551        -1.242658        0.1221069        0.1921430         5.204458    
 ten81                tensio        -1.122847        -1.242658        0.1198107         1.000000        -1.122847        -1.242658        0.1198107        0.1921430         5.204458    
 ten82                tensio        -1.125144        -1.248492        0.1233485         1.000000        -1.125144        -1.248492        0.1233485        0.1921430         5.204458    
 ten83                tensio        -1.128014        -1.254387        0.1263732         1.000000        -1.128014        -1.254387        0.1263732        0.1921430         5.204458    
 ten84                tensio        -1.130310        -1.260346        0.1300360         1.000000        -1.130310        -1.260346        0.1300360        0.1921430         5.204458    
 ten85                tensio        -1.131458        -1.260346        0.1288879         1.000000        -1.131458        -1.260346        0.1288879        0.1921430         5.204458    
 ten86                tensio        -1.135476        -1.266369        0.1308925         1.000000        -1.135476        -1.266369        0.1308925        0.1921430         5.204458    
 ten87                tensio        -1.137199        -1.272457        0.1352584         1.000000        -1.137199        -1.272457        0.1352584        0.1921430         5.204458    
 ten88                tensio        -1.137773        -1.272457        0.1346843         1.000000        -1.137773        -1.272457        0.1346843        0.1921430         5.204458    
 ten89                tensio        -1.139495        -1.278611        0.1391162         1.000000        -1.139495        -1.278611        0.1391162        0.1921430         5.204458    
 ten90                tensio        -1.142939        -1.278611        0.1356718         1.000000        -1.142939        -1.278611        0.1356718        0.1921430         5.204458    
 ten91                tensio        -1.144661        -1.284832        0.1401707         1.000000        -1.144661        -1.284832        0.1401707        0.1921430         5.204458    
 ten92                tensio        -1.146958        -1.291123        0.1441655         1.000000        -1.146958        -1.291123        0.1441655        0.1921430         5.204458    
 ten93                tensio        -1.148106        -1.291123        0.1430174         1.000000        -1.148106        -1.291123        0.1430174        0.1921430         5.204458    
 ten94                tensio        -1.150402        -1.297483        0.1470812         1.000000        -1.150402        -1.297483        0.1470812        0.1921430         5.204458    
 ten95                tensio        -1.157290        -1.297483        0.1401925         1.000000        -1.157290        -1.297483        0.1401925        0.1921430         5.204458    
 ten96                tensio        -1.153846        -1.303915        0.1500688         1.000000        -1.153846        -1.303915        0.1500688        0.1921430         5.204458    
