single point
 thetar        9.9999998E-03    1.00000        0.00000    
 thetas        0.5000000        1.00000        0.00000    
 alpha          5.000000        1.00000        0.00000    
 n              1.199765        1.00000        0.00000    
 ksat          1.0000000E-03    1.00000        0.00000    
 l             0.5000000        1.00000        0.00000    
 ihead          147.0877        1.00000        0.00000    
 start          300.0000        1.00000        0.00000    
 inten          4.000000        1.00000        0.00000    
 durat          60.00000        1.00000        0.00000    
 pulse          31.00921        1.00000        0.00000    
