 Name                 Group          Measured         Modelled         Residual         Weight       Weight*Measured    Weight*Modelled  Weight*Residual  Measurement_sd   Natural_weight
 ten1                 tensio        -1.464409        -1.748297        0.2838883         1.000000        -1.464409        -1.748297        0.2838883        0.1585457         6.307329    
 ten2                 tensio        -1.460964        -1.748297        0.2873326         1.000000        -1.460964        -1.748297        0.2873326        0.1585457         6.307329    
 ten3                 tensio        -1.458668        -1.748297        0.2896288         1.000000        -1.458668        -1.748297        0.2896288        0.1585457         6.307329    
 ten4                 tensio        -1.459816        -1.748297        0.2884807         1.000000        -1.459816        -1.748297        0.2884807        0.1585457         6.307329    
 ten5                 tensio        -1.456946        -1.748297        0.2913510         1.000000        -1.456946        -1.748297        0.2913510        0.1585457         6.307329    
 ten6                 tensio        -1.461538        -1.748297        0.2867585         1.000000        -1.461538        -1.748297        0.2867585        0.1585457         6.307329    
 ten7                 tensio        -1.460390        -1.748297        0.2879066         1.000000        -1.460390        -1.748297        0.2879066        0.1585457         6.307329    
 ten8                 tensio        -1.458668        -1.748297        0.2896288         1.000000        -1.458668        -1.748297        0.2896288        0.1585457         6.307329    
 ten9                 tensio        -1.462113        -1.748297        0.2861845         1.000000        -1.462113        -1.748297        0.2861845        0.1585457         6.307329    
 ten10                tensio        -1.453502        -1.748297        0.2947953         1.000000        -1.453502        -1.748297        0.2947953        0.1585457         6.307329    
 ten11                tensio        -1.454076        -1.748297        0.2942212         1.000000        -1.454076        -1.748297        0.2942212        0.1585457         6.307329    
 ten12                tensio        -1.451780        -1.748297        0.2965174         1.000000        -1.451780        -1.748297        0.2965174        0.1585457         6.307329    
 ten13                tensio        -1.452354        -1.748297        0.2959434         1.000000        -1.452354        -1.748297        0.2959434        0.1585457         6.307329    
 ten14                tensio        -1.458668        -1.748297        0.2896288         1.000000        -1.458668        -1.748297        0.2896288        0.1585457         6.307329    
 ten15                tensio        -1.452354        -1.748297        0.2959434         1.000000        -1.452354        -1.748297        0.2959434        0.1585457         6.307329    
 ten16                tensio        -1.448909        -1.748297        0.2993877         1.000000        -1.448909        -1.748297        0.2993877        0.1585457         6.307329    
 ten17                tensio        -1.449483        -1.748297        0.2988136         1.000000        -1.449483        -1.748297        0.2988136        0.1585457         6.307329    
 ten18                tensio        -1.430540        -1.748297        0.3177574         1.000000        -1.430540        -1.748297        0.3177574        0.1585457         6.307329    
 ten19                tensio        -1.404133        -1.748297        0.3441638         1.000000        -1.404133        -1.748297        0.3441638        0.1585457         6.307329    
 ten20                tensio        -1.320321        -1.748297        0.4279755         1.000000        -1.320321        -1.748297        0.4279755        0.1585457         6.307329    
 ten21                tensio        -1.060276        -1.103725        4.3449455E-02     1.000000        -1.060276        -1.103725        4.3449455E-02    0.1585457         6.307329    
 ten22                tensio       -0.7824340       -0.9621250        0.1796910         1.000000       -0.7824340       -0.9621250        0.1796910        0.1585457         6.307329    
 ten23                tensio       -0.7169920       -0.9061820        0.1891900         1.000000       -0.7169920       -0.9061820        0.1891900        0.1585457         6.307329    
 ten24                tensio       -0.7112514       -0.9026860        0.1914346         1.000000       -0.7112514       -0.9026860        0.1914346        0.1585457         6.307329    
 ten25                tensio       -0.7123995       -0.9026860        0.1902865         1.000000       -0.7123995       -0.9026860        0.1902865        0.1585457         6.307329    
 ten26                tensio       -0.7152698       -0.9026860        0.1874162         1.000000       -0.7152698       -0.9026860        0.1874162        0.1585457         6.307329    
 ten27                tensio       -0.7169920       -0.9026860        0.1856940         1.000000       -0.7169920       -0.9026860        0.1856940        0.1585457         6.307329    
 ten28                tensio       -0.7307692       -0.9061820        0.1754128         1.000000       -0.7307692       -0.9061820        0.1754128        0.1585457         6.307329    
 ten29                tensio       -0.7669346       -0.9061820        0.1392474         1.000000       -0.7669346       -0.9061820        0.1392474        0.1585457         6.307329    
 ten30                tensio       -0.7887486       -0.9061820        0.1174334         1.000000       -0.7887486       -0.9061820        0.1174334        0.1585457         6.307329    
 ten31                tensio       -0.8088404       -0.9097060        0.1008656         1.000000       -0.8088404       -0.9097060        0.1008656        0.1585457         6.307329    
 ten32                tensio       -0.8283582       -0.9097060        8.1347791E-02     1.000000       -0.8283582       -0.9097060        8.1347791E-02    0.1585457         6.307329    
 ten33                tensio       -0.8467279       -0.9097060        6.2978101E-02     1.000000       -0.8467279       -0.9097060        6.2978101E-02    0.1585457         6.307329    
 ten34                tensio       -0.8639495       -0.9132570        4.9307517E-02     1.000000       -0.8639495       -0.9132570        4.9307517E-02    0.1585457         6.307329    
 ten35                tensio       -0.8828932       -0.9132570        3.0363774E-02     1.000000       -0.8828932       -0.9132570        3.0363774E-02    0.1585457         6.307329    
 ten36                tensio       -0.8960964       -0.9132570        1.7160559E-02     1.000000       -0.8960964       -0.9132570        1.7160559E-02    0.1585457         6.307329    
 ten37                tensio       -0.9064294       -0.9168360        1.0406608E-02     1.000000       -0.9064294       -0.9168360        1.0406608E-02    0.1585457         6.307329    
 ten38                tensio       -0.9173364       -0.9168360       -5.0039495E-04     1.000000       -0.9173364       -0.9168360       -5.0039495E-04    0.1585457         6.307329    
 ten39                tensio       -0.9282434       -0.9168360       -1.1407398E-02     1.000000       -0.9282434       -0.9168360       -1.1407398E-02    0.1585457         6.307329    
 ten40                tensio       -0.9380023       -0.9204440       -1.7558296E-02     1.000000       -0.9380023       -0.9204440       -1.7558296E-02    0.1585457         6.307329    
 ten41                tensio       -0.9477612       -0.9204440       -2.7317194E-02     1.000000       -0.9477612       -0.9204440       -2.7317194E-02    0.1585457         6.307329    
 ten42                tensio       -0.9552239       -0.9240810       -3.1142881E-02     1.000000       -0.9552239       -0.9240810       -3.1142881E-02    0.1585457         6.307329    
 ten43                tensio       -0.9632606       -0.9240810       -3.9179620E-02     1.000000       -0.9632606       -0.9240810       -3.9179620E-02    0.1585457         6.307329    
 ten44                tensio       -0.9712974       -0.9240810       -4.7216359E-02     1.000000       -0.9712974       -0.9240810       -4.7216359E-02    0.1585457         6.307329    
 ten45                tensio       -0.9799082       -0.9277470       -5.2161152E-02     1.000000       -0.9799082       -0.9277470       -5.2161152E-02    0.1585457         6.307329    
 ten46                tensio       -0.9862227       -0.9277470       -5.8475732E-02     1.000000       -0.9862227       -0.9277470       -5.8475732E-02    0.1585457         6.307329    
 ten47                tensio       -0.9936854       -0.9314430       -6.2242419E-02     1.000000       -0.9936854       -0.9314430       -6.2242419E-02    0.1585457         6.307329    
 ten48                tensio        -1.000574       -0.9314430       -6.9131053E-02     1.000000        -1.000574       -0.9314430       -6.9131053E-02    0.1585457         6.307329    
 ten49                tensio        -1.006889       -0.9314430       -7.5445634E-02     1.000000        -1.006889       -0.9314430       -7.5445634E-02    0.1585457         6.307329    
 ten50                tensio        -1.013203       -0.9351690       -7.8034215E-02     1.000000        -1.013203       -0.9351690       -7.8034215E-02    0.1585457         6.307329    
 ten51                tensio        -1.020092       -0.9389250       -8.1166848E-02     1.000000        -1.020092       -0.9389250       -8.1166848E-02    0.1585457         6.307329    
 ten52                tensio        -1.025832       -0.9465310       -7.9301377E-02     1.000000        -1.025832       -0.9465310       -7.9301377E-02    0.1585457         6.307329    
 ten53                tensio        -1.030999       -0.9542630       -7.6735852E-02     1.000000        -1.030999       -0.9542630       -7.6735852E-02    0.1585457         6.307329    
 ten54                tensio        -1.035591       -0.9621250       -7.3466274E-02     1.000000        -1.035591       -0.9621250       -7.3466274E-02    0.1585457         6.307329    
 ten55                tensio        -1.039610       -0.9661060       -7.3503644E-02     1.000000        -1.039610       -0.9661060       -7.3503644E-02    0.1585457         6.307329    
 ten56                tensio        -1.044202       -0.9741710       -7.0031067E-02     1.000000        -1.044202       -0.9741710       -7.0031067E-02    0.1585457         6.307329    
 ten57                tensio        -1.049943       -0.9823740       -6.7568595E-02     1.000000        -1.049943       -0.9823740       -6.7568595E-02    0.1585457         6.307329    
 ten58                tensio        -1.052813       -0.9865300       -6.6282859E-02     1.000000        -1.052813       -0.9865300       -6.6282859E-02    0.1585457         6.307329    
 ten59                tensio        -1.056257       -0.9949500       -6.1307176E-02     1.000000        -1.056257       -0.9949500       -6.1307176E-02    0.1585457         6.307329    
 ten60                tensio        -1.060850       -0.9992160       -6.1633598E-02     1.000000        -1.060850       -0.9992160       -6.1633598E-02    0.1585457         6.307329    
 ten61                tensio        -1.063720        -1.007862       -5.5857862E-02     1.000000        -1.063720        -1.007862       -5.5857862E-02    0.1585457         6.307329    
 ten62                tensio        -1.068312        -1.012243       -5.6069285E-02     1.000000        -1.068312        -1.012243       -5.6069285E-02    0.1585457         6.307329    
 ten63                tensio        -1.072331        -1.021125       -5.1205654E-02     1.000000        -1.072331        -1.021125       -5.1205654E-02    0.1585457         6.307329    
 ten64                tensio        -1.075775        -1.025627       -5.0147971E-02     1.000000        -1.075775        -1.025627       -5.0147971E-02    0.1585457         6.307329    
 ten65                tensio        -1.078071        -1.030170       -4.7901183E-02     1.000000        -1.078071        -1.030170       -4.7901183E-02    0.1585457         6.307329    
 ten66                tensio        -1.082090        -1.034755       -4.7334552E-02     1.000000        -1.082090        -1.034755       -4.7334552E-02    0.1585457         6.307329    
 ten67                tensio        -1.085534        -1.039383       -4.6150869E-02     1.000000        -1.085534        -1.039383       -4.6150869E-02    0.1585457         6.307329    
 ten68                tensio        -1.088404        -1.048768       -3.9636133E-02     1.000000        -1.088404        -1.048768       -3.9636133E-02    0.1585457         6.307329    
 ten69                tensio        -1.091274        -1.053527       -3.7747397E-02     1.000000        -1.091274        -1.053527       -3.7747397E-02    0.1585457         6.307329    
 ten70                tensio        -1.092423        -1.058332       -3.4090503E-02     1.000000        -1.092423        -1.058332       -3.4090503E-02    0.1585457         6.307329    
 ten71                tensio        -1.097015        -1.063182       -3.3832925E-02     1.000000        -1.097015        -1.063182       -3.3832925E-02    0.1585457         6.307329    
 ten72                tensio        -1.100459        -1.068079       -3.2380242E-02     1.000000        -1.100459        -1.068079       -3.2380242E-02    0.1585457         6.307329    
 ten73                tensio        -1.102181        -1.073023       -2.9158401E-02     1.000000        -1.102181        -1.073023       -2.9158401E-02    0.1585457         6.307329    
 ten74                tensio        -1.105052        -1.078015       -2.7036665E-02     1.000000        -1.105052        -1.078015       -2.7036665E-02    0.1585457         6.307329    
 ten75                tensio        -1.107348        -1.083056       -2.4291876E-02     1.000000        -1.107348        -1.083056       -2.4291876E-02    0.1585457         6.307329    
 ten76                tensio        -1.109644        -1.088147       -2.1497087E-02     1.000000        -1.109644        -1.088147       -2.1497087E-02    0.1585457         6.307329    
 ten77                tensio        -1.113088        -1.088147       -2.4941404E-02     1.000000        -1.113088        -1.088147       -2.4941404E-02    0.1585457         6.307329    
 ten78                tensio        -1.114237        -1.093288       -2.0948510E-02     1.000000        -1.114237        -1.093288       -2.0948510E-02    0.1585457         6.307329    
 ten79                tensio        -1.117107        -1.098480       -1.8626774E-02     1.000000        -1.117107        -1.098480       -1.8626774E-02    0.1585457         6.307329    
 ten80                tensio        -1.120551        -1.103725       -1.6826091E-02     1.000000        -1.120551        -1.103725       -1.6826091E-02    0.1585457         6.307329    
 ten81                tensio        -1.122847        -1.109022       -1.3825302E-02     1.000000        -1.122847        -1.109022       -1.3825302E-02    0.1585457         6.307329    
 ten82                tensio        -1.125144        -1.109022       -1.6121513E-02     1.000000        -1.125144        -1.109022       -1.6121513E-02    0.1585457         6.307329    
 ten83                tensio        -1.128014        -1.114372       -1.3641777E-02     1.000000        -1.128014        -1.114372       -1.3641777E-02    0.1585457         6.307329    
 ten84                tensio        -1.130310        -1.119777       -1.0532989E-02     1.000000        -1.130310        -1.119777       -1.0532989E-02    0.1585457         6.307329    
 ten85                tensio        -1.131458        -1.125238       -6.2200941E-03     1.000000        -1.131458        -1.125238       -6.2200941E-03    0.1585457         6.307329    
 ten86                tensio        -1.135476        -1.125238       -1.0238464E-02     1.000000        -1.135476        -1.125238       -1.0238464E-02    0.1585457         6.307329    
 ten87                tensio        -1.137199        -1.130755       -6.4436223E-03     1.000000        -1.137199        -1.130755       -6.4436223E-03    0.1585457         6.307329    
 ten88                tensio        -1.137773        -1.136330       -1.4426751E-03     1.000000        -1.137773        -1.136330       -1.4426751E-03    0.1585457         6.307329    
 ten89                tensio        -1.139495        -1.136330       -3.1648335E-03     1.000000        -1.139495        -1.136330       -3.1648335E-03    0.1585457         6.307329    
 ten90                tensio        -1.142939        -1.141962       -9.7715040E-04     1.000000        -1.142939        -1.141962       -9.7715040E-04    0.1585457         6.307329    
 ten91                tensio        -1.144661        -1.147654        2.9926912E-03     1.000000        -1.144661        -1.147654        2.9926912E-03    0.1585457         6.307329    
 ten92                tensio        -1.146958        -1.147654        6.9647991E-04     1.000000        -1.146958        -1.147654        6.9647991E-04    0.1585457         6.307329    
 ten93                tensio        -1.148106        -1.153406        5.3003743E-03     1.000000        -1.148106        -1.153406        5.3003743E-03    0.1585457         6.307329    
 ten94                tensio        -1.150402        -1.159219        8.8171630E-03     1.000000        -1.150402        -1.159219        8.8171630E-03    0.1585457         6.307329    
 ten95                tensio        -1.157290        -1.159219        1.9285293E-03     1.000000        -1.157290        -1.159219        1.9285293E-03    0.1585457         6.307329    
 ten96                tensio        -1.153846        -1.165095        1.1248846E-02     1.000000        -1.153846        -1.165095        1.1248846E-02    0.1585457         6.307329    
