 Name                 Group          Measured         Modelled         Residual         Weight       Weight*Measured    Weight*Modelled  Weight*Residual  Measurement_sd   Natural_weight
 ten1                 tensio        -1.464409        -1.752990        0.2885813         1.000000        -1.464409        -1.752990        0.2885813        0.1789794         5.587234    
 ten2                 tensio        -1.460964        -1.752990        0.2920256         1.000000        -1.460964        -1.752990        0.2920256        0.1789794         5.587234    
 ten3                 tensio        -1.458668        -1.752990        0.2943218         1.000000        -1.458668        -1.752990        0.2943218        0.1789794         5.587234    
 ten4                 tensio        -1.459816        -1.752990        0.2931737         1.000000        -1.459816        -1.752990        0.2931737        0.1789794         5.587234    
 ten5                 tensio        -1.456946        -1.752990        0.2960440         1.000000        -1.456946        -1.752990        0.2960440        0.1789794         5.587234    
 ten6                 tensio        -1.461538        -1.752990        0.2914515         1.000000        -1.461538        -1.752990        0.2914515        0.1789794         5.587234    
 ten7                 tensio        -1.460390        -1.752990        0.2925996         1.000000        -1.460390        -1.752990        0.2925996        0.1789794         5.587234    
 ten8                 tensio        -1.458668        -1.752990        0.2943218         1.000000        -1.458668        -1.752990        0.2943218        0.1789794         5.587234    
 ten9                 tensio        -1.462113        -1.752990        0.2908775         1.000000        -1.462113        -1.752990        0.2908775        0.1789794         5.587234    
 ten10                tensio        -1.453502        -1.752990        0.2994883         1.000000        -1.453502        -1.752990        0.2994883        0.1789794         5.587234    
 ten11                tensio        -1.454076        -1.752990        0.2989142         1.000000        -1.454076        -1.752990        0.2989142        0.1789794         5.587234    
 ten12                tensio        -1.451780        -1.752990        0.3012104         1.000000        -1.451780        -1.752990        0.3012104        0.1789794         5.587234    
 ten13                tensio        -1.452354        -1.752990        0.3006364         1.000000        -1.452354        -1.752990        0.3006364        0.1789794         5.587234    
 ten14                tensio        -1.458668        -1.752990        0.2943218         1.000000        -1.458668        -1.752990        0.2943218        0.1789794         5.587234    
 ten15                tensio        -1.452354        -1.752990        0.3006364         1.000000        -1.452354        -1.752990        0.3006364        0.1789794         5.587234    
 ten16                tensio        -1.448909        -1.752990        0.3040807         1.000000        -1.448909        -1.752990        0.3040807        0.1789794         5.587234    
 ten17                tensio        -1.449483        -1.752990        0.3035066         1.000000        -1.449483        -1.752990        0.3035066        0.1789794         5.587234    
 ten18                tensio        -1.430540        -1.752990        0.3224504         1.000000        -1.430540        -1.752990        0.3224504        0.1789794         5.587234    
 ten19                tensio        -1.404133        -1.752990        0.3488568         1.000000        -1.404133        -1.752990        0.3488568        0.1789794         5.587234    
 ten20                tensio        -1.320321        -1.752990        0.4326685         1.000000        -1.320321        -1.752990        0.4326685        0.1789794         5.587234    
 ten21                tensio        -1.060276        -1.136832        7.6556455E-02     1.000000        -1.060276        -1.136832        7.6556455E-02    0.1789794         5.587234    
 ten22                tensio       -0.7824340        -1.036693        0.2542590         1.000000       -0.7824340        -1.036693        0.2542590        0.1789794         5.587234    
 ten23                tensio       -0.7169920       -0.9858900        0.2688980         1.000000       -0.7169920       -0.9858900        0.2688980        0.1789794         5.587234    
 ten24                tensio       -0.7112514       -0.9858900        0.2746386         1.000000       -0.7112514       -0.9858900        0.2746386        0.1789794         5.587234    
 ten25                tensio       -0.7123995       -0.9858900        0.2734905         1.000000       -0.7123995       -0.9858900        0.2734905        0.1789794         5.587234    
 ten26                tensio       -0.7152698       -0.9858900        0.2706202         1.000000       -0.7152698       -0.9858900        0.2706202        0.1789794         5.587234    
 ten27                tensio       -0.7169920       -0.9896100        0.2726180         1.000000       -0.7169920       -0.9896100        0.2726180        0.1789794         5.587234    
 ten28                tensio       -0.7307692       -0.9896100        0.2588408         1.000000       -0.7307692       -0.9896100        0.2588408        0.1789794         5.587234    
 ten29                tensio       -0.7669346       -0.9896100        0.2226754         1.000000       -0.7669346       -0.9896100        0.2226754        0.1789794         5.587234    
 ten30                tensio       -0.7887486       -0.9933600        0.2046114         1.000000       -0.7887486       -0.9933600        0.2046114        0.1789794         5.587234    
 ten31                tensio       -0.8088404       -0.9933600        0.1845196         1.000000       -0.8088404       -0.9933600        0.1845196        0.1789794         5.587234    
 ten32                tensio       -0.8283582       -0.9933600        0.1650018         1.000000       -0.8283582       -0.9933600        0.1650018        0.1789794         5.587234    
 ten33                tensio       -0.8467279       -0.9971400        0.1504121         1.000000       -0.8467279       -0.9971400        0.1504121        0.1789794         5.587234    
 ten34                tensio       -0.8639495       -0.9971400        0.1331905         1.000000       -0.8639495       -0.9971400        0.1331905        0.1789794         5.587234    
 ten35                tensio       -0.8828932       -0.9971400        0.1142468         1.000000       -0.8828932       -0.9971400        0.1142468        0.1789794         5.587234    
 ten36                tensio       -0.8960964        -1.000951        0.1048546         1.000000       -0.8960964        -1.000951        0.1048546        0.1789794         5.587234    
 ten37                tensio       -0.9064294        -1.000951        9.4521608E-02     1.000000       -0.9064294        -1.000951        9.4521608E-02    0.1789794         5.587234    
 ten38                tensio       -0.9173364        -1.000951        8.3614605E-02     1.000000       -0.9173364        -1.000951        8.3614605E-02    0.1789794         5.587234    
 ten39                tensio       -0.9282434        -1.004792        7.6548602E-02     1.000000       -0.9282434        -1.004792        7.6548602E-02    0.1789794         5.587234    
 ten40                tensio       -0.9380023        -1.004792        6.6789704E-02     1.000000       -0.9380023        -1.004792        6.6789704E-02    0.1789794         5.587234    
 ten41                tensio       -0.9477612        -1.004792        5.7030806E-02     1.000000       -0.9477612        -1.004792        5.7030806E-02    0.1789794         5.587234    
 ten42                tensio       -0.9552239        -1.008665        5.3441119E-02     1.000000       -0.9552239        -1.008665        5.3441119E-02    0.1789794         5.587234    
 ten43                tensio       -0.9632606        -1.008665        4.5404380E-02     1.000000       -0.9632606        -1.008665        4.5404380E-02    0.1789794         5.587234    
 ten44                tensio       -0.9712974        -1.012570        4.1272641E-02     1.000000       -0.9712974        -1.012570        4.1272641E-02    0.1789794         5.587234    
 ten45                tensio       -0.9799082        -1.012570        3.2661848E-02     1.000000       -0.9799082        -1.012570        3.2661848E-02    0.1789794         5.587234    
 ten46                tensio       -0.9862227        -1.016508        3.0285268E-02     1.000000       -0.9862227        -1.016508        3.0285268E-02    0.1789794         5.587234    
 ten47                tensio       -0.9936854        -1.016508        2.2822581E-02     1.000000       -0.9936854        -1.016508        2.2822581E-02    0.1789794         5.587234    
 ten48                tensio        -1.000574        -1.016508        1.5933947E-02     1.000000        -1.000574        -1.016508        1.5933947E-02    0.1789794         5.587234    
 ten49                tensio        -1.006889        -1.020477        1.3588366E-02     1.000000        -1.006889        -1.020477        1.3588366E-02    0.1789794         5.587234    
 ten50                tensio        -1.013203        -1.020477        7.2737853E-03     1.000000        -1.013203        -1.020477        7.2737853E-03    0.1789794         5.587234    
 ten51                tensio        -1.020092        -1.028517        8.4251516E-03     1.000000        -1.020092        -1.028517        8.4251516E-03    0.1789794         5.587234    
 ten52                tensio        -1.025832        -1.036693        1.0860623E-02     1.000000        -1.025832        -1.036693        1.0860623E-02    0.1789794         5.587234    
 ten53                tensio        -1.030999        -1.045009        1.4010148E-02     1.000000        -1.030999        -1.045009        1.4010148E-02    0.1789794         5.587234    
 ten54                tensio        -1.035591        -1.053469        1.7877726E-02     1.000000        -1.035591        -1.053469        1.7877726E-02    0.1789794         5.587234    
 ten55                tensio        -1.039610        -1.057754        1.8144356E-02     1.000000        -1.039610        -1.057754        1.8144356E-02    0.1789794         5.587234    
 ten56                tensio        -1.044202        -1.066438        2.2235933E-02     1.000000        -1.044202        -1.066438        2.2235933E-02    0.1789794         5.587234    
 ten57                tensio        -1.049943        -1.075276        2.5333405E-02     1.000000        -1.049943        -1.075276        2.5333405E-02    0.1789794         5.587234    
 ten58                tensio        -1.052813        -1.079755        2.6942141E-02     1.000000        -1.052813        -1.079755        2.6942141E-02    0.1789794         5.587234    
 ten59                tensio        -1.056257        -1.088835        3.2577824E-02     1.000000        -1.056257        -1.088835        3.2577824E-02    0.1789794         5.587234    
 ten60                tensio        -1.060850        -1.093436        3.2586402E-02     1.000000        -1.060850        -1.093436        3.2586402E-02    0.1789794         5.587234    
 ten61                tensio        -1.063720        -1.098080        3.4360138E-02     1.000000        -1.063720        -1.098080        3.4360138E-02    0.1789794         5.587234    
 ten62                tensio        -1.068312        -1.107498        3.9185715E-02     1.000000        -1.068312        -1.107498        3.9185715E-02    0.1789794         5.587234    
 ten63                tensio        -1.072331        -1.112272        3.9941346E-02     1.000000        -1.072331        -1.112272        3.9941346E-02    0.1789794         5.587234    
 ten64                tensio        -1.075775        -1.117091        4.1316029E-02     1.000000        -1.075775        -1.117091        4.1316029E-02    0.1789794         5.587234    
 ten65                tensio        -1.078071        -1.121956        4.3884817E-02     1.000000        -1.078071        -1.121956        4.3884817E-02    0.1789794         5.587234    
 ten66                tensio        -1.082090        -1.131826        4.9736448E-02     1.000000        -1.082090        -1.131826        4.9736448E-02    0.1789794         5.587234    
 ten67                tensio        -1.085534        -1.136832        5.1298131E-02     1.000000        -1.085534        -1.136832        5.1298131E-02    0.1789794         5.587234    
 ten68                tensio        -1.088404        -1.141886        5.3481867E-02     1.000000        -1.088404        -1.141886        5.3481867E-02    0.1789794         5.587234    
 ten69                tensio        -1.091274        -1.146990        5.5715603E-02     1.000000        -1.091274        -1.146990        5.5715603E-02    0.1789794         5.587234    
 ten70                tensio        -1.092423        -1.152143        5.9720497E-02     1.000000        -1.092423        -1.152143        5.9720497E-02    0.1789794         5.587234    
 ten71                tensio        -1.097015        -1.157348        6.0333075E-02     1.000000        -1.097015        -1.157348        6.0333075E-02    0.1789794         5.587234    
 ten72                tensio        -1.100459        -1.162604        6.2144758E-02     1.000000        -1.100459        -1.162604        6.2144758E-02    0.1789794         5.587234    
 ten73                tensio        -1.102181        -1.167912        6.5730599E-02     1.000000        -1.102181        -1.167912        6.5730599E-02    0.1789794         5.587234    
 ten74                tensio        -1.105052        -1.173274        6.8222335E-02     1.000000        -1.105052        -1.173274        6.8222335E-02    0.1789794         5.587234    
 ten75                tensio        -1.107348        -1.173274        6.5926124E-02     1.000000        -1.107348        -1.173274        6.5926124E-02    0.1789794         5.587234    
 ten76                tensio        -1.109644        -1.178690        6.9045913E-02     1.000000        -1.109644        -1.178690        6.9045913E-02    0.1789794         5.587234    
 ten77                tensio        -1.113088        -1.184161        7.1072596E-02     1.000000        -1.113088        -1.184161        7.1072596E-02    0.1789794         5.587234    
 ten78                tensio        -1.114237        -1.189688        7.5451490E-02     1.000000        -1.114237        -1.189688        7.5451490E-02    0.1789794         5.587234    
 ten79                tensio        -1.117107        -1.195272        7.8165226E-02     1.000000        -1.117107        -1.195272        7.8165226E-02    0.1789794         5.587234    
 ten80                tensio        -1.120551        -1.200914        8.0362909E-02     1.000000        -1.120551        -1.200914        8.0362909E-02    0.1789794         5.587234    
 ten81                tensio        -1.122847        -1.200914        7.8066698E-02     1.000000        -1.122847        -1.200914        7.8066698E-02    0.1789794         5.587234    
 ten82                tensio        -1.125144        -1.206615        8.1471487E-02     1.000000        -1.125144        -1.206615        8.1471487E-02    0.1789794         5.587234    
 ten83                tensio        -1.128014        -1.212376        8.4362223E-02     1.000000        -1.128014        -1.212376        8.4362223E-02    0.1789794         5.587234    
 ten84                tensio        -1.130310        -1.212376        8.2066011E-02     1.000000        -1.130310        -1.212376        8.2066011E-02    0.1789794         5.587234    
 ten85                tensio        -1.131458        -1.218197        8.6738906E-02     1.000000        -1.131458        -1.218197        8.6738906E-02    0.1789794         5.587234    
 ten86                tensio        -1.135476        -1.224081        8.8604536E-02     1.000000        -1.135476        -1.224081        8.8604536E-02    0.1789794         5.587234    
 ten87                tensio        -1.137199        -1.224081        8.6882378E-02     1.000000        -1.137199        -1.224081        8.6882378E-02    0.1789794         5.587234    
 ten88                tensio        -1.137773        -1.230027        9.2254325E-02     1.000000        -1.137773        -1.230027        9.2254325E-02    0.1789794         5.587234    
 ten89                tensio        -1.139495        -1.236038        9.6543166E-02     1.000000        -1.139495        -1.236038        9.6543166E-02    0.1789794         5.587234    
 ten90                tensio        -1.142939        -1.236038        9.3098850E-02     1.000000        -1.142939        -1.236038        9.3098850E-02    0.1789794         5.587234    
 ten91                tensio        -1.144661        -1.242114        9.7452691E-02     1.000000        -1.144661        -1.242114        9.7452691E-02    0.1789794         5.587234    
 ten92                tensio        -1.146958        -1.248256        0.1012985         1.000000        -1.146958        -1.248256        0.1012985        0.1789794         5.587234    
 ten93                tensio        -1.148106        -1.248256        0.1001504         1.000000        -1.148106        -1.248256        0.1001504        0.1789794         5.587234    
 ten94                tensio        -1.150402        -1.254466        0.1040642         1.000000        -1.150402        -1.254466        0.1040642        0.1789794         5.587234    
 ten95                tensio        -1.157290        -1.254466        9.7175529E-02     1.000000        -1.157290        -1.254466        9.7175529E-02    0.1789794         5.587234    
 ten96                tensio        -1.153846        -1.260745        0.1068988         1.000000        -1.153846        -1.260745        0.1068988        0.1789794         5.587234    
