 Name                 Group          Measured         Modelled         Residual         Weight       Weight*Measured    Weight*Modelled  Weight*Residual  Measurement_sd   Natural_weight
 ten1                 tensio        -1.464409        -1.750173        0.2857643         1.000000        -1.464409        -1.750173        0.2857643        0.1585558         6.306927    
 ten2                 tensio        -1.460964        -1.750173        0.2892086         1.000000        -1.460964        -1.750173        0.2892086        0.1585558         6.306927    
 ten3                 tensio        -1.458668        -1.750173        0.2915048         1.000000        -1.458668        -1.750173        0.2915048        0.1585558         6.306927    
 ten4                 tensio        -1.459816        -1.750173        0.2903567         1.000000        -1.459816        -1.750173        0.2903567        0.1585558         6.306927    
 ten5                 tensio        -1.456946        -1.750173        0.2932270         1.000000        -1.456946        -1.750173        0.2932270        0.1585558         6.306927    
 ten6                 tensio        -1.461538        -1.750173        0.2886345         1.000000        -1.461538        -1.750173        0.2886345        0.1585558         6.306927    
 ten7                 tensio        -1.460390        -1.750173        0.2897826         1.000000        -1.460390        -1.750173        0.2897826        0.1585558         6.306927    
 ten8                 tensio        -1.458668        -1.750173        0.2915048         1.000000        -1.458668        -1.750173        0.2915048        0.1585558         6.306927    
 ten9                 tensio        -1.462113        -1.750173        0.2880605         1.000000        -1.462113        -1.750173        0.2880605        0.1585558         6.306927    
 ten10                tensio        -1.453502        -1.750173        0.2966713         1.000000        -1.453502        -1.750173        0.2966713        0.1585558         6.306927    
 ten11                tensio        -1.454076        -1.750173        0.2960972         1.000000        -1.454076        -1.750173        0.2960972        0.1585558         6.306927    
 ten12                tensio        -1.451780        -1.750173        0.2983934         1.000000        -1.451780        -1.750173        0.2983934        0.1585558         6.306927    
 ten13                tensio        -1.452354        -1.750173        0.2978194         1.000000        -1.452354        -1.750173        0.2978194        0.1585558         6.306927    
 ten14                tensio        -1.458668        -1.750173        0.2915048         1.000000        -1.458668        -1.750173        0.2915048        0.1585558         6.306927    
 ten15                tensio        -1.452354        -1.750173        0.2978194         1.000000        -1.452354        -1.750173        0.2978194        0.1585558         6.306927    
 ten16                tensio        -1.448909        -1.750173        0.3012637         1.000000        -1.448909        -1.750173        0.3012637        0.1585558         6.306927    
 ten17                tensio        -1.449483        -1.750173        0.3006896         1.000000        -1.449483        -1.750173        0.3006896        0.1585558         6.306927    
 ten18                tensio        -1.430540        -1.750173        0.3196334         1.000000        -1.430540        -1.750173        0.3196334        0.1585558         6.306927    
 ten19                tensio        -1.404133        -1.750173        0.3460398         1.000000        -1.404133        -1.750173        0.3460398        0.1585558         6.306927    
 ten20                tensio        -1.320321        -1.750173        0.4298515         1.000000        -1.320321        -1.750173        0.4298515        0.1585558         6.306927    
 ten21                tensio        -1.060276        -1.066073        5.7974547E-03     1.000000        -1.060276        -1.066073        5.7974547E-03    0.1585558         6.306927    
 ten22                tensio       -0.7824340       -0.9289540        0.1465200         1.000000       -0.7824340       -0.9289540        0.1465200        0.1585558         6.306927    
 ten23                tensio       -0.7169920       -0.8796360        0.1626440         1.000000       -0.7169920       -0.8796360        0.1626440        0.1585558         6.306927    
 ten24                tensio       -0.7112514       -0.8796360        0.1683846         1.000000       -0.7112514       -0.8796360        0.1683846        0.1585558         6.306927    
 ten25                tensio       -0.7123995       -0.8796360        0.1672365         1.000000       -0.7123995       -0.8796360        0.1672365        0.1585558         6.306927    
 ten26                tensio       -0.7152698       -0.8796360        0.1643662         1.000000       -0.7152698       -0.8796360        0.1643662        0.1585558         6.306927    
 ten27                tensio       -0.7169920       -0.8829840        0.1659920         1.000000       -0.7169920       -0.8829840        0.1659920        0.1585558         6.306927    
 ten28                tensio       -0.7307692       -0.8829840        0.1522148         1.000000       -0.7307692       -0.8829840        0.1522148        0.1585558         6.306927    
 ten29                tensio       -0.7669346       -0.8829840        0.1160494         1.000000       -0.7669346       -0.8829840        0.1160494        0.1585558         6.306927    
 ten30                tensio       -0.7887486       -0.8863570        9.7608435E-02     1.000000       -0.7887486       -0.8863570        9.7608435E-02    0.1585558         6.306927    
 ten31                tensio       -0.8088404       -0.8863570        7.7516587E-02     1.000000       -0.8088404       -0.8863570        7.7516587E-02    0.1585558         6.306927    
 ten32                tensio       -0.8283582       -0.8863570        5.7998791E-02     1.000000       -0.8283582       -0.8863570        5.7998791E-02    0.1585558         6.306927    
 ten33                tensio       -0.8467279       -0.8897560        4.3028101E-02     1.000000       -0.8467279       -0.8897560        4.3028101E-02    0.1585558         6.306927    
 ten34                tensio       -0.8639495       -0.8897560        2.5806517E-02     1.000000       -0.8639495       -0.8897560        2.5806517E-02    0.1585558         6.306927    
 ten35                tensio       -0.8828932       -0.8897560        6.8627738E-03     1.000000       -0.8828932       -0.8897560        6.8627738E-03    0.1585558         6.306927    
 ten36                tensio       -0.8960964       -0.8931810       -2.9154409E-03     1.000000       -0.8960964       -0.8931810       -2.9154409E-03    0.1585558         6.306927    
 ten37                tensio       -0.9064294       -0.8931810       -1.3248392E-02     1.000000       -0.9064294       -0.8931810       -1.3248392E-02    0.1585558         6.306927    
 ten38                tensio       -0.9173364       -0.8966330       -2.0703395E-02     1.000000       -0.9173364       -0.8966330       -2.0703395E-02    0.1585558         6.306927    
 ten39                tensio       -0.9282434       -0.8966330       -3.1610398E-02     1.000000       -0.9282434       -0.8966330       -3.1610398E-02    0.1585558         6.306927    
 ten40                tensio       -0.9380023       -0.8966330       -4.1369296E-02     1.000000       -0.9380023       -0.8966330       -4.1369296E-02    0.1585558         6.306927    
 ten41                tensio       -0.9477612       -0.9001120       -4.7649194E-02     1.000000       -0.9477612       -0.9001120       -4.7649194E-02    0.1585558         6.306927    
 ten42                tensio       -0.9552239       -0.9001120       -5.5111881E-02     1.000000       -0.9552239       -0.9001120       -5.5111881E-02    0.1585558         6.306927    
 ten43                tensio       -0.9632606       -0.9036180       -5.9642620E-02     1.000000       -0.9632606       -0.9036180       -5.9642620E-02    0.1585558         6.306927    
 ten44                tensio       -0.9712974       -0.9036180       -6.7679359E-02     1.000000       -0.9712974       -0.9036180       -6.7679359E-02    0.1585558         6.306927    
 ten45                tensio       -0.9799082       -0.9071520       -7.2756152E-02     1.000000       -0.9799082       -0.9071520       -7.2756152E-02    0.1585558         6.306927    
 ten46                tensio       -0.9862227       -0.9071520       -7.9070732E-02     1.000000       -0.9862227       -0.9071520       -7.9070732E-02    0.1585558         6.306927    
 ten47                tensio       -0.9936854       -0.9107130       -8.2972419E-02     1.000000       -0.9936854       -0.9107130       -8.2972419E-02    0.1585558         6.306927    
 ten48                tensio        -1.000574       -0.9107130       -8.9861053E-02     1.000000        -1.000574       -0.9107130       -8.9861053E-02    0.1585558         6.306927    
 ten49                tensio        -1.006889       -0.9107130       -9.6175634E-02     1.000000        -1.006889       -0.9107130       -9.6175634E-02    0.1585558         6.306927    
 ten50                tensio        -1.013203       -0.9215700       -9.1633215E-02     1.000000        -1.013203       -0.9215700       -9.1633215E-02    0.1585558         6.306927    
 ten51                tensio        -1.020092       -0.9289540       -9.1137848E-02     1.000000        -1.020092       -0.9289540       -9.1137848E-02    0.1585558         6.306927    
 ten52                tensio        -1.025832       -0.9364600       -8.9372377E-02     1.000000        -1.025832       -0.9364600       -8.9372377E-02    0.1585558         6.306927    
 ten53                tensio        -1.030999       -0.9440890       -8.6909852E-02     1.000000        -1.030999       -0.9440890       -8.6909852E-02    0.1585558         6.306927    
 ten54                tensio        -1.035591       -0.9518460       -8.3745274E-02     1.000000        -1.035591       -0.9518460       -8.3745274E-02    0.1585558         6.306927    
 ten55                tensio        -1.039610       -0.9597340       -7.9875644E-02     1.000000        -1.039610       -0.9597340       -7.9875644E-02    0.1585558         6.306927    
 ten56                tensio        -1.044202       -0.9637280       -8.0474067E-02     1.000000        -1.044202       -0.9637280       -8.0474067E-02    0.1585558         6.306927    
 ten57                tensio        -1.049943       -0.9718200       -7.8122595E-02     1.000000        -1.049943       -0.9718200       -7.8122595E-02    0.1585558         6.306927    
 ten58                tensio        -1.052813       -0.9800510       -7.2761859E-02     1.000000        -1.052813       -0.9800510       -7.2761859E-02    0.1585558         6.306927    
 ten59                tensio        -1.056257       -0.9842210       -7.2036176E-02     1.000000        -1.056257       -0.9842210       -7.2036176E-02    0.1585558         6.306927    
 ten60                tensio        -1.060850       -0.9926710       -6.8178598E-02     1.000000        -1.060850       -0.9926710       -6.8178598E-02    0.1585558         6.306927    
 ten61                tensio        -1.063720       -0.9969520       -6.6767862E-02     1.000000        -1.063720       -0.9969520       -6.6767862E-02    0.1585558         6.306927    
 ten62                tensio        -1.068312        -1.005629       -6.2683285E-02     1.000000        -1.068312        -1.005629       -6.2683285E-02    0.1585558         6.306927    
 ten63                tensio        -1.072331        -1.010026       -6.2304654E-02     1.000000        -1.072331        -1.010026       -6.2304654E-02    0.1585558         6.306927    
 ten64                tensio        -1.075775        -1.014463       -6.1311971E-02     1.000000        -1.075775        -1.014463       -6.1311971E-02    0.1585558         6.306927    
 ten65                tensio        -1.078071        -1.018940       -5.9131183E-02     1.000000        -1.078071        -1.018940       -5.9131183E-02    0.1585558         6.306927    
 ten66                tensio        -1.082090        -1.028018       -5.4071552E-02     1.000000        -1.082090        -1.028018       -5.4071552E-02    0.1585558         6.306927    
 ten67                tensio        -1.085534        -1.032620       -5.2913869E-02     1.000000        -1.085534        -1.032620       -5.2913869E-02    0.1585558         6.306927    
 ten68                tensio        -1.088404        -1.037266       -5.1138133E-02     1.000000        -1.088404        -1.037266       -5.1138133E-02    0.1585558         6.306927    
 ten69                tensio        -1.091274        -1.041954       -4.9320397E-02     1.000000        -1.091274        -1.041954       -4.9320397E-02    0.1585558         6.306927    
 ten70                tensio        -1.092423        -1.046687       -4.5735503E-02     1.000000        -1.092423        -1.046687       -4.5735503E-02    0.1585558         6.306927    
 ten71                tensio        -1.097015        -1.051464       -4.5550925E-02     1.000000        -1.097015        -1.051464       -4.5550925E-02    0.1585558         6.306927    
 ten72                tensio        -1.100459        -1.056288       -4.4171242E-02     1.000000        -1.100459        -1.056288       -4.4171242E-02    0.1585558         6.306927    
 ten73                tensio        -1.102181        -1.061157       -4.1024401E-02     1.000000        -1.102181        -1.061157       -4.1024401E-02    0.1585558         6.306927    
 ten74                tensio        -1.105052        -1.066073       -3.8978665E-02     1.000000        -1.105052        -1.066073       -3.8978665E-02    0.1585558         6.306927    
 ten75                tensio        -1.107348        -1.071037       -3.6310876E-02     1.000000        -1.107348        -1.071037       -3.6310876E-02    0.1585558         6.306927    
 ten76                tensio        -1.109644        -1.076049       -3.3595087E-02     1.000000        -1.109644        -1.076049       -3.3595087E-02    0.1585558         6.306927    
 ten77                tensio        -1.113088        -1.081111       -3.1977404E-02     1.000000        -1.113088        -1.081111       -3.1977404E-02    0.1585558         6.306927    
 ten78                tensio        -1.114237        -1.086222       -2.8014510E-02     1.000000        -1.114237        -1.086222       -2.8014510E-02    0.1585558         6.306927    
 ten79                tensio        -1.117107        -1.091384       -2.5722774E-02     1.000000        -1.117107        -1.091384       -2.5722774E-02    0.1585558         6.306927    
 ten80                tensio        -1.120551        -1.091384       -2.9167091E-02     1.000000        -1.120551        -1.091384       -2.9167091E-02    0.1585558         6.306927    
 ten81                tensio        -1.122847        -1.096598       -2.6249302E-02     1.000000        -1.122847        -1.096598       -2.6249302E-02    0.1585558         6.306927    
 ten82                tensio        -1.125144        -1.101864       -2.3279513E-02     1.000000        -1.125144        -1.101864       -2.3279513E-02    0.1585558         6.306927    
 ten83                tensio        -1.128014        -1.107184       -2.0829777E-02     1.000000        -1.128014        -1.107184       -2.0829777E-02    0.1585558         6.306927    
 ten84                tensio        -1.130310        -1.107184       -2.3125989E-02     1.000000        -1.130310        -1.107184       -2.3125989E-02    0.1585558         6.306927    
 ten85                tensio        -1.131458        -1.112557       -1.8901094E-02     1.000000        -1.131458        -1.112557       -1.8901094E-02    0.1585558         6.306927    
 ten86                tensio        -1.135476        -1.117985       -1.7491464E-02     1.000000        -1.135476        -1.117985       -1.7491464E-02    0.1585558         6.306927    
 ten87                tensio        -1.137199        -1.123469       -1.3729622E-02     1.000000        -1.137199        -1.123469       -1.3729622E-02    0.1585558         6.306927    
 ten88                tensio        -1.137773        -1.123469       -1.4303675E-02     1.000000        -1.137773        -1.123469       -1.4303675E-02    0.1585558         6.306927    
 ten89                tensio        -1.139495        -1.129010       -1.0484834E-02     1.000000        -1.139495        -1.129010       -1.0484834E-02    0.1585558         6.306927    
 ten90                tensio        -1.142939        -1.134609       -8.3301504E-03     1.000000        -1.142939        -1.134609       -8.3301504E-03    0.1585558         6.306927    
 ten91                tensio        -1.144661        -1.134609       -1.0052309E-02     1.000000        -1.144661        -1.134609       -1.0052309E-02    0.1585558         6.306927    
 ten92                tensio        -1.146958        -1.140266       -6.6915201E-03     1.000000        -1.146958        -1.140266       -6.6915201E-03    0.1585558         6.306927    
 ten93                tensio        -1.148106        -1.145983       -2.1226257E-03     1.000000        -1.148106        -1.145983       -2.1226257E-03    0.1585558         6.306927    
 ten94                tensio        -1.150402        -1.145983       -4.4188370E-03     1.000000        -1.150402        -1.145983       -4.4188370E-03    0.1585558         6.306927    
 ten95                tensio        -1.157290        -1.151761       -5.5294707E-03     1.000000        -1.157290        -1.151761       -5.5294707E-03    0.1585558         6.306927    
 ten96                tensio        -1.153846        -1.151761       -2.0851538E-03     1.000000        -1.153846        -1.151761       -2.0851538E-03    0.1585558         6.306927    
