 Name                 Group          Measured         Modelled         Residual         Weight       Weight*Measured    Weight*Modelled  Weight*Residual  Measurement_sd   Natural_weight
 ten1                 tensio        -1.464409        -1.743385        0.2789763         1.000000        -1.464409        -1.743385        0.2789763        0.1549828         6.452330    
 ten2                 tensio        -1.460964        -1.743385        0.2824206         1.000000        -1.460964        -1.743385        0.2824206        0.1549828         6.452330    
 ten3                 tensio        -1.458668        -1.743385        0.2847168         1.000000        -1.458668        -1.743385        0.2847168        0.1549828         6.452330    
 ten4                 tensio        -1.459816        -1.743385        0.2835687         1.000000        -1.459816        -1.743385        0.2835687        0.1549828         6.452330    
 ten5                 tensio        -1.456946        -1.743385        0.2864390         1.000000        -1.456946        -1.743385        0.2864390        0.1549828         6.452330    
 ten6                 tensio        -1.461538        -1.743385        0.2818465         1.000000        -1.461538        -1.743385        0.2818465        0.1549828         6.452330    
 ten7                 tensio        -1.460390        -1.743385        0.2829946         1.000000        -1.460390        -1.743385        0.2829946        0.1549828         6.452330    
 ten8                 tensio        -1.458668        -1.743385        0.2847168         1.000000        -1.458668        -1.743385        0.2847168        0.1549828         6.452330    
 ten9                 tensio        -1.462113        -1.743385        0.2812725         1.000000        -1.462113        -1.743385        0.2812725        0.1549828         6.452330    
 ten10                tensio        -1.453502        -1.743385        0.2898833         1.000000        -1.453502        -1.743385        0.2898833        0.1549828         6.452330    
 ten11                tensio        -1.454076        -1.743385        0.2893092         1.000000        -1.454076        -1.743385        0.2893092        0.1549828         6.452330    
 ten12                tensio        -1.451780        -1.743385        0.2916054         1.000000        -1.451780        -1.743385        0.2916054        0.1549828         6.452330    
 ten13                tensio        -1.452354        -1.743385        0.2910314         1.000000        -1.452354        -1.743385        0.2910314        0.1549828         6.452330    
 ten14                tensio        -1.458668        -1.743385        0.2847168         1.000000        -1.458668        -1.743385        0.2847168        0.1549828         6.452330    
 ten15                tensio        -1.452354        -1.743385        0.2910314         1.000000        -1.452354        -1.743385        0.2910314        0.1549828         6.452330    
 ten16                tensio        -1.448909        -1.743385        0.2944757         1.000000        -1.448909        -1.743385        0.2944757        0.1549828         6.452330    
 ten17                tensio        -1.449483        -1.743385        0.2939016         1.000000        -1.449483        -1.743385        0.2939016        0.1549828         6.452330    
 ten18                tensio        -1.430540        -1.743385        0.3128454         1.000000        -1.430540        -1.743385        0.3128454        0.1549828         6.452330    
 ten19                tensio        -1.404133        -1.743385        0.3392518         1.000000        -1.404133        -1.743385        0.3392518        0.1549828         6.452330    
 ten20                tensio        -1.320321        -1.743385        0.4230635         1.000000        -1.320321        -1.743385        0.4230635        0.1549828         6.452330    
 ten21                tensio        -1.060276        -1.075329        1.5053455E-02     1.000000        -1.060276        -1.075329        1.5053455E-02    0.1549828         6.452330    
 ten22                tensio       -0.7824340       -0.9513520        0.1689180         1.000000       -0.7824340       -0.9513520        0.1689180        0.1549828         6.452330    
 ten23                tensio       -0.7169920       -0.9048480        0.1878560         1.000000       -0.7169920       -0.9048480        0.1878560        0.1549828         6.452330    
 ten24                tensio       -0.7112514       -0.9048480        0.1935966         1.000000       -0.7112514       -0.9048480        0.1935966        0.1549828         6.452330    
 ten25                tensio       -0.7123995       -0.9048480        0.1924485         1.000000       -0.7123995       -0.9048480        0.1924485        0.1549828         6.452330    
 ten26                tensio       -0.7152698       -0.9048480        0.1895782         1.000000       -0.7152698       -0.9048480        0.1895782        0.1549828         6.452330    
 ten27                tensio       -0.7169920       -0.9082600        0.1912680         1.000000       -0.7169920       -0.9082600        0.1912680        0.1549828         6.452330    
 ten28                tensio       -0.7307692       -0.9082600        0.1774908         1.000000       -0.7307692       -0.9082600        0.1774908        0.1549828         6.452330    
 ten29                tensio       -0.7669346       -0.9082600        0.1413254         1.000000       -0.7669346       -0.9082600        0.1413254        0.1549828         6.452330    
 ten30                tensio       -0.7887486       -0.9116980        0.1229494         1.000000       -0.7887486       -0.9116980        0.1229494        0.1549828         6.452330    
 ten31                tensio       -0.8088404       -0.9116980        0.1028576         1.000000       -0.8088404       -0.9116980        0.1028576        0.1549828         6.452330    
 ten32                tensio       -0.8283582       -0.9116980        8.3339791E-02     1.000000       -0.8283582       -0.9116980        8.3339791E-02    0.1549828         6.452330    
 ten33                tensio       -0.8467279       -0.9151630        6.8435101E-02     1.000000       -0.8467279       -0.9151630        6.8435101E-02    0.1549828         6.452330    
 ten34                tensio       -0.8639495       -0.9151630        5.1213517E-02     1.000000       -0.8639495       -0.9151630        5.1213517E-02    0.1549828         6.452330    
 ten35                tensio       -0.8828932       -0.9151630        3.2269774E-02     1.000000       -0.8828932       -0.9151630        3.2269774E-02    0.1549828         6.452330    
 ten36                tensio       -0.8960964       -0.9186550        2.2558559E-02     1.000000       -0.8960964       -0.9186550        2.2558559E-02    0.1549828         6.452330    
 ten37                tensio       -0.9064294       -0.9186550        1.2225608E-02     1.000000       -0.9064294       -0.9186550        1.2225608E-02    0.1549828         6.452330    
 ten38                tensio       -0.9173364       -0.9221740        4.8376051E-03     1.000000       -0.9173364       -0.9221740        4.8376051E-03    0.1549828         6.452330    
 ten39                tensio       -0.9282434       -0.9221740       -6.0693984E-03     1.000000       -0.9282434       -0.9221740       -6.0693984E-03    0.1549828         6.452330    
 ten40                tensio       -0.9380023       -0.9221740       -1.5828296E-02     1.000000       -0.9380023       -0.9221740       -1.5828296E-02    0.1549828         6.452330    
 ten41                tensio       -0.9477612       -0.9257210       -2.2040194E-02     1.000000       -0.9477612       -0.9257210       -2.2040194E-02    0.1549828         6.452330    
 ten42                tensio       -0.9552239       -0.9257210       -2.9502881E-02     1.000000       -0.9552239       -0.9257210       -2.9502881E-02    0.1549828         6.452330    
 ten43                tensio       -0.9632606       -0.9292960       -3.3964620E-02     1.000000       -0.9632606       -0.9292960       -3.3964620E-02    0.1549828         6.452330    
 ten44                tensio       -0.9712974       -0.9292960       -4.2001359E-02     1.000000       -0.9712974       -0.9292960       -4.2001359E-02    0.1549828         6.452330    
 ten45                tensio       -0.9799082       -0.9328990       -4.7009152E-02     1.000000       -0.9799082       -0.9328990       -4.7009152E-02    0.1549828         6.452330    
 ten46                tensio       -0.9862227       -0.9328990       -5.3323732E-02     1.000000       -0.9862227       -0.9328990       -5.3323732E-02    0.1549828         6.452330    
 ten47                tensio       -0.9936854       -0.9365310       -5.7154419E-02     1.000000       -0.9936854       -0.9365310       -5.7154419E-02    0.1549828         6.452330    
 ten48                tensio        -1.000574       -0.9365310       -6.4043053E-02     1.000000        -1.000574       -0.9365310       -6.4043053E-02    0.1549828         6.452330    
 ten49                tensio        -1.006889       -0.9401910       -6.6697634E-02     1.000000        -1.006889       -0.9401910       -6.6697634E-02    0.1549828         6.452330    
 ten50                tensio        -1.013203       -0.9476020       -6.5601215E-02     1.000000        -1.013203       -0.9476020       -6.5601215E-02    0.1549828         6.452330    
 ten51                tensio        -1.020092       -0.9551330       -6.4958848E-02     1.000000        -1.020092       -0.9551330       -6.4958848E-02    0.1549828         6.452330    
 ten52                tensio        -1.025832       -0.9627890       -6.3043377E-02     1.000000        -1.025832       -0.9627890       -6.3043377E-02    0.1549828         6.452330    
 ten53                tensio        -1.030999       -0.9705720       -6.0426852E-02     1.000000        -1.030999       -0.9705720       -6.0426852E-02    0.1549828         6.452330    
 ten54                tensio        -1.035591       -0.9784860       -5.7105274E-02     1.000000        -1.035591       -0.9784860       -5.7105274E-02    0.1549828         6.452330    
 ten55                tensio        -1.039610       -0.9865350       -5.3074644E-02     1.000000        -1.039610       -0.9865350       -5.3074644E-02    0.1549828         6.452330    
 ten56                tensio        -1.044202       -0.9947220       -4.9480067E-02     1.000000        -1.044202       -0.9947220       -4.9480067E-02    0.1549828         6.452330    
 ten57                tensio        -1.049943       -0.9988680       -5.1074595E-02     1.000000        -1.049943       -0.9988680       -5.1074595E-02    0.1549828         6.452330    
 ten58                tensio        -1.052813        -1.007271       -4.5541859E-02     1.000000        -1.052813        -1.007271       -4.5541859E-02    0.1549828         6.452330    
 ten59                tensio        -1.056257        -1.015821       -4.0436176E-02     1.000000        -1.056257        -1.015821       -4.0436176E-02    0.1549828         6.452330    
 ten60                tensio        -1.060850        -1.020153       -4.0696598E-02     1.000000        -1.060850        -1.020153       -4.0696598E-02    0.1549828         6.452330    
 ten61                tensio        -1.063720        -1.024524       -3.9195862E-02     1.000000        -1.063720        -1.024524       -3.9195862E-02    0.1549828         6.452330    
 ten62                tensio        -1.068312        -1.033384       -3.4928285E-02     1.000000        -1.068312        -1.033384       -3.4928285E-02    0.1549828         6.452330    
 ten63                tensio        -1.072331        -1.037875       -3.4455654E-02     1.000000        -1.072331        -1.037875       -3.4455654E-02    0.1549828         6.452330    
 ten64                tensio        -1.075775        -1.042407       -3.3367971E-02     1.000000        -1.075775        -1.042407       -3.3367971E-02    0.1549828         6.452330    
 ten65                tensio        -1.078071        -1.051595       -2.6476183E-02     1.000000        -1.078071        -1.051595       -2.6476183E-02    0.1549828         6.452330    
 ten66                tensio        -1.082090        -1.056254       -2.5835552E-02     1.000000        -1.082090        -1.056254       -2.5835552E-02    0.1549828         6.452330    
 ten67                tensio        -1.085534        -1.060956       -2.4577869E-02     1.000000        -1.085534        -1.060956       -2.4577869E-02    0.1549828         6.452330    
 ten68                tensio        -1.088404        -1.065702       -2.2702133E-02     1.000000        -1.088404        -1.065702       -2.2702133E-02    0.1549828         6.452330    
 ten69                tensio        -1.091274        -1.070493       -2.0781397E-02     1.000000        -1.091274        -1.070493       -2.0781397E-02    0.1549828         6.452330    
 ten70                tensio        -1.092423        -1.075329       -1.7093503E-02     1.000000        -1.092423        -1.075329       -1.7093503E-02    0.1549828         6.452330    
 ten71                tensio        -1.097015        -1.080212       -1.6802925E-02     1.000000        -1.097015        -1.080212       -1.6802925E-02    0.1549828         6.452330    
 ten72                tensio        -1.100459        -1.085142       -1.5317242E-02     1.000000        -1.100459        -1.085142       -1.5317242E-02    0.1549828         6.452330    
 ten73                tensio        -1.102181        -1.090120       -1.2061401E-02     1.000000        -1.102181        -1.090120       -1.2061401E-02    0.1549828         6.452330    
 ten74                tensio        -1.105052        -1.095146       -9.9056647E-03     1.000000        -1.105052        -1.095146       -9.9056647E-03    0.1549828         6.452330    
 ten75                tensio        -1.107348        -1.100221       -7.1268760E-03     1.000000        -1.107348        -1.100221       -7.1268760E-03    0.1549828         6.452330    
 ten76                tensio        -1.109644        -1.105346       -4.2980873E-03     1.000000        -1.109644        -1.105346       -4.2980873E-03    0.1549828         6.452330    
 ten77                tensio        -1.113088        -1.110522       -2.5664041E-03     1.000000        -1.113088        -1.110522       -2.5664041E-03    0.1549828         6.452330    
 ten78                tensio        -1.114237        -1.115750        1.5134902E-03     1.000000        -1.114237        -1.115750        1.5134902E-03    0.1549828         6.452330    
 ten79                tensio        -1.117107        -1.115750       -1.3567738E-03     1.000000        -1.117107        -1.115750       -1.3567738E-03    0.1549828         6.452330    
 ten80                tensio        -1.120551        -1.121030        4.7890930E-04     1.000000        -1.120551        -1.121030        4.7890930E-04    0.1549828         6.452330    
 ten81                tensio        -1.122847        -1.126363        3.5156980E-03     1.000000        -1.122847        -1.126363        3.5156980E-03    0.1549828         6.452330    
 ten82                tensio        -1.125144        -1.131751        6.6074868E-03     1.000000        -1.125144        -1.131751        6.6074868E-03    0.1549828         6.452330    
 ten83                tensio        -1.128014        -1.137193        9.1792227E-03     1.000000        -1.128014        -1.137193        9.1792227E-03    0.1549828         6.452330    
 ten84                tensio        -1.130310        -1.137193        6.8830115E-03     1.000000        -1.130310        -1.137193        6.8830115E-03    0.1549828         6.452330    
 ten85                tensio        -1.131458        -1.142692        1.1233906E-02     1.000000        -1.131458        -1.142692        1.1233906E-02    0.1549828         6.452330    
 ten86                tensio        -1.135476        -1.148247        1.2770536E-02     1.000000        -1.135476        -1.148247        1.2770536E-02    0.1549828         6.452330    
 ten87                tensio        -1.137199        -1.148247        1.1048378E-02     1.000000        -1.137199        -1.148247        1.1048378E-02    0.1549828         6.452330    
 ten88                tensio        -1.137773        -1.153860        1.6087325E-02     1.000000        -1.137773        -1.153860        1.6087325E-02    0.1549828         6.452330    
 ten89                tensio        -1.139495        -1.159532        2.0037166E-02     1.000000        -1.139495        -1.159532        2.0037166E-02    0.1549828         6.452330    
 ten90                tensio        -1.142939        -1.159532        1.6592850E-02     1.000000        -1.142939        -1.159532        1.6592850E-02    0.1549828         6.452330    
 ten91                tensio        -1.144661        -1.165264        2.0602691E-02     1.000000        -1.144661        -1.165264        2.0602691E-02    0.1549828         6.452330    
 ten92                tensio        -1.146958        -1.171057        2.4099480E-02     1.000000        -1.146958        -1.171057        2.4099480E-02    0.1549828         6.452330    
 ten93                tensio        -1.148106        -1.171057        2.2951374E-02     1.000000        -1.148106        -1.171057        2.2951374E-02    0.1549828         6.452330    
 ten94                tensio        -1.150402        -1.176911        2.6509163E-02     1.000000        -1.150402        -1.176911        2.6509163E-02    0.1549828         6.452330    
 ten95                tensio        -1.157290        -1.182829        2.5538529E-02     1.000000        -1.157290        -1.182829        2.5538529E-02    0.1549828         6.452330    
 ten96                tensio        -1.153846        -1.182829        2.8982846E-02     1.000000        -1.153846        -1.182829        2.8982846E-02    0.1549828         6.452330    
