 Name                 Group          Measured         Modelled         Residual         Weight       Weight*Measured    Weight*Modelled  Weight*Residual  Measurement_sd   Natural_weight
 ten1                 tensio        -1.464409        -1.737675        0.2732663         1.000000        -1.464409        -1.737675        0.2732663        0.1546162         6.467627    
 ten2                 tensio        -1.460964        -1.737675        0.2767106         1.000000        -1.460964        -1.737675        0.2767106        0.1546162         6.467627    
 ten3                 tensio        -1.458668        -1.737675        0.2790068         1.000000        -1.458668        -1.737675        0.2790068        0.1546162         6.467627    
 ten4                 tensio        -1.459816        -1.737675        0.2778587         1.000000        -1.459816        -1.737675        0.2778587        0.1546162         6.467627    
 ten5                 tensio        -1.456946        -1.737675        0.2807290         1.000000        -1.456946        -1.737675        0.2807290        0.1546162         6.467627    
 ten6                 tensio        -1.461538        -1.737675        0.2761365         1.000000        -1.461538        -1.737675        0.2761365        0.1546162         6.467627    
 ten7                 tensio        -1.460390        -1.737675        0.2772846         1.000000        -1.460390        -1.737675        0.2772846        0.1546162         6.467627    
 ten8                 tensio        -1.458668        -1.737675        0.2790068         1.000000        -1.458668        -1.737675        0.2790068        0.1546162         6.467627    
 ten9                 tensio        -1.462113        -1.737675        0.2755625         1.000000        -1.462113        -1.737675        0.2755625        0.1546162         6.467627    
 ten10                tensio        -1.453502        -1.737675        0.2841733         1.000000        -1.453502        -1.737675        0.2841733        0.1546162         6.467627    
 ten11                tensio        -1.454076        -1.737675        0.2835992         1.000000        -1.454076        -1.737675        0.2835992        0.1546162         6.467627    
 ten12                tensio        -1.451780        -1.737675        0.2858954         1.000000        -1.451780        -1.737675        0.2858954        0.1546162         6.467627    
 ten13                tensio        -1.452354        -1.737675        0.2853214         1.000000        -1.452354        -1.737675        0.2853214        0.1546162         6.467627    
 ten14                tensio        -1.458668        -1.737675        0.2790068         1.000000        -1.458668        -1.737675        0.2790068        0.1546162         6.467627    
 ten15                tensio        -1.452354        -1.737675        0.2853214         1.000000        -1.452354        -1.737675        0.2853214        0.1546162         6.467627    
 ten16                tensio        -1.448909        -1.737675        0.2887657         1.000000        -1.448909        -1.737675        0.2887657        0.1546162         6.467627    
 ten17                tensio        -1.449483        -1.737675        0.2881916         1.000000        -1.449483        -1.737675        0.2881916        0.1546162         6.467627    
 ten18                tensio        -1.430540        -1.737675        0.3071354         1.000000        -1.430540        -1.737675        0.3071354        0.1546162         6.467627    
 ten19                tensio        -1.404133        -1.737675        0.3335418         1.000000        -1.404133        -1.737675        0.3335418        0.1546162         6.467627    
 ten20                tensio        -1.320321        -1.737675        0.4173535         1.000000        -1.320321        -1.737675        0.4173535        0.1546162         6.467627    
 ten21                tensio        -1.060276        -1.095049        3.4773455E-02     1.000000        -1.060276        -1.095049        3.4773455E-02    0.1546162         6.467627    
 ten22                tensio       -0.7824340       -0.9537620        0.1713280         1.000000       -0.7824340       -0.9537620        0.1713280        0.1546162         6.467627    
 ten23                tensio       -0.7169920       -0.8944620        0.1774700         1.000000       -0.7169920       -0.8944620        0.1774700        0.1546162         6.467627    
 ten24                tensio       -0.7112514       -0.8910010        0.1797496         1.000000       -0.7112514       -0.8910010        0.1797496        0.1546162         6.467627    
 ten25                tensio       -0.7123995       -0.8910010        0.1786015         1.000000       -0.7123995       -0.8910010        0.1786015        0.1546162         6.467627    
 ten26                tensio       -0.7152698       -0.8910010        0.1757312         1.000000       -0.7152698       -0.8910010        0.1757312        0.1546162         6.467627    
 ten27                tensio       -0.7169920       -0.8910010        0.1740090         1.000000       -0.7169920       -0.8910010        0.1740090        0.1546162         6.467627    
 ten28                tensio       -0.7307692       -0.8944620        0.1636928         1.000000       -0.7307692       -0.8944620        0.1636928        0.1546162         6.467627    
 ten29                tensio       -0.7669346       -0.8944620        0.1275274         1.000000       -0.7669346       -0.8944620        0.1275274        0.1546162         6.467627    
 ten30                tensio       -0.7887486       -0.8944620        0.1057134         1.000000       -0.7887486       -0.8944620        0.1057134        0.1546162         6.467627    
 ten31                tensio       -0.8088404       -0.8979500        8.9109587E-02     1.000000       -0.8088404       -0.8979500        8.9109587E-02    0.1546162         6.467627    
 ten32                tensio       -0.8283582       -0.8979500        6.9591791E-02     1.000000       -0.8283582       -0.8979500        6.9591791E-02    0.1546162         6.467627    
 ten33                tensio       -0.8467279       -0.8979500        5.1222101E-02     1.000000       -0.8467279       -0.8979500        5.1222101E-02    0.1546162         6.467627    
 ten34                tensio       -0.8639495       -0.9014650        3.7515517E-02     1.000000       -0.8639495       -0.9014650        3.7515517E-02    0.1546162         6.467627    
 ten35                tensio       -0.8828932       -0.9014650        1.8571774E-02     1.000000       -0.8828932       -0.9014650        1.8571774E-02    0.1546162         6.467627    
 ten36                tensio       -0.8960964       -0.9014650        5.3685591E-03     1.000000       -0.8960964       -0.9014650        5.3685591E-03    0.1546162         6.467627    
 ten37                tensio       -0.9064294       -0.9050080       -1.4213915E-03     1.000000       -0.9064294       -0.9050080       -1.4213915E-03    0.1546162         6.467627    
 ten38                tensio       -0.9173364       -0.9050080       -1.2328395E-02     1.000000       -0.9173364       -0.9050080       -1.2328395E-02    0.1546162         6.467627    
 ten39                tensio       -0.9282434       -0.9050080       -2.3235398E-02     1.000000       -0.9282434       -0.9050080       -2.3235398E-02    0.1546162         6.467627    
 ten40                tensio       -0.9380023       -0.9085780       -2.9424296E-02     1.000000       -0.9380023       -0.9085780       -2.9424296E-02    0.1546162         6.467627    
 ten41                tensio       -0.9477612       -0.9085780       -3.9183194E-02     1.000000       -0.9477612       -0.9085780       -3.9183194E-02    0.1546162         6.467627    
 ten42                tensio       -0.9552239       -0.9121780       -4.3045881E-02     1.000000       -0.9552239       -0.9121780       -4.3045881E-02    0.1546162         6.467627    
 ten43                tensio       -0.9632606       -0.9121780       -5.1082620E-02     1.000000       -0.9632606       -0.9121780       -5.1082620E-02    0.1546162         6.467627    
 ten44                tensio       -0.9712974       -0.9121780       -5.9119359E-02     1.000000       -0.9712974       -0.9121780       -5.9119359E-02    0.1546162         6.467627    
 ten45                tensio       -0.9799082       -0.9158060       -6.4102152E-02     1.000000       -0.9799082       -0.9158060       -6.4102152E-02    0.1546162         6.467627    
 ten46                tensio       -0.9862227       -0.9158060       -7.0416732E-02     1.000000       -0.9862227       -0.9158060       -7.0416732E-02    0.1546162         6.467627    
 ten47                tensio       -0.9936854       -0.9194640       -7.4221419E-02     1.000000       -0.9936854       -0.9194640       -7.4221419E-02    0.1546162         6.467627    
 ten48                tensio        -1.000574       -0.9194640       -8.1110053E-02     1.000000        -1.000574       -0.9194640       -8.1110053E-02    0.1546162         6.467627    
 ten49                tensio        -1.006889       -0.9231510       -8.3737634E-02     1.000000        -1.006889       -0.9231510       -8.3737634E-02    0.1546162         6.467627    
 ten50                tensio        -1.013203       -0.9231510       -9.0052215E-02     1.000000        -1.013203       -0.9231510       -9.0052215E-02    0.1546162         6.467627    
 ten51                tensio        -1.020092       -0.9268680       -9.3223848E-02     1.000000        -1.020092       -0.9268680       -9.3223848E-02    0.1546162         6.467627    
 ten52                tensio        -1.025832       -0.9343940       -9.1438377E-02     1.000000        -1.025832       -0.9343940       -9.1438377E-02    0.1546162         6.467627    
 ten53                tensio        -1.030999       -0.9420450       -8.8953852E-02     1.000000        -1.030999       -0.9420450       -8.8953852E-02    0.1546162         6.467627    
 ten54                tensio        -1.035591       -0.9498240       -8.5767274E-02     1.000000        -1.035591       -0.9498240       -8.5767274E-02    0.1546162         6.467627    
 ten55                tensio        -1.039610       -0.9577350       -8.1874644E-02     1.000000        -1.039610       -0.9577350       -8.1874644E-02    0.1546162         6.467627    
 ten56                tensio        -1.044202       -0.9617400       -8.2462067E-02     1.000000        -1.044202       -0.9617400       -8.2462067E-02    0.1546162         6.467627    
 ten57                tensio        -1.049943       -0.9698560       -8.0086595E-02     1.000000        -1.049943       -0.9698560       -8.0086595E-02    0.1546162         6.467627    
 ten58                tensio        -1.052813       -0.9781120       -7.4700859E-02     1.000000        -1.052813       -0.9781120       -7.4700859E-02    0.1546162         6.467627    
 ten59                tensio        -1.056257       -0.9822940       -7.3963176E-02     1.000000        -1.056257       -0.9822940       -7.3963176E-02    0.1546162         6.467627    
 ten60                tensio        -1.060850       -0.9907700       -7.0079598E-02     1.000000        -1.060850       -0.9907700       -7.0079598E-02    0.1546162         6.467627    
 ten61                tensio        -1.063720       -0.9950640       -6.8655862E-02     1.000000        -1.063720       -0.9950640       -6.8655862E-02    0.1546162         6.467627    
 ten62                tensio        -1.068312       -0.9993970       -6.8915285E-02     1.000000        -1.068312       -0.9993970       -6.8915285E-02    0.1546162         6.467627    
 ten63                tensio        -1.072331        -1.008180       -6.4150654E-02     1.000000        -1.072331        -1.008180       -6.4150654E-02    0.1546162         6.467627    
 ten64                tensio        -1.075775        -1.012631       -6.3143971E-02     1.000000        -1.075775        -1.012631       -6.3143971E-02    0.1546162         6.467627    
 ten65                tensio        -1.078071        -1.017122       -6.0949183E-02     1.000000        -1.078071        -1.017122       -6.0949183E-02    0.1546162         6.467627    
 ten66                tensio        -1.082090        -1.021656       -6.0433552E-02     1.000000        -1.082090        -1.021656       -6.0433552E-02    0.1546162         6.467627    
 ten67                tensio        -1.085534        -1.030848       -5.4685869E-02     1.000000        -1.085534        -1.030848       -5.4685869E-02    0.1546162         6.467627    
 ten68                tensio        -1.088404        -1.035508       -5.2896133E-02     1.000000        -1.088404        -1.035508       -5.2896133E-02    0.1546162         6.467627    
 ten69                tensio        -1.091274        -1.040213       -5.1061397E-02     1.000000        -1.091274        -1.040213       -5.1061397E-02    0.1546162         6.467627    
 ten70                tensio        -1.092423        -1.044962       -4.7460503E-02     1.000000        -1.092423        -1.044962       -4.7460503E-02    0.1546162         6.467627    
 ten71                tensio        -1.097015        -1.049755       -4.7259925E-02     1.000000        -1.097015        -1.049755       -4.7259925E-02    0.1546162         6.467627    
 ten72                tensio        -1.100459        -1.054595       -4.5864242E-02     1.000000        -1.100459        -1.054595       -4.5864242E-02    0.1546162         6.467627    
 ten73                tensio        -1.102181        -1.059481       -4.2700401E-02     1.000000        -1.102181        -1.059481       -4.2700401E-02    0.1546162         6.467627    
 ten74                tensio        -1.105052        -1.064415       -4.0636665E-02     1.000000        -1.105052        -1.064415       -4.0636665E-02    0.1546162         6.467627    
 ten75                tensio        -1.107348        -1.069396       -3.7951876E-02     1.000000        -1.107348        -1.069396       -3.7951876E-02    0.1546162         6.467627    
 ten76                tensio        -1.109644        -1.074426       -3.5218087E-02     1.000000        -1.109644        -1.074426       -3.5218087E-02    0.1546162         6.467627    
 ten77                tensio        -1.113088        -1.079506       -3.3582404E-02     1.000000        -1.113088        -1.079506       -3.3582404E-02    0.1546162         6.467627    
 ten78                tensio        -1.114237        -1.079506       -3.4730510E-02     1.000000        -1.114237        -1.079506       -3.4730510E-02    0.1546162         6.467627    
 ten79                tensio        -1.117107        -1.084635       -3.2471774E-02     1.000000        -1.117107        -1.084635       -3.2471774E-02    0.1546162         6.467627    
 ten80                tensio        -1.120551        -1.089816       -3.0735091E-02     1.000000        -1.120551        -1.089816       -3.0735091E-02    0.1546162         6.467627    
 ten81                tensio        -1.122847        -1.095049       -2.7798302E-02     1.000000        -1.122847        -1.095049       -2.7798302E-02    0.1546162         6.467627    
 ten82                tensio        -1.125144        -1.100334       -2.4809513E-02     1.000000        -1.125144        -1.100334       -2.4809513E-02    0.1546162         6.467627    
 ten83                tensio        -1.128014        -1.100334       -2.7679777E-02     1.000000        -1.128014        -1.100334       -2.7679777E-02    0.1546162         6.467627    
 ten84                tensio        -1.130310        -1.105673       -2.4636989E-02     1.000000        -1.130310        -1.105673       -2.4636989E-02    0.1546162         6.467627    
 ten85                tensio        -1.131458        -1.111067       -2.0391094E-02     1.000000        -1.131458        -1.111067       -2.0391094E-02    0.1546162         6.467627    
 ten86                tensio        -1.135476        -1.116515       -1.8961464E-02     1.000000        -1.135476        -1.116515       -1.8961464E-02    0.1546162         6.467627    
 ten87                tensio        -1.137199        -1.116515       -2.0683622E-02     1.000000        -1.137199        -1.116515       -2.0683622E-02    0.1546162         6.467627    
 ten88                tensio        -1.137773        -1.122020       -1.5752675E-02     1.000000        -1.137773        -1.122020       -1.5752675E-02    0.1546162         6.467627    
 ten89                tensio        -1.139495        -1.127582       -1.1912834E-02     1.000000        -1.139495        -1.127582       -1.1912834E-02    0.1546162         6.467627    
 ten90                tensio        -1.142939        -1.127582       -1.5357150E-02     1.000000        -1.142939        -1.127582       -1.5357150E-02    0.1546162         6.467627    
 ten91                tensio        -1.144661        -1.133202       -1.1459309E-02     1.000000        -1.144661        -1.133202       -1.1459309E-02    0.1546162         6.467627    
 ten92                tensio        -1.146958        -1.138882       -8.0755201E-03     1.000000        -1.146958        -1.138882       -8.0755201E-03    0.1546162         6.467627    
 ten93                tensio        -1.148106        -1.138882       -9.2236257E-03     1.000000        -1.148106        -1.138882       -9.2236257E-03    0.1546162         6.467627    
 ten94                tensio        -1.150402        -1.144621       -5.7808370E-03     1.000000        -1.150402        -1.144621       -5.7808370E-03    0.1546162         6.467627    
 ten95                tensio        -1.157290        -1.150421       -6.8694707E-03     1.000000        -1.157290        -1.150421       -6.8694707E-03    0.1546162         6.467627    
 ten96                tensio        -1.153846        -1.150421       -3.4251539E-03     1.000000        -1.153846        -1.150421       -3.4251539E-03    0.1546162         6.467627    
