 Name                 Group          Measured         Modelled         Residual         Weight       Weight*Measured    Weight*Modelled  Weight*Residual  Measurement_sd   Natural_weight
 ten1                 tensio        -1.464409        -1.752829        0.2884203         1.000000        -1.464409        -1.752829        0.2884203        0.1685743         5.932103    
 ten2                 tensio        -1.460964        -1.752829        0.2918646         1.000000        -1.460964        -1.752829        0.2918646        0.1685743         5.932103    
 ten3                 tensio        -1.458668        -1.752829        0.2941608         1.000000        -1.458668        -1.752829        0.2941608        0.1685743         5.932103    
 ten4                 tensio        -1.459816        -1.752829        0.2930127         1.000000        -1.459816        -1.752829        0.2930127        0.1685743         5.932103    
 ten5                 tensio        -1.456946        -1.752829        0.2958830         1.000000        -1.456946        -1.752829        0.2958830        0.1685743         5.932103    
 ten6                 tensio        -1.461538        -1.752829        0.2912905         1.000000        -1.461538        -1.752829        0.2912905        0.1685743         5.932103    
 ten7                 tensio        -1.460390        -1.752829        0.2924386         1.000000        -1.460390        -1.752829        0.2924386        0.1685743         5.932103    
 ten8                 tensio        -1.458668        -1.752829        0.2941608         1.000000        -1.458668        -1.752829        0.2941608        0.1685743         5.932103    
 ten9                 tensio        -1.462113        -1.752829        0.2907165         1.000000        -1.462113        -1.752829        0.2907165        0.1685743         5.932103    
 ten10                tensio        -1.453502        -1.752829        0.2993273         1.000000        -1.453502        -1.752829        0.2993273        0.1685743         5.932103    
 ten11                tensio        -1.454076        -1.752829        0.2987532         1.000000        -1.454076        -1.752829        0.2987532        0.1685743         5.932103    
 ten12                tensio        -1.451780        -1.752829        0.3010494         1.000000        -1.451780        -1.752829        0.3010494        0.1685743         5.932103    
 ten13                tensio        -1.452354        -1.752829        0.3004754         1.000000        -1.452354        -1.752829        0.3004754        0.1685743         5.932103    
 ten14                tensio        -1.458668        -1.752829        0.2941608         1.000000        -1.458668        -1.752829        0.2941608        0.1685743         5.932103    
 ten15                tensio        -1.452354        -1.752829        0.3004754         1.000000        -1.452354        -1.752829        0.3004754        0.1685743         5.932103    
 ten16                tensio        -1.448909        -1.752829        0.3039197         1.000000        -1.448909        -1.752829        0.3039197        0.1685743         5.932103    
 ten17                tensio        -1.449483        -1.752829        0.3033456         1.000000        -1.449483        -1.752829        0.3033456        0.1685743         5.932103    
 ten18                tensio        -1.430540        -1.752829        0.3222894         1.000000        -1.430540        -1.752829        0.3222894        0.1685743         5.932103    
 ten19                tensio        -1.404133        -1.752829        0.3486958         1.000000        -1.404133        -1.752829        0.3486958        0.1685743         5.932103    
 ten20                tensio        -1.320321        -1.752829        0.4325075         1.000000        -1.320321        -1.752829        0.4325075        0.1685743         5.932103    
 ten21                tensio        -1.060276        -1.124847        6.4571455E-02     1.000000        -1.060276        -1.124847        6.4571455E-02    0.1685743         5.932103    
 ten22                tensio       -0.7824340        -1.015269        0.2328350         1.000000       -0.7824340        -1.015269        0.2328350        0.1685743         5.932103    
 ten23                tensio       -0.7169920       -0.9575060        0.2405140         1.000000       -0.7169920       -0.9575060        0.2405140        0.1685743         5.932103    
 ten24                tensio       -0.7112514       -0.9575060        0.2462546         1.000000       -0.7112514       -0.9575060        0.2462546        0.1685743         5.932103    
 ten25                tensio       -0.7123995       -0.9575060        0.2451065         1.000000       -0.7123995       -0.9575060        0.2451065        0.1685743         5.932103    
 ten26                tensio       -0.7152698       -0.9575060        0.2422362         1.000000       -0.7152698       -0.9575060        0.2422362        0.1685743         5.932103    
 ten27                tensio       -0.7169920       -0.9611430        0.2441510         1.000000       -0.7169920       -0.9611430        0.2441510        0.1685743         5.932103    
 ten28                tensio       -0.7307692       -0.9611430        0.2303738         1.000000       -0.7307692       -0.9611430        0.2303738        0.1685743         5.932103    
 ten29                tensio       -0.7669346       -0.9611430        0.1942084         1.000000       -0.7669346       -0.9611430        0.1942084        0.1685743         5.932103    
 ten30                tensio       -0.7887486       -0.9648080        0.1760594         1.000000       -0.7887486       -0.9648080        0.1760594        0.1685743         5.932103    
 ten31                tensio       -0.8088404       -0.9648080        0.1559676         1.000000       -0.8088404       -0.9648080        0.1559676        0.1685743         5.932103    
 ten32                tensio       -0.8283582       -0.9648080        0.1364498         1.000000       -0.8283582       -0.9648080        0.1364498        0.1685743         5.932103    
 ten33                tensio       -0.8467279       -0.9685030        0.1217751         1.000000       -0.8467279       -0.9685030        0.1217751        0.1685743         5.932103    
 ten34                tensio       -0.8639495       -0.9685030        0.1045535         1.000000       -0.8639495       -0.9685030        0.1045535        0.1685743         5.932103    
 ten35                tensio       -0.8828932       -0.9685030        8.5609774E-02     1.000000       -0.8828932       -0.9685030        8.5609774E-02    0.1685743         5.932103    
 ten36                tensio       -0.8960964       -0.9722270        7.6130559E-02     1.000000       -0.8960964       -0.9722270        7.6130559E-02    0.1685743         5.932103    
 ten37                tensio       -0.9064294       -0.9722270        6.5797608E-02     1.000000       -0.9064294       -0.9722270        6.5797608E-02    0.1685743         5.932103    
 ten38                tensio       -0.9173364       -0.9722270        5.4890605E-02     1.000000       -0.9173364       -0.9722270        5.4890605E-02    0.1685743         5.932103    
 ten39                tensio       -0.9282434       -0.9759820        4.7738602E-02     1.000000       -0.9282434       -0.9759820        4.7738602E-02    0.1685743         5.932103    
 ten40                tensio       -0.9380023       -0.9759820        3.7979704E-02     1.000000       -0.9380023       -0.9759820        3.7979704E-02    0.1685743         5.932103    
 ten41                tensio       -0.9477612       -0.9759820        2.8220806E-02     1.000000       -0.9477612       -0.9759820        2.8220806E-02    0.1685743         5.932103    
 ten42                tensio       -0.9552239       -0.9797670        2.4543119E-02     1.000000       -0.9552239       -0.9797670        2.4543119E-02    0.1685743         5.932103    
 ten43                tensio       -0.9632606       -0.9797670        1.6506380E-02     1.000000       -0.9632606       -0.9797670        1.6506380E-02    0.1685743         5.932103    
 ten44                tensio       -0.9712974       -0.9835820        1.2284641E-02     1.000000       -0.9712974       -0.9835820        1.2284641E-02    0.1685743         5.932103    
 ten45                tensio       -0.9799082       -0.9835820        3.6738484E-03     1.000000       -0.9799082       -0.9835820        3.6738484E-03    0.1685743         5.932103    
 ten46                tensio       -0.9862227       -0.9874290        1.2062675E-03     1.000000       -0.9862227       -0.9874290        1.2062675E-03    0.1685743         5.932103    
 ten47                tensio       -0.9936854       -0.9874290       -6.2564191E-03     1.000000       -0.9936854       -0.9874290       -6.2564191E-03    0.1685743         5.932103    
 ten48                tensio        -1.000574       -0.9874290       -1.3145053E-02     1.000000        -1.000574       -0.9874290       -1.3145053E-02    0.1685743         5.932103    
 ten49                tensio        -1.006889       -0.9913080       -1.5580634E-02     1.000000        -1.006889       -0.9913080       -1.5580634E-02    0.1685743         5.932103    
 ten50                tensio        -1.013203       -0.9913080       -2.1895215E-02     1.000000        -1.013203       -0.9913080       -2.1895215E-02    0.1685743         5.932103    
 ten51                tensio        -1.020092       -0.9991620       -2.0929848E-02     1.000000        -1.020092       -0.9991620       -2.0929848E-02    0.1685743         5.932103    
 ten52                tensio        -1.025832        -1.007148       -1.8684377E-02     1.000000        -1.025832        -1.007148       -1.8684377E-02    0.1685743         5.932103    
 ten53                tensio        -1.030999        -1.015269       -1.5729852E-02     1.000000        -1.030999        -1.015269       -1.5729852E-02    0.1685743         5.932103    
 ten54                tensio        -1.035591        -1.023530       -1.2061274E-02     1.000000        -1.035591        -1.023530       -1.2061274E-02    0.1685743         5.932103    
 ten55                tensio        -1.039610        -1.027714       -1.1895644E-02     1.000000        -1.039610        -1.027714       -1.1895644E-02    0.1685743         5.932103    
 ten56                tensio        -1.044202        -1.036192       -8.0100666E-03     1.000000        -1.044202        -1.036192       -8.0100666E-03    0.1685743         5.932103    
 ten57                tensio        -1.049943        -1.044819       -5.1235947E-03     1.000000        -1.049943        -1.044819       -5.1235947E-03    0.1685743         5.932103    
 ten58                tensio        -1.052813        -1.049189       -3.6238588E-03     1.000000        -1.052813        -1.049189       -3.6238588E-03    0.1685743         5.932103    
 ten59                tensio        -1.056257        -1.058049        1.7918243E-03     1.000000        -1.056257        -1.058049        1.7918243E-03    0.1685743         5.932103    
 ten60                tensio        -1.060850        -1.062539        1.6894018E-03     1.000000        -1.060850        -1.062539        1.6894018E-03    0.1685743         5.932103    
 ten61                tensio        -1.063720        -1.071641        7.9211378E-03     1.000000        -1.063720        -1.071641        7.9211378E-03    0.1685743         5.932103    
 ten62                tensio        -1.068312        -1.076255        7.9427153E-03     1.000000        -1.068312        -1.076255        7.9427153E-03    0.1685743         5.932103    
 ten63                tensio        -1.072331        -1.080911        8.5803456E-03     1.000000        -1.072331        -1.080911        8.5803456E-03    0.1685743         5.932103    
 ten64                tensio        -1.075775        -1.085611        9.8360287E-03     1.000000        -1.075775        -1.085611        9.8360287E-03    0.1685743         5.932103    
 ten65                tensio        -1.078071        -1.095143        1.7071817E-02     1.000000        -1.078071        -1.095143        1.7071817E-02    0.1685743         5.932103    
 ten66                tensio        -1.082090        -1.099976        1.7886448E-02     1.000000        -1.082090        -1.099976        1.7886448E-02    0.1685743         5.932103    
 ten67                tensio        -1.085534        -1.104855        1.9321131E-02     1.000000        -1.085534        -1.104855        1.9321131E-02    0.1685743         5.932103    
 ten68                tensio        -1.088404        -1.109782        2.1377867E-02     1.000000        -1.088404        -1.109782        2.1377867E-02    0.1685743         5.932103    
 ten69                tensio        -1.091274        -1.114755        2.3480603E-02     1.000000        -1.091274        -1.114755        2.3480603E-02    0.1685743         5.932103    
 ten70                tensio        -1.092423        -1.119777        2.7354497E-02     1.000000        -1.092423        -1.119777        2.7354497E-02    0.1685743         5.932103    
 ten71                tensio        -1.097015        -1.124847        2.7832075E-02     1.000000        -1.097015        -1.124847        2.7832075E-02    0.1685743         5.932103    
 ten72                tensio        -1.100459        -1.129968        2.9508758E-02     1.000000        -1.100459        -1.129968        2.9508758E-02    0.1685743         5.932103    
 ten73                tensio        -1.102181        -1.135138        3.2956599E-02     1.000000        -1.102181        -1.135138        3.2956599E-02    0.1685743         5.932103    
 ten74                tensio        -1.105052        -1.140360        3.5308335E-02     1.000000        -1.105052        -1.140360        3.5308335E-02    0.1685743         5.932103    
 ten75                tensio        -1.107348        -1.145634        3.8286124E-02     1.000000        -1.107348        -1.145634        3.8286124E-02    0.1685743         5.932103    
 ten76                tensio        -1.109644        -1.150962        4.1317913E-02     1.000000        -1.109644        -1.150962        4.1317913E-02    0.1685743         5.932103    
 ten77                tensio        -1.113088        -1.156342        4.3253596E-02     1.000000        -1.113088        -1.156342        4.3253596E-02    0.1685743         5.932103    
 ten78                tensio        -1.114237        -1.156342        4.2105490E-02     1.000000        -1.114237        -1.156342        4.2105490E-02    0.1685743         5.932103    
 ten79                tensio        -1.117107        -1.161778        4.4671226E-02     1.000000        -1.117107        -1.161778        4.4671226E-02    0.1685743         5.932103    
 ten80                tensio        -1.120551        -1.167269        4.6717909E-02     1.000000        -1.120551        -1.167269        4.6717909E-02    0.1685743         5.932103    
 ten81                tensio        -1.122847        -1.172817        4.9969698E-02     1.000000        -1.122847        -1.172817        4.9969698E-02    0.1685743         5.932103    
 ten82                tensio        -1.125144        -1.178422        5.3278487E-02     1.000000        -1.125144        -1.178422        5.3278487E-02    0.1685743         5.932103    
 ten83                tensio        -1.128014        -1.178422        5.0408223E-02     1.000000        -1.128014        -1.178422        5.0408223E-02    0.1685743         5.932103    
 ten84                tensio        -1.130310        -1.184086        5.3776011E-02     1.000000        -1.130310        -1.184086        5.3776011E-02    0.1685743         5.932103    
 ten85                tensio        -1.131458        -1.189809        5.8350906E-02     1.000000        -1.131458        -1.189809        5.8350906E-02    0.1685743         5.932103    
 ten86                tensio        -1.135476        -1.189809        5.4332536E-02     1.000000        -1.135476        -1.189809        5.4332536E-02    0.1685743         5.932103    
 ten87                tensio        -1.137199        -1.195593        5.8394378E-02     1.000000        -1.137199        -1.195593        5.8394378E-02    0.1685743         5.932103    
 ten88                tensio        -1.137773        -1.201438        6.3665325E-02     1.000000        -1.137773        -1.201438        6.3665325E-02    0.1685743         5.932103    
 ten89                tensio        -1.139495        -1.201438        6.1943166E-02     1.000000        -1.139495        -1.201438        6.1943166E-02    0.1685743         5.932103    
 ten90                tensio        -1.142939        -1.207345        6.4405850E-02     1.000000        -1.142939        -1.207345        6.4405850E-02    0.1685743         5.932103    
 ten91                tensio        -1.144661        -1.213316        6.8654691E-02     1.000000        -1.144661        -1.213316        6.8654691E-02    0.1685743         5.932103    
 ten92                tensio        -1.146958        -1.213316        6.6358480E-02     1.000000        -1.146958        -1.213316        6.6358480E-02    0.1685743         5.932103    
 ten93                tensio        -1.148106        -1.219352        7.1246374E-02     1.000000        -1.148106        -1.219352        7.1246374E-02    0.1685743         5.932103    
 ten94                tensio        -1.150402        -1.219352        6.8950163E-02     1.000000        -1.150402        -1.219352        6.8950163E-02    0.1685743         5.932103    
 ten95                tensio        -1.157290        -1.225454        6.8163529E-02     1.000000        -1.157290        -1.225454        6.8163529E-02    0.1685743         5.932103    
 ten96                tensio        -1.153846        -1.231623        7.7776846E-02     1.000000        -1.153846        -1.231623        7.7776846E-02    0.1685743         5.932103    
