 Name                 Group          Measured         Modelled         Residual         Weight       Weight*Measured    Weight*Modelled  Weight*Residual  Measurement_sd   Natural_weight
 ten1                 tensio        -1.464409        -1.741305        0.2768963         1.000000        -1.464409        -1.741305        0.2768963        0.1582712         6.318271    
 ten2                 tensio        -1.460964        -1.741305        0.2803406         1.000000        -1.460964        -1.741305        0.2803406        0.1582712         6.318271    
 ten3                 tensio        -1.458668        -1.741305        0.2826368         1.000000        -1.458668        -1.741305        0.2826368        0.1582712         6.318271    
 ten4                 tensio        -1.459816        -1.741305        0.2814887         1.000000        -1.459816        -1.741305        0.2814887        0.1582712         6.318271    
 ten5                 tensio        -1.456946        -1.741305        0.2843590         1.000000        -1.456946        -1.741305        0.2843590        0.1582712         6.318271    
 ten6                 tensio        -1.461538        -1.741305        0.2797665         1.000000        -1.461538        -1.741305        0.2797665        0.1582712         6.318271    
 ten7                 tensio        -1.460390        -1.741305        0.2809146         1.000000        -1.460390        -1.741305        0.2809146        0.1582712         6.318271    
 ten8                 tensio        -1.458668        -1.741305        0.2826368         1.000000        -1.458668        -1.741305        0.2826368        0.1582712         6.318271    
 ten9                 tensio        -1.462113        -1.741305        0.2791925         1.000000        -1.462113        -1.741305        0.2791925        0.1582712         6.318271    
 ten10                tensio        -1.453502        -1.741305        0.2878033         1.000000        -1.453502        -1.741305        0.2878033        0.1582712         6.318271    
 ten11                tensio        -1.454076        -1.741305        0.2872292         1.000000        -1.454076        -1.741305        0.2872292        0.1582712         6.318271    
 ten12                tensio        -1.451780        -1.741305        0.2895254         1.000000        -1.451780        -1.741305        0.2895254        0.1582712         6.318271    
 ten13                tensio        -1.452354        -1.741305        0.2889514         1.000000        -1.452354        -1.741305        0.2889514        0.1582712         6.318271    
 ten14                tensio        -1.458668        -1.741305        0.2826368         1.000000        -1.458668        -1.741305        0.2826368        0.1582712         6.318271    
 ten15                tensio        -1.452354        -1.741305        0.2889514         1.000000        -1.452354        -1.741305        0.2889514        0.1582712         6.318271    
 ten16                tensio        -1.448909        -1.741305        0.2923957         1.000000        -1.448909        -1.741305        0.2923957        0.1582712         6.318271    
 ten17                tensio        -1.449483        -1.741305        0.2918216         1.000000        -1.449483        -1.741305        0.2918216        0.1582712         6.318271    
 ten18                tensio        -1.430540        -1.741305        0.3107654         1.000000        -1.430540        -1.741305        0.3107654        0.1582712         6.318271    
 ten19                tensio        -1.404133        -1.741305        0.3371718         1.000000        -1.404133        -1.741305        0.3371718        0.1582712         6.318271    
 ten20                tensio        -1.320321        -1.741305        0.4209835         1.000000        -1.320321        -1.741305        0.4209835        0.1582712         6.318271    
 ten21                tensio        -1.060276        -1.110096        4.9820455E-02     1.000000        -1.060276        -1.110096        4.9820455E-02    0.1582712         6.318271    
 ten22                tensio       -0.7824340       -0.9920950        0.2096610         1.000000       -0.7824340       -0.9920950        0.2096610        0.1582712         6.318271    
 ten23                tensio       -0.7169920       -0.9351810        0.2181890         1.000000       -0.7169920       -0.9351810        0.2181890        0.1582712         6.318271    
 ten24                tensio       -0.7112514       -0.9351810        0.2239296         1.000000       -0.7112514       -0.9351810        0.2239296        0.1582712         6.318271    
 ten25                tensio       -0.7123995       -0.9351810        0.2227815         1.000000       -0.7123995       -0.9351810        0.2227815        0.1582712         6.318271    
 ten26                tensio       -0.7152698       -0.9351810        0.2199112         1.000000       -0.7152698       -0.9351810        0.2199112        0.1582712         6.318271    
 ten27                tensio       -0.7169920       -0.9387650        0.2217730         1.000000       -0.7169920       -0.9387650        0.2217730        0.1582712         6.318271    
 ten28                tensio       -0.7307692       -0.9387650        0.2079958         1.000000       -0.7307692       -0.9387650        0.2079958        0.1582712         6.318271    
 ten29                tensio       -0.7669346       -0.9387650        0.1718304         1.000000       -0.7669346       -0.9387650        0.1718304        0.1582712         6.318271    
 ten30                tensio       -0.7887486       -0.9423780        0.1536294         1.000000       -0.7887486       -0.9423780        0.1536294        0.1582712         6.318271    
 ten31                tensio       -0.8088404       -0.9423780        0.1335376         1.000000       -0.8088404       -0.9423780        0.1335376        0.1582712         6.318271    
 ten32                tensio       -0.8283582       -0.9423780        0.1140198         1.000000       -0.8283582       -0.9423780        0.1140198        0.1582712         6.318271    
 ten33                tensio       -0.8467279       -0.9460190        9.9291101E-02     1.000000       -0.8467279       -0.9460190        9.9291101E-02    0.1582712         6.318271    
 ten34                tensio       -0.8639495       -0.9460190        8.2069517E-02     1.000000       -0.8639495       -0.9460190        8.2069517E-02    0.1582712         6.318271    
 ten35                tensio       -0.8828932       -0.9460190        6.3125774E-02     1.000000       -0.8828932       -0.9460190        6.3125774E-02    0.1582712         6.318271    
 ten36                tensio       -0.8960964       -0.9496890        5.3592559E-02     1.000000       -0.8960964       -0.9496890        5.3592559E-02    0.1582712         6.318271    
 ten37                tensio       -0.9064294       -0.9496890        4.3259608E-02     1.000000       -0.9064294       -0.9496890        4.3259608E-02    0.1582712         6.318271    
 ten38                tensio       -0.9173364       -0.9496890        3.2352605E-02     1.000000       -0.9173364       -0.9496890        3.2352605E-02    0.1582712         6.318271    
 ten39                tensio       -0.9282434       -0.9533880        2.5144602E-02     1.000000       -0.9282434       -0.9533880        2.5144602E-02    0.1582712         6.318271    
 ten40                tensio       -0.9380023       -0.9533880        1.5385704E-02     1.000000       -0.9380023       -0.9533880        1.5385704E-02    0.1582712         6.318271    
 ten41                tensio       -0.9477612       -0.9533880        5.6268060E-03     1.000000       -0.9477612       -0.9533880        5.6268060E-03    0.1582712         6.318271    
 ten42                tensio       -0.9552239       -0.9571180        1.8941194E-03     1.000000       -0.9552239       -0.9571180        1.8941194E-03    0.1582712         6.318271    
 ten43                tensio       -0.9632606       -0.9571180       -6.1426200E-03     1.000000       -0.9632606       -0.9571180       -6.1426200E-03    0.1582712         6.318271    
 ten44                tensio       -0.9712974       -0.9608780       -1.0419359E-02     1.000000       -0.9712974       -0.9608780       -1.0419359E-02    0.1582712         6.318271    
 ten45                tensio       -0.9799082       -0.9608780       -1.9030152E-02     1.000000       -0.9799082       -0.9608780       -1.9030152E-02    0.1582712         6.318271    
 ten46                tensio       -0.9862227       -0.9608780       -2.5344732E-02     1.000000       -0.9862227       -0.9608780       -2.5344732E-02    0.1582712         6.318271    
 ten47                tensio       -0.9936854       -0.9646680       -2.9017419E-02     1.000000       -0.9936854       -0.9646680       -2.9017419E-02    0.1582712         6.318271    
 ten48                tensio        -1.000574       -0.9646680       -3.5906053E-02     1.000000        -1.000574       -0.9646680       -3.5906053E-02    0.1582712         6.318271    
 ten49                tensio        -1.006889       -0.9684890       -3.8399634E-02     1.000000        -1.006889       -0.9684890       -3.8399634E-02    0.1582712         6.318271    
 ten50                tensio        -1.013203       -0.9684890       -4.4714215E-02     1.000000        -1.013203       -0.9684890       -4.4714215E-02    0.1582712         6.318271    
 ten51                tensio        -1.020092       -0.9723420       -4.7749848E-02     1.000000        -1.020092       -0.9723420       -4.7749848E-02    0.1582712         6.318271    
 ten52                tensio        -1.025832       -0.9801450       -4.5687377E-02     1.000000        -1.025832       -0.9801450       -4.5687377E-02    0.1582712         6.318271    
 ten53                tensio        -1.030999       -0.9880780       -4.2920852E-02     1.000000        -1.030999       -0.9880780       -4.2920852E-02    0.1582712         6.318271    
 ten54                tensio        -1.035591       -0.9961460       -3.9445274E-02     1.000000        -1.035591       -0.9961460       -3.9445274E-02    0.1582712         6.318271    
 ten55                tensio        -1.039610        -1.004353       -3.5256644E-02     1.000000        -1.039610        -1.004353       -3.5256644E-02    0.1582712         6.318271    
 ten56                tensio        -1.044202        -1.012702       -3.1500067E-02     1.000000        -1.044202        -1.012702       -3.1500067E-02    0.1582712         6.318271    
 ten57                tensio        -1.049943        -1.016932       -3.3010595E-02     1.000000        -1.049943        -1.016932       -3.3010595E-02    0.1582712         6.318271    
 ten58                tensio        -1.052813        -1.025502       -2.7310859E-02     1.000000        -1.052813        -1.025502       -2.7310859E-02    0.1582712         6.318271    
 ten59                tensio        -1.056257        -1.029845       -2.6412176E-02     1.000000        -1.056257        -1.029845       -2.6412176E-02    0.1582712         6.318271    
 ten60                tensio        -1.060850        -1.038646       -2.2203598E-02     1.000000        -1.060850        -1.038646       -2.2203598E-02    0.1582712         6.318271    
 ten61                tensio        -1.063720        -1.043107       -2.0612862E-02     1.000000        -1.063720        -1.043107       -2.0612862E-02    0.1582712         6.318271    
 ten62                tensio        -1.068312        -1.047608       -2.0704285E-02     1.000000        -1.068312        -1.047608       -2.0704285E-02    0.1582712         6.318271    
 ten63                tensio        -1.072331        -1.056734       -1.5596654E-02     1.000000        -1.072331        -1.056734       -1.5596654E-02    0.1582712         6.318271    
 ten64                tensio        -1.075775        -1.061360       -1.4414971E-02     1.000000        -1.075775        -1.061360       -1.4414971E-02    0.1582712         6.318271    
 ten65                tensio        -1.078071        -1.066029       -1.2042183E-02     1.000000        -1.078071        -1.066029       -1.2042183E-02    0.1582712         6.318271    
 ten66                tensio        -1.082090        -1.070742       -1.1347552E-02     1.000000        -1.082090        -1.070742       -1.1347552E-02    0.1582712         6.318271    
 ten67                tensio        -1.085534        -1.080300       -5.2338691E-03     1.000000        -1.085534        -1.080300       -5.2338691E-03    0.1582712         6.318271    
 ten68                tensio        -1.088404        -1.085148       -3.2561332E-03     1.000000        -1.088404        -1.085148       -3.2561332E-03    0.1582712         6.318271    
 ten69                tensio        -1.091274        -1.090042       -1.2323972E-03     1.000000        -1.091274        -1.090042       -1.2323972E-03    0.1582712         6.318271    
 ten70                tensio        -1.092423        -1.094983        2.5604971E-03     1.000000        -1.092423        -1.094983        2.5604971E-03    0.1582712         6.318271    
 ten71                tensio        -1.097015        -1.099972        2.9570746E-03     1.000000        -1.097015        -1.099972        2.9570746E-03    0.1582712         6.318271    
 ten72                tensio        -1.100459        -1.105009        4.5497577E-03     1.000000        -1.100459        -1.105009        4.5497577E-03    0.1582712         6.318271    
 ten73                tensio        -1.102181        -1.110096        7.9145993E-03     1.000000        -1.102181        -1.110096        7.9145993E-03    0.1582712         6.318271    
 ten74                tensio        -1.105052        -1.115233        1.0181335E-02     1.000000        -1.105052        -1.115233        1.0181335E-02    0.1582712         6.318271    
 ten75                tensio        -1.107348        -1.120420        1.3072124E-02     1.000000        -1.107348        -1.120420        1.3072124E-02    0.1582712         6.318271    
 ten76                tensio        -1.109644        -1.120420        1.0775913E-02     1.000000        -1.109644        -1.120420        1.0775913E-02    0.1582712         6.318271    
 ten77                tensio        -1.113088        -1.125660        1.2571596E-02     1.000000        -1.113088        -1.125660        1.2571596E-02    0.1582712         6.318271    
 ten78                tensio        -1.114237        -1.130952        1.6715490E-02     1.000000        -1.114237        -1.130952        1.6715490E-02    0.1582712         6.318271    
 ten79                tensio        -1.117107        -1.136297        1.9190226E-02     1.000000        -1.117107        -1.136297        1.9190226E-02    0.1582712         6.318271    
 ten80                tensio        -1.120551        -1.141697        2.1145909E-02     1.000000        -1.120551        -1.141697        2.1145909E-02    0.1582712         6.318271    
 ten81                tensio        -1.122847        -1.147152        2.4304698E-02     1.000000        -1.122847        -1.147152        2.4304698E-02    0.1582712         6.318271    
 ten82                tensio        -1.125144        -1.147152        2.2008487E-02     1.000000        -1.125144        -1.147152        2.2008487E-02    0.1582712         6.318271    
 ten83                tensio        -1.128014        -1.152663        2.4649223E-02     1.000000        -1.128014        -1.152663        2.4649223E-02    0.1582712         6.318271    
 ten84                tensio        -1.130310        -1.158231        2.7921011E-02     1.000000        -1.130310        -1.158231        2.7921011E-02    0.1582712         6.318271    
 ten85                tensio        -1.131458        -1.163856        3.2397906E-02     1.000000        -1.131458        -1.163856        3.2397906E-02    0.1582712         6.318271    
 ten86                tensio        -1.135476        -1.163856        2.8379536E-02     1.000000        -1.135476        -1.163856        2.8379536E-02    0.1582712         6.318271    
 ten87                tensio        -1.137199        -1.169541        3.2342378E-02     1.000000        -1.137199        -1.169541        3.2342378E-02    0.1582712         6.318271    
 ten88                tensio        -1.137773        -1.175286        3.7513325E-02     1.000000        -1.137773        -1.175286        3.7513325E-02    0.1582712         6.318271    
 ten89                tensio        -1.139495        -1.175286        3.5791166E-02     1.000000        -1.139495        -1.175286        3.5791166E-02    0.1582712         6.318271    
 ten90                tensio        -1.142939        -1.181092        3.8152850E-02     1.000000        -1.142939        -1.181092        3.8152850E-02    0.1582712         6.318271    
 ten91                tensio        -1.144661        -1.186959        4.2297691E-02     1.000000        -1.144661        -1.186959        4.2297691E-02    0.1582712         6.318271    
 ten92                tensio        -1.146958        -1.186959        4.0001480E-02     1.000000        -1.146958        -1.186959        4.0001480E-02    0.1582712         6.318271    
 ten93                tensio        -1.148106        -1.192890        4.4784374E-02     1.000000        -1.148106        -1.192890        4.4784374E-02    0.1582712         6.318271    
 ten94                tensio        -1.150402        -1.192890        4.2488163E-02     1.000000        -1.150402        -1.192890        4.2488163E-02    0.1582712         6.318271    
 ten95                tensio        -1.157290        -1.198885        4.1594529E-02     1.000000        -1.157290        -1.198885        4.1594529E-02    0.1582712         6.318271    
 ten96                tensio        -1.153846        -1.204945        5.1098846E-02     1.000000        -1.153846        -1.204945        5.1098846E-02    0.1582712         6.318271    
