 Name                 Group          Measured         Modelled         Residual         Weight       Weight*Measured    Weight*Modelled  Weight*Residual  Measurement_sd   Natural_weight
 ten1                 tensio        -1.464409        -1.741862        0.2774533         1.000000        -1.464409        -1.741862        0.2774533        0.1577010         6.341116    
 ten2                 tensio        -1.460964        -1.741862        0.2808976         1.000000        -1.460964        -1.741862        0.2808976        0.1577010         6.341116    
 ten3                 tensio        -1.458668        -1.741862        0.2831938         1.000000        -1.458668        -1.741862        0.2831938        0.1577010         6.341116    
 ten4                 tensio        -1.459816        -1.741862        0.2820457         1.000000        -1.459816        -1.741862        0.2820457        0.1577010         6.341116    
 ten5                 tensio        -1.456946        -1.741862        0.2849160         1.000000        -1.456946        -1.741862        0.2849160        0.1577010         6.341116    
 ten6                 tensio        -1.461538        -1.741862        0.2803235         1.000000        -1.461538        -1.741862        0.2803235        0.1577010         6.341116    
 ten7                 tensio        -1.460390        -1.741862        0.2814716         1.000000        -1.460390        -1.741862        0.2814716        0.1577010         6.341116    
 ten8                 tensio        -1.458668        -1.741862        0.2831938         1.000000        -1.458668        -1.741862        0.2831938        0.1577010         6.341116    
 ten9                 tensio        -1.462113        -1.741862        0.2797495         1.000000        -1.462113        -1.741862        0.2797495        0.1577010         6.341116    
 ten10                tensio        -1.453502        -1.741862        0.2883603         1.000000        -1.453502        -1.741862        0.2883603        0.1577010         6.341116    
 ten11                tensio        -1.454076        -1.741862        0.2877862         1.000000        -1.454076        -1.741862        0.2877862        0.1577010         6.341116    
 ten12                tensio        -1.451780        -1.741862        0.2900824         1.000000        -1.451780        -1.741862        0.2900824        0.1577010         6.341116    
 ten13                tensio        -1.452354        -1.741862        0.2895084         1.000000        -1.452354        -1.741862        0.2895084        0.1577010         6.341116    
 ten14                tensio        -1.458668        -1.741862        0.2831938         1.000000        -1.458668        -1.741862        0.2831938        0.1577010         6.341116    
 ten15                tensio        -1.452354        -1.741862        0.2895084         1.000000        -1.452354        -1.741862        0.2895084        0.1577010         6.341116    
 ten16                tensio        -1.448909        -1.741862        0.2929527         1.000000        -1.448909        -1.741862        0.2929527        0.1577010         6.341116    
 ten17                tensio        -1.449483        -1.741862        0.2923786         1.000000        -1.449483        -1.741862        0.2923786        0.1577010         6.341116    
 ten18                tensio        -1.430540        -1.741862        0.3113224         1.000000        -1.430540        -1.741862        0.3113224        0.1577010         6.341116    
 ten19                tensio        -1.404133        -1.741862        0.3377288         1.000000        -1.404133        -1.741862        0.3377288        0.1577010         6.341116    
 ten20                tensio        -1.320321        -1.741862        0.4215405         1.000000        -1.320321        -1.741862        0.4215405        0.1577010         6.341116    
 ten21                tensio        -1.060276        -1.113761        5.3485455E-02     1.000000        -1.060276        -1.113761        5.3485455E-02    0.1577010         6.341116    
 ten22                tensio       -0.7824340       -0.9903700        0.2079360         1.000000       -0.7824340       -0.9903700        0.2079360        0.1577010         6.341116    
 ten23                tensio       -0.7169920       -0.9333600        0.2163680         1.000000       -0.7169920       -0.9333600        0.2163680        0.1577010         6.341116    
 ten24                tensio       -0.7112514       -0.9297990        0.2185476         1.000000       -0.7112514       -0.9297990        0.2185476        0.1577010         6.341116    
 ten25                tensio       -0.7123995       -0.9297990        0.2173995         1.000000       -0.7123995       -0.9297990        0.2173995        0.1577010         6.341116    
 ten26                tensio       -0.7152698       -0.9297990        0.2145292         1.000000       -0.7152698       -0.9297990        0.2145292        0.1577010         6.341116    
 ten27                tensio       -0.7169920       -0.9333600        0.2163680         1.000000       -0.7169920       -0.9333600        0.2163680        0.1577010         6.341116    
 ten28                tensio       -0.7307692       -0.9333600        0.2025908         1.000000       -0.7307692       -0.9333600        0.2025908        0.1577010         6.341116    
 ten29                tensio       -0.7669346       -0.9333600        0.1664254         1.000000       -0.7669346       -0.9333600        0.1664254        0.1577010         6.341116    
 ten30                tensio       -0.7887486       -0.9369500        0.1482014         1.000000       -0.7887486       -0.9369500        0.1482014        0.1577010         6.341116    
 ten31                tensio       -0.8088404       -0.9369500        0.1281096         1.000000       -0.8088404       -0.9369500        0.1281096        0.1577010         6.341116    
 ten32                tensio       -0.8283582       -0.9369500        0.1085918         1.000000       -0.8283582       -0.9369500        0.1085918        0.1577010         6.341116    
 ten33                tensio       -0.8467279       -0.9405680        9.3840101E-02     1.000000       -0.8467279       -0.9405680        9.3840101E-02    0.1577010         6.341116    
 ten34                tensio       -0.8639495       -0.9405680        7.6618517E-02     1.000000       -0.8639495       -0.9405680        7.6618517E-02    0.1577010         6.341116    
 ten35                tensio       -0.8828932       -0.9405680        5.7674774E-02     1.000000       -0.8828932       -0.9405680        5.7674774E-02    0.1577010         6.341116    
 ten36                tensio       -0.8960964       -0.9442150        4.8118559E-02     1.000000       -0.8960964       -0.9442150        4.8118559E-02    0.1577010         6.341116    
 ten37                tensio       -0.9064294       -0.9442150        3.7785608E-02     1.000000       -0.9064294       -0.9442150        3.7785608E-02    0.1577010         6.341116    
 ten38                tensio       -0.9173364       -0.9442150        2.6878605E-02     1.000000       -0.9173364       -0.9442150        2.6878605E-02    0.1577010         6.341116    
 ten39                tensio       -0.9282434       -0.9478910        1.9647602E-02     1.000000       -0.9282434       -0.9478910        1.9647602E-02    0.1577010         6.341116    
 ten40                tensio       -0.9380023       -0.9478910        9.8887038E-03     1.000000       -0.9380023       -0.9478910        9.8887038E-03    0.1577010         6.341116    
 ten41                tensio       -0.9477612       -0.9478910        1.2980597E-04     1.000000       -0.9477612       -0.9478910        1.2980597E-04    0.1577010         6.341116    
 ten42                tensio       -0.9552239       -0.9515960       -3.6278806E-03     1.000000       -0.9552239       -0.9515960       -3.6278806E-03    0.1577010         6.341116    
 ten43                tensio       -0.9632606       -0.9515960       -1.1664620E-02     1.000000       -0.9632606       -0.9515960       -1.1664620E-02    0.1577010         6.341116    
 ten44                tensio       -0.9712974       -0.9553320       -1.5965359E-02     1.000000       -0.9712974       -0.9553320       -1.5965359E-02    0.1577010         6.341116    
 ten45                tensio       -0.9799082       -0.9553320       -2.4576152E-02     1.000000       -0.9799082       -0.9553320       -2.4576152E-02    0.1577010         6.341116    
 ten46                tensio       -0.9862227       -0.9553320       -3.0890732E-02     1.000000       -0.9862227       -0.9553320       -3.0890732E-02    0.1577010         6.341116    
 ten47                tensio       -0.9936854       -0.9590980       -3.4587419E-02     1.000000       -0.9936854       -0.9590980       -3.4587419E-02    0.1577010         6.341116    
 ten48                tensio        -1.000574       -0.9590980       -4.1476053E-02     1.000000        -1.000574       -0.9590980       -4.1476053E-02    0.1577010         6.341116    
 ten49                tensio        -1.006889       -0.9628950       -4.3993634E-02     1.000000        -1.006889       -0.9628950       -4.3993634E-02    0.1577010         6.341116    
 ten50                tensio        -1.013203       -0.9628950       -5.0308215E-02     1.000000        -1.013203       -0.9628950       -5.0308215E-02    0.1577010         6.341116    
 ten51                tensio        -1.020092       -0.9667230       -5.3368848E-02     1.000000        -1.020092       -0.9667230       -5.3368848E-02    0.1577010         6.341116    
 ten52                tensio        -1.025832       -0.9783990       -4.7433377E-02     1.000000        -1.025832       -0.9783990       -4.7433377E-02    0.1577010         6.341116    
 ten53                tensio        -1.030999       -0.9863460       -4.4652852E-02     1.000000        -1.030999       -0.9863460       -4.4652852E-02    0.1577010         6.341116    
 ten54                tensio        -1.035591       -0.9903700       -4.5221274E-02     1.000000        -1.035591       -0.9903700       -4.5221274E-02    0.1577010         6.341116    
 ten55                tensio        -1.039610       -0.9985220       -4.1087644E-02     1.000000        -1.039610       -0.9985220       -4.1087644E-02    0.1577010         6.341116    
 ten56                tensio        -1.044202        -1.006815       -3.7387067E-02     1.000000        -1.044202        -1.006815       -3.7387067E-02    0.1577010         6.341116    
 ten57                tensio        -1.049943        -1.015253       -3.4689595E-02     1.000000        -1.049943        -1.015253       -3.4689595E-02    0.1577010         6.341116    
 ten58                tensio        -1.052813        -1.019528       -3.3284859E-02     1.000000        -1.052813        -1.019528       -3.3284859E-02    0.1577010         6.341116    
 ten59                tensio        -1.056257        -1.028191       -2.8066176E-02     1.000000        -1.056257        -1.028191       -2.8066176E-02    0.1577010         6.341116    
 ten60                tensio        -1.060850        -1.032581       -2.8268598E-02     1.000000        -1.060850        -1.032581       -2.8268598E-02    0.1577010         6.341116    
 ten61                tensio        -1.063720        -1.037010       -2.6709862E-02     1.000000        -1.063720        -1.037010       -2.6709862E-02    0.1577010         6.341116    
 ten62                tensio        -1.068312        -1.045990       -2.2322285E-02     1.000000        -1.068312        -1.045990       -2.2322285E-02    0.1577010         6.341116    
 ten63                tensio        -1.072331        -1.050541       -2.1789654E-02     1.000000        -1.072331        -1.050541       -2.1789654E-02    0.1577010         6.341116    
 ten64                tensio        -1.075775        -1.055135       -2.0639971E-02     1.000000        -1.075775        -1.055135       -2.0639971E-02    0.1577010         6.341116    
 ten65                tensio        -1.078071        -1.064449       -1.3622183E-02     1.000000        -1.078071        -1.064449       -1.3622183E-02    0.1577010         6.341116    
 ten66                tensio        -1.082090        -1.069172       -1.2917552E-02     1.000000        -1.082090        -1.069172       -1.2917552E-02    0.1577010         6.341116    
 ten67                tensio        -1.085534        -1.073939       -1.1594869E-02     1.000000        -1.085534        -1.073939       -1.1594869E-02    0.1577010         6.341116    
 ten68                tensio        -1.088404        -1.078751       -9.6531332E-03     1.000000        -1.088404        -1.078751       -9.6531332E-03    0.1577010         6.341116    
 ten69                tensio        -1.091274        -1.083609       -7.6653972E-03     1.000000        -1.091274        -1.083609       -7.6653972E-03    0.1577010         6.341116    
 ten70                tensio        -1.092423        -1.088514       -3.9085029E-03     1.000000        -1.092423        -1.088514       -3.9085029E-03    0.1577010         6.341116    
 ten71                tensio        -1.097015        -1.093466       -3.5489254E-03     1.000000        -1.097015        -1.093466       -3.5489254E-03    0.1577010         6.341116    
 ten72                tensio        -1.100459        -1.098466       -1.9932422E-03     1.000000        -1.100459        -1.098466       -1.9932422E-03    0.1577010         6.341116    
 ten73                tensio        -1.102181        -1.103514        1.3325993E-03     1.000000        -1.102181        -1.103514        1.3325993E-03    0.1577010         6.341116    
 ten74                tensio        -1.105052        -1.108613        3.5613353E-03     1.000000        -1.105052        -1.108613        3.5613353E-03    0.1577010         6.341116    
 ten75                tensio        -1.107348        -1.113761        6.4131240E-03     1.000000        -1.107348        -1.113761        6.4131240E-03    0.1577010         6.341116    
 ten76                tensio        -1.109644        -1.118961        9.3169127E-03     1.000000        -1.109644        -1.118961        9.3169127E-03    0.1577010         6.341116    
 ten77                tensio        -1.113088        -1.124212        1.1123596E-02     1.000000        -1.113088        -1.124212        1.1123596E-02    0.1577010         6.341116    
 ten78                tensio        -1.114237        -1.129516        1.5279490E-02     1.000000        -1.114237        -1.129516        1.5279490E-02    0.1577010         6.341116    
 ten79                tensio        -1.117107        -1.129516        1.2409226E-02     1.000000        -1.117107        -1.129516        1.2409226E-02    0.1577010         6.341116    
 ten80                tensio        -1.120551        -1.134874        1.4322909E-02     1.000000        -1.120551        -1.134874        1.4322909E-02    0.1577010         6.341116    
 ten81                tensio        -1.122847        -1.140287        1.7439698E-02     1.000000        -1.122847        -1.140287        1.7439698E-02    0.1577010         6.341116    
 ten82                tensio        -1.125144        -1.145755        2.0611487E-02     1.000000        -1.125144        -1.145755        2.0611487E-02    0.1577010         6.341116    
 ten83                tensio        -1.128014        -1.145755        1.7741223E-02     1.000000        -1.128014        -1.145755        1.7741223E-02    0.1577010         6.341116    
 ten84                tensio        -1.130310        -1.151279        2.0969011E-02     1.000000        -1.130310        -1.151279        2.0969011E-02    0.1577010         6.341116    
 ten85                tensio        -1.131458        -1.156860        2.5401906E-02     1.000000        -1.131458        -1.156860        2.5401906E-02    0.1577010         6.341116    
 ten86                tensio        -1.135476        -1.162500        2.7023536E-02     1.000000        -1.135476        -1.162500        2.7023536E-02    0.1577010         6.341116    
 ten87                tensio        -1.137199        -1.162500        2.5301378E-02     1.000000        -1.137199        -1.162500        2.5301378E-02    0.1577010         6.341116    
 ten88                tensio        -1.137773        -1.168199        3.0426325E-02     1.000000        -1.137773        -1.168199        3.0426325E-02    0.1577010         6.341116    
 ten89                tensio        -1.139495        -1.173958        3.4463166E-02     1.000000        -1.139495        -1.173958        3.4463166E-02    0.1577010         6.341116    
 ten90                tensio        -1.142939        -1.173958        3.1018850E-02     1.000000        -1.142939        -1.173958        3.1018850E-02    0.1577010         6.341116    
 ten91                tensio        -1.144661        -1.179778        3.5116691E-02     1.000000        -1.144661        -1.179778        3.5116691E-02    0.1577010         6.341116    
 ten92                tensio        -1.146958        -1.185661        3.8703480E-02     1.000000        -1.146958        -1.185661        3.8703480E-02    0.1577010         6.341116    
 ten93                tensio        -1.148106        -1.185661        3.7555374E-02     1.000000        -1.148106        -1.185661        3.7555374E-02    0.1577010         6.341116    
 ten94                tensio        -1.150402        -1.191606        4.1204163E-02     1.000000        -1.150402        -1.191606        4.1204163E-02    0.1577010         6.341116    
 ten95                tensio        -1.157290        -1.191606        3.4315529E-02     1.000000        -1.157290        -1.191606        3.4315529E-02    0.1577010         6.341116    
 ten96                tensio        -1.153846        -1.197617        4.3770846E-02     1.000000        -1.153846        -1.197617        4.3770846E-02    0.1577010         6.341116    
