 Name                 Group          Measured         Modelled         Residual         Weight       Weight*Measured    Weight*Modelled  Weight*Residual  Measurement_sd   Natural_weight
 ten1                 tensio        -1.464409        -1.742636        0.2782273         1.000000        -1.464409        -1.742636        0.2782273        0.1575267         6.348129    
 ten2                 tensio        -1.460964        -1.742636        0.2816716         1.000000        -1.460964        -1.742636        0.2816716        0.1575267         6.348129    
 ten3                 tensio        -1.458668        -1.742636        0.2839678         1.000000        -1.458668        -1.742636        0.2839678        0.1575267         6.348129    
 ten4                 tensio        -1.459816        -1.742636        0.2828197         1.000000        -1.459816        -1.742636        0.2828197        0.1575267         6.348129    
 ten5                 tensio        -1.456946        -1.742636        0.2856900         1.000000        -1.456946        -1.742636        0.2856900        0.1575267         6.348129    
 ten6                 tensio        -1.461538        -1.742636        0.2810975         1.000000        -1.461538        -1.742636        0.2810975        0.1575267         6.348129    
 ten7                 tensio        -1.460390        -1.742636        0.2822456         1.000000        -1.460390        -1.742636        0.2822456        0.1575267         6.348129    
 ten8                 tensio        -1.458668        -1.742636        0.2839678         1.000000        -1.458668        -1.742636        0.2839678        0.1575267         6.348129    
 ten9                 tensio        -1.462113        -1.742636        0.2805235         1.000000        -1.462113        -1.742636        0.2805235        0.1575267         6.348129    
 ten10                tensio        -1.453502        -1.742636        0.2891343         1.000000        -1.453502        -1.742636        0.2891343        0.1575267         6.348129    
 ten11                tensio        -1.454076        -1.742636        0.2885602         1.000000        -1.454076        -1.742636        0.2885602        0.1575267         6.348129    
 ten12                tensio        -1.451780        -1.742636        0.2908564         1.000000        -1.451780        -1.742636        0.2908564        0.1575267         6.348129    
 ten13                tensio        -1.452354        -1.742636        0.2902824         1.000000        -1.452354        -1.742636        0.2902824        0.1575267         6.348129    
 ten14                tensio        -1.458668        -1.742636        0.2839678         1.000000        -1.458668        -1.742636        0.2839678        0.1575267         6.348129    
 ten15                tensio        -1.452354        -1.742636        0.2902824         1.000000        -1.452354        -1.742636        0.2902824        0.1575267         6.348129    
 ten16                tensio        -1.448909        -1.742636        0.2937267         1.000000        -1.448909        -1.742636        0.2937267        0.1575267         6.348129    
 ten17                tensio        -1.449483        -1.742636        0.2931526         1.000000        -1.449483        -1.742636        0.2931526        0.1575267         6.348129    
 ten18                tensio        -1.430540        -1.742636        0.3120964         1.000000        -1.430540        -1.742636        0.3120964        0.1575267         6.348129    
 ten19                tensio        -1.404133        -1.742636        0.3385028         1.000000        -1.404133        -1.742636        0.3385028        0.1575267         6.348129    
 ten20                tensio        -1.320321        -1.742636        0.4223145         1.000000        -1.320321        -1.742636        0.4223145        0.1575267         6.348129    
 ten21                tensio        -1.060276        -1.111997        5.1721455E-02     1.000000        -1.060276        -1.111997        5.1721455E-02    0.1575267         6.348129    
 ten22                tensio       -0.7824340       -0.9842560        0.2018220         1.000000       -0.7824340       -0.9842560        0.2018220        0.1575267         6.348129    
 ten23                tensio       -0.7169920       -0.9275890        0.2105970         1.000000       -0.7169920       -0.9275890        0.2105970        0.1575267         6.348129    
 ten24                tensio       -0.7112514       -0.9275890        0.2163376         1.000000       -0.7112514       -0.9275890        0.2163376        0.1575267         6.348129    
 ten25                tensio       -0.7123995       -0.9275890        0.2151895         1.000000       -0.7123995       -0.9275890        0.2151895        0.1575267         6.348129    
 ten26                tensio       -0.7152698       -0.9275890        0.2123192         1.000000       -0.7152698       -0.9275890        0.2123192        0.1575267         6.348129    
 ten27                tensio       -0.7169920       -0.9311570        0.2141650         1.000000       -0.7169920       -0.9311570        0.2141650        0.1575267         6.348129    
 ten28                tensio       -0.7307692       -0.9311570        0.2003878         1.000000       -0.7307692       -0.9311570        0.2003878        0.1575267         6.348129    
 ten29                tensio       -0.7669346       -0.9311570        0.1642224         1.000000       -0.7669346       -0.9311570        0.1642224        0.1575267         6.348129    
 ten30                tensio       -0.7887486       -0.9311570        0.1424084         1.000000       -0.7887486       -0.9311570        0.1424084        0.1575267         6.348129    
 ten31                tensio       -0.8088404       -0.9347540        0.1259136         1.000000       -0.8088404       -0.9347540        0.1259136        0.1575267         6.348129    
 ten32                tensio       -0.8283582       -0.9347540        0.1063958         1.000000       -0.8283582       -0.9347540        0.1063958        0.1575267         6.348129    
 ten33                tensio       -0.8467279       -0.9347540        8.8026101E-02     1.000000       -0.8467279       -0.9347540        8.8026101E-02    0.1575267         6.348129    
 ten34                tensio       -0.8639495       -0.9383800        7.4430517E-02     1.000000       -0.8639495       -0.9383800        7.4430517E-02    0.1575267         6.348129    
 ten35                tensio       -0.8828932       -0.9383800        5.5486774E-02     1.000000       -0.8828932       -0.9383800        5.5486774E-02    0.1575267         6.348129    
 ten36                tensio       -0.8960964       -0.9383800        4.2283559E-02     1.000000       -0.8960964       -0.9383800        4.2283559E-02    0.1575267         6.348129    
 ten37                tensio       -0.9064294       -0.9420340        3.5604608E-02     1.000000       -0.9064294       -0.9420340        3.5604608E-02    0.1575267         6.348129    
 ten38                tensio       -0.9173364       -0.9420340        2.4697605E-02     1.000000       -0.9173364       -0.9420340        2.4697605E-02    0.1575267         6.348129    
 ten39                tensio       -0.9282434       -0.9457170        1.7473602E-02     1.000000       -0.9282434       -0.9457170        1.7473602E-02    0.1575267         6.348129    
 ten40                tensio       -0.9380023       -0.9457170        7.7147038E-03     1.000000       -0.9380023       -0.9457170        7.7147038E-03    0.1575267         6.348129    
 ten41                tensio       -0.9477612       -0.9457170       -2.0441940E-03     1.000000       -0.9477612       -0.9457170       -2.0441940E-03    0.1575267         6.348129    
 ten42                tensio       -0.9552239       -0.9494310       -5.7928806E-03     1.000000       -0.9552239       -0.9494310       -5.7928806E-03    0.1575267         6.348129    
 ten43                tensio       -0.9632606       -0.9494310       -1.3829620E-02     1.000000       -0.9632606       -0.9494310       -1.3829620E-02    0.1575267         6.348129    
 ten44                tensio       -0.9712974       -0.9494310       -2.1866359E-02     1.000000       -0.9712974       -0.9494310       -2.1866359E-02    0.1575267         6.348129    
 ten45                tensio       -0.9799082       -0.9531740       -2.6734152E-02     1.000000       -0.9799082       -0.9531740       -2.6734152E-02    0.1575267         6.348129    
 ten46                tensio       -0.9862227       -0.9531740       -3.3048732E-02     1.000000       -0.9862227       -0.9531740       -3.3048732E-02    0.1575267         6.348129    
 ten47                tensio       -0.9936854       -0.9569480       -3.6737419E-02     1.000000       -0.9936854       -0.9569480       -3.6737419E-02    0.1575267         6.348129    
 ten48                tensio        -1.000574       -0.9569480       -4.3626053E-02     1.000000        -1.000574       -0.9569480       -4.3626053E-02    0.1575267         6.348129    
 ten49                tensio        -1.006889       -0.9607530       -4.6135634E-02     1.000000        -1.006889       -0.9607530       -4.6135634E-02    0.1575267         6.348129    
 ten50                tensio        -1.013203       -0.9607530       -5.2450215E-02     1.000000        -1.013203       -0.9607530       -5.2450215E-02    0.1575267         6.348129    
 ten51                tensio        -1.020092       -0.9645890       -5.5502848E-02     1.000000        -1.020092       -0.9645890       -5.5502848E-02    0.1575267         6.348129    
 ten52                tensio        -1.025832       -0.9723580       -5.3474377E-02     1.000000        -1.025832       -0.9723580       -5.3474377E-02    0.1575267         6.348129    
 ten53                tensio        -1.030999       -0.9802560       -5.0742852E-02     1.000000        -1.030999       -0.9802560       -5.0742852E-02    0.1575267         6.348129    
 ten54                tensio        -1.035591       -0.9882890       -4.7302274E-02     1.000000        -1.035591       -0.9882890       -4.7302274E-02    0.1575267         6.348129    
 ten55                tensio        -1.039610       -0.9964600       -4.3149644E-02     1.000000        -1.039610       -0.9964600       -4.3149644E-02    0.1575267         6.348129    
 ten56                tensio        -1.044202        -1.000598       -4.3604067E-02     1.000000        -1.044202        -1.000598       -4.3604067E-02    0.1575267         6.348129    
 ten57                tensio        -1.049943        -1.008983       -4.0959595E-02     1.000000        -1.049943        -1.008983       -4.0959595E-02    0.1575267         6.348129    
 ten58                tensio        -1.052813        -1.013230       -3.9582859E-02     1.000000        -1.052813        -1.013230       -3.9582859E-02    0.1575267         6.348129    
 ten59                tensio        -1.056257        -1.021838       -3.4419176E-02     1.000000        -1.056257        -1.021838       -3.4419176E-02    0.1575267         6.348129    
 ten60                tensio        -1.060850        -1.026200       -3.4649598E-02     1.000000        -1.060850        -1.026200       -3.4649598E-02    0.1575267         6.348129    
 ten61                tensio        -1.063720        -1.035041       -2.8678862E-02     1.000000        -1.063720        -1.035041       -2.8678862E-02    0.1575267         6.348129    
 ten62                tensio        -1.068312        -1.039521       -2.8791285E-02     1.000000        -1.068312        -1.039521       -2.8791285E-02    0.1575267         6.348129    
 ten63                tensio        -1.072331        -1.048606       -2.3724654E-02     1.000000        -1.072331        -1.048606       -2.3724654E-02    0.1575267         6.348129    
 ten64                tensio        -1.075775        -1.053211       -2.2563971E-02     1.000000        -1.075775        -1.053211       -2.2563971E-02    0.1575267         6.348129    
 ten65                tensio        -1.078071        -1.057859       -2.0212183E-02     1.000000        -1.078071        -1.057859       -2.0212183E-02    0.1575267         6.348129    
 ten66                tensio        -1.082090        -1.062550       -1.9539552E-02     1.000000        -1.082090        -1.062550       -1.9539552E-02    0.1575267         6.348129    
 ten67                tensio        -1.085534        -1.067285       -1.8248869E-02     1.000000        -1.085534        -1.067285       -1.8248869E-02    0.1575267         6.348129    
 ten68                tensio        -1.088404        -1.072065       -1.6339133E-02     1.000000        -1.088404        -1.072065       -1.6339133E-02    0.1575267         6.348129    
 ten69                tensio        -1.091274        -1.081761       -9.5133972E-03     1.000000        -1.091274        -1.081761       -9.5133972E-03    0.1575267         6.348129    
 ten70                tensio        -1.092423        -1.086679       -5.7435029E-03     1.000000        -1.092423        -1.086679       -5.7435029E-03    0.1575267         6.348129    
 ten71                tensio        -1.097015        -1.091645       -5.3699254E-03     1.000000        -1.097015        -1.091645       -5.3699254E-03    0.1575267         6.348129    
 ten72                tensio        -1.100459        -1.096659       -3.8002422E-03     1.000000        -1.100459        -1.096659       -3.8002422E-03    0.1575267         6.348129    
 ten73                tensio        -1.102181        -1.101722       -4.5940069E-04     1.000000        -1.102181        -1.101722       -4.5940069E-04    0.1575267         6.348129    
 ten74                tensio        -1.105052        -1.101722       -3.3296647E-03     1.000000        -1.105052        -1.101722       -3.3296647E-03    0.1575267         6.348129    
 ten75                tensio        -1.107348        -1.106834       -5.1387600E-04     1.000000        -1.107348        -1.106834       -5.1387600E-04    0.1575267         6.348129    
 ten76                tensio        -1.109644        -1.111997        2.3529127E-03     1.000000        -1.109644        -1.111997        2.3529127E-03    0.1575267         6.348129    
 ten77                tensio        -1.113088        -1.117212        4.1235959E-03     1.000000        -1.113088        -1.117212        4.1235959E-03    0.1575267         6.348129    
 ten78                tensio        -1.114237        -1.122479        8.2424902E-03     1.000000        -1.114237        -1.122479        8.2424902E-03    0.1575267         6.348129    
 ten79                tensio        -1.117107        -1.127798        1.0691226E-02     1.000000        -1.117107        -1.127798        1.0691226E-02    0.1575267         6.348129    
 ten80                tensio        -1.120551        -1.133172        1.2620909E-02     1.000000        -1.120551        -1.133172        1.2620909E-02    0.1575267         6.348129    
 ten81                tensio        -1.122847        -1.133172        1.0324698E-02     1.000000        -1.122847        -1.133172        1.0324698E-02    0.1575267         6.348129    
 ten82                tensio        -1.125144        -1.138600        1.3456487E-02     1.000000        -1.125144        -1.138600        1.3456487E-02    0.1575267         6.348129    
 ten83                tensio        -1.128014        -1.144085        1.6071223E-02     1.000000        -1.128014        -1.144085        1.6071223E-02    0.1575267         6.348129    
 ten84                tensio        -1.130310        -1.149625        1.9315011E-02     1.000000        -1.130310        -1.149625        1.9315011E-02    0.1575267         6.348129    
 ten85                tensio        -1.131458        -1.149625        1.8166906E-02     1.000000        -1.131458        -1.149625        1.8166906E-02    0.1575267         6.348129    
 ten86                tensio        -1.135476        -1.155224        1.9747536E-02     1.000000        -1.135476        -1.155224        1.9747536E-02    0.1575267         6.348129    
 ten87                tensio        -1.137199        -1.160881        2.3682378E-02     1.000000        -1.137199        -1.160881        2.3682378E-02    0.1575267         6.348129    
 ten88                tensio        -1.137773        -1.160881        2.3108325E-02     1.000000        -1.137773        -1.160881        2.3108325E-02    0.1575267         6.348129    
 ten89                tensio        -1.139495        -1.166597        2.7102166E-02     1.000000        -1.139495        -1.166597        2.7102166E-02    0.1575267         6.348129    
 ten90                tensio        -1.142939        -1.172374        2.9434850E-02     1.000000        -1.142939        -1.172374        2.9434850E-02    0.1575267         6.348129    
 ten91                tensio        -1.144661        -1.172374        2.7712691E-02     1.000000        -1.144661        -1.172374        2.7712691E-02    0.1575267         6.348129    
 ten92                tensio        -1.146958        -1.178212        3.1254480E-02     1.000000        -1.146958        -1.178212        3.1254480E-02    0.1575267         6.348129    
 ten93                tensio        -1.148106        -1.184114        3.6008374E-02     1.000000        -1.148106        -1.184114        3.6008374E-02    0.1575267         6.348129    
 ten94                tensio        -1.150402        -1.184114        3.3712163E-02     1.000000        -1.150402        -1.184114        3.3712163E-02    0.1575267         6.348129    
 ten95                tensio        -1.157290        -1.190078        3.2787529E-02     1.000000        -1.157290        -1.190078        3.2787529E-02    0.1575267         6.348129    
 ten96                tensio        -1.153846        -1.190078        3.6231846E-02     1.000000        -1.153846        -1.190078        3.6231846E-02    0.1575267         6.348129    
