 Name                 Group          Measured         Modelled         Residual         Weight       Weight*Measured    Weight*Modelled  Weight*Residual  Measurement_sd   Natural_weight
 ten1                 tensio        -1.464409        -1.753169        0.2887603         1.000000        -1.464409        -1.753169        0.2887603        0.1809578         5.526149    
 ten2                 tensio        -1.460964        -1.753169        0.2922046         1.000000        -1.460964        -1.753169        0.2922046        0.1809578         5.526149    
 ten3                 tensio        -1.458668        -1.753169        0.2945008         1.000000        -1.458668        -1.753169        0.2945008        0.1809578         5.526149    
 ten4                 tensio        -1.459816        -1.753169        0.2933527         1.000000        -1.459816        -1.753169        0.2933527        0.1809578         5.526149    
 ten5                 tensio        -1.456946        -1.753169        0.2962230         1.000000        -1.456946        -1.753169        0.2962230        0.1809578         5.526149    
 ten6                 tensio        -1.461538        -1.753169        0.2916305         1.000000        -1.461538        -1.753169        0.2916305        0.1809578         5.526149    
 ten7                 tensio        -1.460390        -1.753169        0.2927786         1.000000        -1.460390        -1.753169        0.2927786        0.1809578         5.526149    
 ten8                 tensio        -1.458668        -1.753169        0.2945008         1.000000        -1.458668        -1.753169        0.2945008        0.1809578         5.526149    
 ten9                 tensio        -1.462113        -1.753169        0.2910565         1.000000        -1.462113        -1.753169        0.2910565        0.1809578         5.526149    
 ten10                tensio        -1.453502        -1.753169        0.2996673         1.000000        -1.453502        -1.753169        0.2996673        0.1809578         5.526149    
 ten11                tensio        -1.454076        -1.753169        0.2990932         1.000000        -1.454076        -1.753169        0.2990932        0.1809578         5.526149    
 ten12                tensio        -1.451780        -1.753169        0.3013894         1.000000        -1.451780        -1.753169        0.3013894        0.1809578         5.526149    
 ten13                tensio        -1.452354        -1.753169        0.3008154         1.000000        -1.452354        -1.753169        0.3008154        0.1809578         5.526149    
 ten14                tensio        -1.458668        -1.753169        0.2945008         1.000000        -1.458668        -1.753169        0.2945008        0.1809578         5.526149    
 ten15                tensio        -1.452354        -1.753169        0.3008154         1.000000        -1.452354        -1.753169        0.3008154        0.1809578         5.526149    
 ten16                tensio        -1.448909        -1.753169        0.3042597         1.000000        -1.448909        -1.753169        0.3042597        0.1809578         5.526149    
 ten17                tensio        -1.449483        -1.753169        0.3036856         1.000000        -1.449483        -1.753169        0.3036856        0.1809578         5.526149    
 ten18                tensio        -1.430540        -1.753169        0.3226294         1.000000        -1.430540        -1.753169        0.3226294        0.1809578         5.526149    
 ten19                tensio        -1.404133        -1.753169        0.3490358         1.000000        -1.404133        -1.753169        0.3490358        0.1809578         5.526149    
 ten20                tensio        -1.320321        -1.753169        0.4328475         1.000000        -1.320321        -1.753169        0.4328475        0.1809578         5.526149    
 ten21                tensio        -1.060276        -1.138210        7.7934455E-02     1.000000        -1.060276        -1.138210        7.7934455E-02    0.1809578         5.526149    
 ten22                tensio       -0.7824340        -1.042325        0.2598910         1.000000       -0.7824340        -1.042325        0.2598910        0.1809578         5.526149    
 ten23                tensio       -0.7169920       -0.9911520        0.2741600         1.000000       -0.7169920       -0.9911520        0.2741600        0.1809578         5.526149    
 ten24                tensio       -0.7112514       -0.9911520        0.2799006         1.000000       -0.7112514       -0.9911520        0.2799006        0.1809578         5.526149    
 ten25                tensio       -0.7123995       -0.9911520        0.2787525         1.000000       -0.7123995       -0.9911520        0.2787525        0.1809578         5.526149    
 ten26                tensio       -0.7152698       -0.9911520        0.2758822         1.000000       -0.7152698       -0.9911520        0.2758822        0.1809578         5.526149    
 ten27                tensio       -0.7169920       -0.9948990        0.2779070         1.000000       -0.7169920       -0.9948990        0.2779070        0.1809578         5.526149    
 ten28                tensio       -0.7307692       -0.9948990        0.2641298         1.000000       -0.7307692       -0.9948990        0.2641298        0.1809578         5.526149    
 ten29                tensio       -0.7669346       -0.9948990        0.2279644         1.000000       -0.7669346       -0.9948990        0.2279644        0.1809578         5.526149    
 ten30                tensio       -0.7887486       -0.9986750        0.2099264         1.000000       -0.7887486       -0.9986750        0.2099264        0.1809578         5.526149    
 ten31                tensio       -0.8088404       -0.9986750        0.1898346         1.000000       -0.8088404       -0.9986750        0.1898346        0.1809578         5.526149    
 ten32                tensio       -0.8283582       -0.9986750        0.1703168         1.000000       -0.8283582       -0.9986750        0.1703168        0.1809578         5.526149    
 ten33                tensio       -0.8467279        -1.002482        0.1557541         1.000000       -0.8467279        -1.002482        0.1557541        0.1809578         5.526149    
 ten34                tensio       -0.8639495        -1.002482        0.1385325         1.000000       -0.8639495        -1.002482        0.1385325        0.1809578         5.526149    
 ten35                tensio       -0.8828932        -1.002482        0.1195888         1.000000       -0.8828932        -1.002482        0.1195888        0.1809578         5.526149    
 ten36                tensio       -0.8960964        -1.006320        0.1102236         1.000000       -0.8960964        -1.006320        0.1102236        0.1809578         5.526149    
 ten37                tensio       -0.9064294        -1.006320        9.9890608E-02     1.000000       -0.9064294        -1.006320        9.9890608E-02    0.1809578         5.526149    
 ten38                tensio       -0.9173364        -1.006320        8.8983605E-02     1.000000       -0.9173364        -1.006320        8.8983605E-02    0.1809578         5.526149    
 ten39                tensio       -0.9282434        -1.010190        8.1946602E-02     1.000000       -0.9282434        -1.010190        8.1946602E-02    0.1809578         5.526149    
 ten40                tensio       -0.9380023        -1.010190        7.2187704E-02     1.000000       -0.9380023        -1.010190        7.2187704E-02    0.1809578         5.526149    
 ten41                tensio       -0.9477612        -1.010190        6.2428806E-02     1.000000       -0.9477612        -1.010190        6.2428806E-02    0.1809578         5.526149    
 ten42                tensio       -0.9552239        -1.014091        5.8867119E-02     1.000000       -0.9552239        -1.014091        5.8867119E-02    0.1809578         5.526149    
 ten43                tensio       -0.9632606        -1.014091        5.0830380E-02     1.000000       -0.9632606        -1.014091        5.0830380E-02    0.1809578         5.526149    
 ten44                tensio       -0.9712974        -1.018024        4.6726641E-02     1.000000       -0.9712974        -1.018024        4.6726641E-02    0.1809578         5.526149    
 ten45                tensio       -0.9799082        -1.018024        3.8115848E-02     1.000000       -0.9799082        -1.018024        3.8115848E-02    0.1809578         5.526149    
 ten46                tensio       -0.9862227        -1.018024        3.1801268E-02     1.000000       -0.9862227        -1.018024        3.1801268E-02    0.1809578         5.526149    
 ten47                tensio       -0.9936854        -1.021990        2.8304581E-02     1.000000       -0.9936854        -1.021990        2.8304581E-02    0.1809578         5.526149    
 ten48                tensio        -1.000574        -1.021990        2.1415947E-02     1.000000        -1.000574        -1.021990        2.1415947E-02    0.1809578         5.526149    
 ten49                tensio        -1.006889        -1.025989        1.9100366E-02     1.000000        -1.006889        -1.025989        1.9100366E-02    0.1809578         5.526149    
 ten50                tensio        -1.013203        -1.025989        1.2785785E-02     1.000000        -1.013203        -1.025989        1.2785785E-02    0.1809578         5.526149    
 ten51                tensio        -1.020092        -1.030021        9.9291516E-03     1.000000        -1.020092        -1.030021        9.9291516E-03    0.1809578         5.526149    
 ten52                tensio        -1.025832        -1.038189        1.2356623E-02     1.000000        -1.025832        -1.038189        1.2356623E-02    0.1809578         5.526149    
 ten53                tensio        -1.030999        -1.046496        1.5497148E-02     1.000000        -1.030999        -1.046496        1.5497148E-02    0.1809578         5.526149    
 ten54                tensio        -1.035591        -1.054947        1.9355726E-02     1.000000        -1.035591        -1.054947        1.9355726E-02    0.1809578         5.526149    
 ten55                tensio        -1.039610        -1.063545        2.3935356E-02     1.000000        -1.039610        -1.063545        2.3935356E-02    0.1809578         5.526149    
 ten56                tensio        -1.044202        -1.067902        2.3699933E-02     1.000000        -1.044202        -1.067902        2.3699933E-02    0.1809578         5.526149    
 ten57                tensio        -1.049943        -1.076730        2.6787405E-02     1.000000        -1.049943        -1.076730        2.6787405E-02    0.1809578         5.526149    
 ten58                tensio        -1.052813        -1.085718        3.2905141E-02     1.000000        -1.052813        -1.085718        3.2905141E-02    0.1809578         5.526149    
 ten59                tensio        -1.056257        -1.090272        3.4014824E-02     1.000000        -1.056257        -1.090272        3.4014824E-02    0.1809578         5.526149    
 ten60                tensio        -1.060850        -1.094869        3.4019402E-02     1.000000        -1.060850        -1.094869        3.4019402E-02    0.1809578         5.526149    
 ten61                tensio        -1.063720        -1.104188        4.0468138E-02     1.000000        -1.063720        -1.104188        4.0468138E-02    0.1809578         5.526149    
 ten62                tensio        -1.068312        -1.108913        4.0600715E-02     1.000000        -1.068312        -1.108913        4.0600715E-02    0.1809578         5.526149    
 ten63                tensio        -1.072331        -1.113682        4.1351346E-02     1.000000        -1.072331        -1.113682        4.1351346E-02    0.1809578         5.526149    
 ten64                tensio        -1.075775        -1.123354        4.7579029E-02     1.000000        -1.075775        -1.123354        4.7579029E-02    0.1809578         5.526149    
 ten65                tensio        -1.078071        -1.128259        5.0187817E-02     1.000000        -1.078071        -1.128259        5.0187817E-02    0.1809578         5.526149    
 ten66                tensio        -1.082090        -1.133211        5.1121448E-02     1.000000        -1.082090        -1.133211        5.1121448E-02    0.1809578         5.526149    
 ten67                tensio        -1.085534        -1.138210        5.2676131E-02     1.000000        -1.085534        -1.138210        5.2676131E-02    0.1809578         5.526149    
 ten68                tensio        -1.088404        -1.143258        5.4853867E-02     1.000000        -1.088404        -1.143258        5.4853867E-02    0.1809578         5.526149    
 ten69                tensio        -1.091274        -1.148355        5.7080603E-02     1.000000        -1.091274        -1.148355        5.7080603E-02    0.1809578         5.526149    
 ten70                tensio        -1.092423        -1.153501        6.1078497E-02     1.000000        -1.092423        -1.153501        6.1078497E-02    0.1809578         5.526149    
 ten71                tensio        -1.097015        -1.158699        6.1684075E-02     1.000000        -1.097015        -1.158699        6.1684075E-02    0.1809578         5.526149    
 ten72                tensio        -1.100459        -1.163948        6.3488758E-02     1.000000        -1.100459        -1.163948        6.3488758E-02    0.1809578         5.526149    
 ten73                tensio        -1.102181        -1.169249        6.7067599E-02     1.000000        -1.102181        -1.169249        6.7067599E-02    0.1809578         5.526149    
 ten74                tensio        -1.105052        -1.174603        6.9551335E-02     1.000000        -1.105052        -1.174603        6.9551335E-02    0.1809578         5.526149    
 ten75                tensio        -1.107348        -1.180012        7.2664124E-02     1.000000        -1.107348        -1.180012        7.2664124E-02    0.1809578         5.526149    
 ten76                tensio        -1.109644        -1.185475        7.5830913E-02     1.000000        -1.109644        -1.185475        7.5830913E-02    0.1809578         5.526149    
 ten77                tensio        -1.113088        -1.190994        7.7905596E-02     1.000000        -1.113088        -1.190994        7.7905596E-02    0.1809578         5.526149    
 ten78                tensio        -1.114237        -1.190994        7.6757490E-02     1.000000        -1.114237        -1.190994        7.6757490E-02    0.1809578         5.526149    
 ten79                tensio        -1.117107        -1.196570        7.9463226E-02     1.000000        -1.117107        -1.196570        7.9463226E-02    0.1809578         5.526149    
 ten80                tensio        -1.120551        -1.202204        8.1652909E-02     1.000000        -1.120551        -1.202204        8.1652909E-02    0.1809578         5.526149    
 ten81                tensio        -1.122847        -1.207896        8.5048698E-02     1.000000        -1.122847        -1.207896        8.5048698E-02    0.1809578         5.526149    
 ten82                tensio        -1.125144        -1.207896        8.2752487E-02     1.000000        -1.125144        -1.207896        8.2752487E-02    0.1809578         5.526149    
 ten83                tensio        -1.128014        -1.213649        8.5635223E-02     1.000000        -1.128014        -1.213649        8.5635223E-02    0.1809578         5.526149    
 ten84                tensio        -1.130310        -1.219461        8.9151011E-02     1.000000        -1.130310        -1.219461        8.9151011E-02    0.1809578         5.526149    
 ten85                tensio        -1.131458        -1.225336        9.3877906E-02     1.000000        -1.131458        -1.225336        9.3877906E-02    0.1809578         5.526149    
 ten86                tensio        -1.135476        -1.225336        8.9859536E-02     1.000000        -1.135476        -1.225336        8.9859536E-02    0.1809578         5.526149    
 ten87                tensio        -1.137199        -1.231274        9.4075378E-02     1.000000        -1.137199        -1.231274        9.4075378E-02    0.1809578         5.526149    
 ten88                tensio        -1.137773        -1.237275        9.9502325E-02     1.000000        -1.137773        -1.237275        9.9502325E-02    0.1809578         5.526149    
 ten89                tensio        -1.139495        -1.237275        9.7780166E-02     1.000000        -1.139495        -1.237275        9.7780166E-02    0.1809578         5.526149    
 ten90                tensio        -1.142939        -1.243342        0.1004028         1.000000        -1.142939        -1.243342        0.1004028        0.1809578         5.526149    
 ten91                tensio        -1.144661        -1.243342        9.8680691E-02     1.000000        -1.144661        -1.243342        9.8680691E-02    0.1809578         5.526149    
 ten92                tensio        -1.146958        -1.249474        0.1025165         1.000000        -1.146958        -1.249474        0.1025165        0.1809578         5.526149    
 ten93                tensio        -1.148106        -1.255674        0.1075684         1.000000        -1.148106        -1.255674        0.1075684        0.1809578         5.526149    
 ten94                tensio        -1.150402        -1.255674        0.1052722         1.000000        -1.150402        -1.255674        0.1052722        0.1809578         5.526149    
 ten95                tensio        -1.157290        -1.261943        0.1046525         1.000000        -1.157290        -1.261943        0.1046525        0.1809578         5.526149    
 ten96                tensio        -1.153846        -1.261943        0.1080968         1.000000        -1.153846        -1.261943        0.1080968        0.1809578         5.526149    
