 Name                 Group          Measured         Modelled         Residual         Weight       Weight*Measured    Weight*Modelled  Weight*Residual  Measurement_sd   Natural_weight
 ten1                 tensio        -1.464409        -1.752727        0.2883183         1.000000        -1.464409        -1.752727        0.2883183        0.1762221         5.674656    
 ten2                 tensio        -1.460964        -1.752727        0.2917626         1.000000        -1.460964        -1.752727        0.2917626        0.1762221         5.674656    
 ten3                 tensio        -1.458668        -1.752727        0.2940588         1.000000        -1.458668        -1.752727        0.2940588        0.1762221         5.674656    
 ten4                 tensio        -1.459816        -1.752727        0.2929107         1.000000        -1.459816        -1.752727        0.2929107        0.1762221         5.674656    
 ten5                 tensio        -1.456946        -1.752727        0.2957810         1.000000        -1.456946        -1.752727        0.2957810        0.1762221         5.674656    
 ten6                 tensio        -1.461538        -1.752727        0.2911885         1.000000        -1.461538        -1.752727        0.2911885        0.1762221         5.674656    
 ten7                 tensio        -1.460390        -1.752727        0.2923366         1.000000        -1.460390        -1.752727        0.2923366        0.1762221         5.674656    
 ten8                 tensio        -1.458668        -1.752727        0.2940588         1.000000        -1.458668        -1.752727        0.2940588        0.1762221         5.674656    
 ten9                 tensio        -1.462113        -1.752727        0.2906145         1.000000        -1.462113        -1.752727        0.2906145        0.1762221         5.674656    
 ten10                tensio        -1.453502        -1.752727        0.2992253         1.000000        -1.453502        -1.752727        0.2992253        0.1762221         5.674656    
 ten11                tensio        -1.454076        -1.752727        0.2986512         1.000000        -1.454076        -1.752727        0.2986512        0.1762221         5.674656    
 ten12                tensio        -1.451780        -1.752727        0.3009474         1.000000        -1.451780        -1.752727        0.3009474        0.1762221         5.674656    
 ten13                tensio        -1.452354        -1.752727        0.3003734         1.000000        -1.452354        -1.752727        0.3003734        0.1762221         5.674656    
 ten14                tensio        -1.458668        -1.752727        0.2940588         1.000000        -1.458668        -1.752727        0.2940588        0.1762221         5.674656    
 ten15                tensio        -1.452354        -1.752727        0.3003734         1.000000        -1.452354        -1.752727        0.3003734        0.1762221         5.674656    
 ten16                tensio        -1.448909        -1.752727        0.3038177         1.000000        -1.448909        -1.752727        0.3038177        0.1762221         5.674656    
 ten17                tensio        -1.449483        -1.752727        0.3032436         1.000000        -1.449483        -1.752727        0.3032436        0.1762221         5.674656    
 ten18                tensio        -1.430540        -1.752727        0.3221874         1.000000        -1.430540        -1.752727        0.3221874        0.1762221         5.674656    
 ten19                tensio        -1.404133        -1.752727        0.3485938         1.000000        -1.404133        -1.752727        0.3485938        0.1762221         5.674656    
 ten20                tensio        -1.320321        -1.752727        0.4324055         1.000000        -1.320321        -1.752727        0.4324055        0.1762221         5.674656    
 ten21                tensio        -1.060276        -1.134150        7.3874455E-02     1.000000        -1.060276        -1.134150        7.3874455E-02    0.1762221         5.674656    
 ten22                tensio       -0.7824340        -1.033773        0.2513390         1.000000       -0.7824340        -1.033773        0.2513390        0.1762221         5.674656    
 ten23                tensio       -0.7169920       -0.9791720        0.2621800         1.000000       -0.7169920       -0.9791720        0.2621800        0.1762221         5.674656    
 ten24                tensio       -0.7112514       -0.9791720        0.2679206         1.000000       -0.7112514       -0.9791720        0.2679206        0.1762221         5.674656    
 ten25                tensio       -0.7123995       -0.9791720        0.2667725         1.000000       -0.7123995       -0.9791720        0.2667725        0.1762221         5.674656    
 ten26                tensio       -0.7152698       -0.9791720        0.2639022         1.000000       -0.7152698       -0.9791720        0.2639022        0.1762221         5.674656    
 ten27                tensio       -0.7169920       -0.9828700        0.2658780         1.000000       -0.7169920       -0.9828700        0.2658780        0.1762221         5.674656    
 ten28                tensio       -0.7307692       -0.9828700        0.2521008         1.000000       -0.7307692       -0.9828700        0.2521008        0.1762221         5.674656    
 ten29                tensio       -0.7669346       -0.9828700        0.2159354         1.000000       -0.7669346       -0.9828700        0.2159354        0.1762221         5.674656    
 ten30                tensio       -0.7887486       -0.9865970        0.1978484         1.000000       -0.7887486       -0.9865970        0.1978484        0.1762221         5.674656    
 ten31                tensio       -0.8088404       -0.9865970        0.1777566         1.000000       -0.8088404       -0.9865970        0.1777566        0.1762221         5.674656    
 ten32                tensio       -0.8283582       -0.9865970        0.1582388         1.000000       -0.8283582       -0.9865970        0.1582388        0.1762221         5.674656    
 ten33                tensio       -0.8467279       -0.9903540        0.1436261         1.000000       -0.8467279       -0.9903540        0.1436261        0.1762221         5.674656    
 ten34                tensio       -0.8639495       -0.9903540        0.1264045         1.000000       -0.8639495       -0.9903540        0.1264045        0.1762221         5.674656    
 ten35                tensio       -0.8828932       -0.9903540        0.1074608         1.000000       -0.8828932       -0.9903540        0.1074608        0.1762221         5.674656    
 ten36                tensio       -0.8960964       -0.9941410        9.8044559E-02     1.000000       -0.8960964       -0.9941410        9.8044559E-02    0.1762221         5.674656    
 ten37                tensio       -0.9064294       -0.9941410        8.7711608E-02     1.000000       -0.9064294       -0.9941410        8.7711608E-02    0.1762221         5.674656    
 ten38                tensio       -0.9173364       -0.9941410        7.6804605E-02     1.000000       -0.9173364       -0.9941410        7.6804605E-02    0.1762221         5.674656    
 ten39                tensio       -0.9282434       -0.9979590        6.9715602E-02     1.000000       -0.9282434       -0.9979590        6.9715602E-02    0.1762221         5.674656    
 ten40                tensio       -0.9380023       -0.9979590        5.9956704E-02     1.000000       -0.9380023       -0.9979590        5.9956704E-02    0.1762221         5.674656    
 ten41                tensio       -0.9477612       -0.9979590        5.0197806E-02     1.000000       -0.9477612       -0.9979590        5.0197806E-02    0.1762221         5.674656    
 ten42                tensio       -0.9552239        -1.001808        4.6584119E-02     1.000000       -0.9552239        -1.001808        4.6584119E-02    0.1762221         5.674656    
 ten43                tensio       -0.9632606        -1.001808        3.8547380E-02     1.000000       -0.9632606        -1.001808        3.8547380E-02    0.1762221         5.674656    
 ten44                tensio       -0.9712974        -1.005688        3.4390641E-02     1.000000       -0.9712974        -1.005688        3.4390641E-02    0.1762221         5.674656    
 ten45                tensio       -0.9799082        -1.005688        2.5779848E-02     1.000000       -0.9799082        -1.005688        2.5779848E-02    0.1762221         5.674656    
 ten46                tensio       -0.9862227        -1.009601        2.3378268E-02     1.000000       -0.9862227        -1.009601        2.3378268E-02    0.1762221         5.674656    
 ten47                tensio       -0.9936854        -1.009601        1.5915581E-02     1.000000       -0.9936854        -1.009601        1.5915581E-02    0.1762221         5.674656    
 ten48                tensio        -1.000574        -1.009601        9.0269472E-03     1.000000        -1.000574        -1.009601        9.0269472E-03    0.1762221         5.674656    
 ten49                tensio        -1.006889        -1.013546        6.6573663E-03     1.000000        -1.006889        -1.013546        6.6573663E-03    0.1762221         5.674656    
 ten50                tensio        -1.013203        -1.013546        3.4278530E-04     1.000000        -1.013203        -1.013546        3.4278530E-04    0.1762221         5.674656    
 ten51                tensio        -1.020092        -1.021535        1.4431516E-03     1.000000        -1.020092        -1.021535        1.4431516E-03    0.1762221         5.674656    
 ten52                tensio        -1.025832        -1.029659        3.8266234E-03     1.000000        -1.025832        -1.029659        3.8266234E-03    0.1762221         5.674656    
 ten53                tensio        -1.030999        -1.037922        6.9231481E-03     1.000000        -1.030999        -1.037922        6.9231481E-03    0.1762221         5.674656    
 ten54                tensio        -1.035591        -1.046328        1.0736726E-02     1.000000        -1.035591        -1.046328        1.0736726E-02    0.1762221         5.674656    
 ten55                tensio        -1.039610        -1.050585        1.0975356E-02     1.000000        -1.039610        -1.050585        1.0975356E-02    0.1762221         5.674656    
 ten56                tensio        -1.044202        -1.059213        1.5010933E-02     1.000000        -1.044202        -1.059213        1.5010933E-02    0.1762221         5.674656    
 ten57                tensio        -1.049943        -1.067993        1.8050405E-02     1.000000        -1.049943        -1.067993        1.8050405E-02    0.1762221         5.674656    
 ten58                tensio        -1.052813        -1.072442        1.9629141E-02     1.000000        -1.052813        -1.072442        1.9629141E-02    0.1762221         5.674656    
 ten59                tensio        -1.056257        -1.081461        2.5203824E-02     1.000000        -1.056257        -1.081461        2.5203824E-02    0.1762221         5.674656    
 ten60                tensio        -1.060850        -1.086032        2.5182402E-02     1.000000        -1.060850        -1.086032        2.5182402E-02    0.1762221         5.674656    
 ten61                tensio        -1.063720        -1.095301        3.1581138E-02     1.000000        -1.063720        -1.095301        3.1581138E-02    0.1762221         5.674656    
 ten62                tensio        -1.068312        -1.099999        3.1686715E-02     1.000000        -1.068312        -1.099999        3.1686715E-02    0.1762221         5.674656    
 ten63                tensio        -1.072331        -1.104741        3.2410346E-02     1.000000        -1.072331        -1.104741        3.2410346E-02    0.1762221         5.674656    
 ten64                tensio        -1.075775        -1.109527        3.3752029E-02     1.000000        -1.075775        -1.109527        3.3752029E-02    0.1762221         5.674656    
 ten65                tensio        -1.078071        -1.119236        4.1164817E-02     1.000000        -1.078071        -1.119236        4.1164817E-02    0.1762221         5.674656    
 ten66                tensio        -1.082090        -1.124160        4.2070448E-02     1.000000        -1.082090        -1.124160        4.2070448E-02    0.1762221         5.674656    
 ten67                tensio        -1.085534        -1.129131        4.3597131E-02     1.000000        -1.085534        -1.129131        4.3597131E-02    0.1762221         5.674656    
 ten68                tensio        -1.088404        -1.134150        4.5745867E-02     1.000000        -1.088404        -1.134150        4.5745867E-02    0.1762221         5.674656    
 ten69                tensio        -1.091274        -1.139218        4.7943603E-02     1.000000        -1.091274        -1.139218        4.7943603E-02    0.1762221         5.674656    
 ten70                tensio        -1.092423        -1.144335        5.1912497E-02     1.000000        -1.092423        -1.144335        5.1912497E-02    0.1762221         5.674656    
 ten71                tensio        -1.097015        -1.149503        5.2488075E-02     1.000000        -1.097015        -1.149503        5.2488075E-02    0.1762221         5.674656    
 ten72                tensio        -1.100459        -1.154721        5.4261758E-02     1.000000        -1.100459        -1.154721        5.4261758E-02    0.1762221         5.674656    
 ten73                tensio        -1.102181        -1.159992        5.7810599E-02     1.000000        -1.102181        -1.159992        5.7810599E-02    0.1762221         5.674656    
 ten74                tensio        -1.105052        -1.165315        6.0263335E-02     1.000000        -1.105052        -1.165315        6.0263335E-02    0.1762221         5.674656    
 ten75                tensio        -1.107348        -1.170692        6.3344124E-02     1.000000        -1.107348        -1.170692        6.3344124E-02    0.1762221         5.674656    
 ten76                tensio        -1.109644        -1.176123        6.6478913E-02     1.000000        -1.109644        -1.176123        6.6478913E-02    0.1762221         5.674656    
 ten77                tensio        -1.113088        -1.176123        6.3034596E-02     1.000000        -1.113088        -1.176123        6.3034596E-02    0.1762221         5.674656    
 ten78                tensio        -1.114237        -1.181610        6.7373490E-02     1.000000        -1.114237        -1.181610        6.7373490E-02    0.1762221         5.674656    
 ten79                tensio        -1.117107        -1.187153        7.0046226E-02     1.000000        -1.117107        -1.187153        7.0046226E-02    0.1762221         5.674656    
 ten80                tensio        -1.120551        -1.192753        7.2201909E-02     1.000000        -1.120551        -1.192753        7.2201909E-02    0.1762221         5.674656    
 ten81                tensio        -1.122847        -1.198411        7.5563698E-02     1.000000        -1.122847        -1.198411        7.5563698E-02    0.1762221         5.674656    
 ten82                tensio        -1.125144        -1.198411        7.3267487E-02     1.000000        -1.125144        -1.198411        7.3267487E-02    0.1762221         5.674656    
 ten83                tensio        -1.128014        -1.204129        7.6115223E-02     1.000000        -1.128014        -1.204129        7.6115223E-02    0.1762221         5.674656    
 ten84                tensio        -1.130310        -1.209907        7.9597011E-02     1.000000        -1.130310        -1.209907        7.9597011E-02    0.1762221         5.674656    
 ten85                tensio        -1.131458        -1.209907        7.8448906E-02     1.000000        -1.131458        -1.209907        7.8448906E-02    0.1762221         5.674656    
 ten86                tensio        -1.135476        -1.215746        8.0269536E-02     1.000000        -1.135476        -1.215746        8.0269536E-02    0.1762221         5.674656    
 ten87                tensio        -1.137199        -1.221647        8.4448378E-02     1.000000        -1.137199        -1.221647        8.4448378E-02    0.1762221         5.674656    
 ten88                tensio        -1.137773        -1.221647        8.3874325E-02     1.000000        -1.137773        -1.221647        8.3874325E-02    0.1762221         5.674656    
 ten89                tensio        -1.139495        -1.227612        8.8117166E-02     1.000000        -1.139495        -1.227612        8.8117166E-02    0.1762221         5.674656    
 ten90                tensio        -1.142939        -1.233641        9.0701850E-02     1.000000        -1.142939        -1.233641        9.0701850E-02    0.1762221         5.674656    
 ten91                tensio        -1.144661        -1.233641        8.8979691E-02     1.000000        -1.144661        -1.233641        8.8979691E-02    0.1762221         5.674656    
 ten92                tensio        -1.146958        -1.239736        9.2778480E-02     1.000000        -1.146958        -1.239736        9.2778480E-02    0.1762221         5.674656    
 ten93                tensio        -1.148106        -1.239736        9.1630374E-02     1.000000        -1.148106        -1.239736        9.1630374E-02    0.1762221         5.674656    
 ten94                tensio        -1.150402        -1.245898        9.5496163E-02     1.000000        -1.150402        -1.245898        9.5496163E-02    0.1762221         5.674656    
 ten95                tensio        -1.157290        -1.252127        9.4836529E-02     1.000000        -1.157290        -1.252127        9.4836529E-02    0.1762221         5.674656    
 ten96                tensio        -1.153846        -1.252127        9.8280846E-02     1.000000        -1.153846        -1.252127        9.8280846E-02    0.1762221         5.674656    
