 Name                 Group          Measured         Modelled         Residual         Weight       Weight*Measured    Weight*Modelled  Weight*Residual  Measurement_sd   Natural_weight
 ten1                 tensio        -1.464409        -1.745885        0.2814763         1.000000        -1.464409        -1.745885        0.2814763        0.1575503         6.347181    
 ten2                 tensio        -1.460964        -1.745885        0.2849206         1.000000        -1.460964        -1.745885        0.2849206        0.1575503         6.347181    
 ten3                 tensio        -1.458668        -1.745885        0.2872168         1.000000        -1.458668        -1.745885        0.2872168        0.1575503         6.347181    
 ten4                 tensio        -1.459816        -1.745885        0.2860687         1.000000        -1.459816        -1.745885        0.2860687        0.1575503         6.347181    
 ten5                 tensio        -1.456946        -1.745885        0.2889390         1.000000        -1.456946        -1.745885        0.2889390        0.1575503         6.347181    
 ten6                 tensio        -1.461538        -1.745885        0.2843465         1.000000        -1.461538        -1.745885        0.2843465        0.1575503         6.347181    
 ten7                 tensio        -1.460390        -1.745885        0.2854946         1.000000        -1.460390        -1.745885        0.2854946        0.1575503         6.347181    
 ten8                 tensio        -1.458668        -1.745885        0.2872168         1.000000        -1.458668        -1.745885        0.2872168        0.1575503         6.347181    
 ten9                 tensio        -1.462113        -1.745885        0.2837725         1.000000        -1.462113        -1.745885        0.2837725        0.1575503         6.347181    
 ten10                tensio        -1.453502        -1.745885        0.2923833         1.000000        -1.453502        -1.745885        0.2923833        0.1575503         6.347181    
 ten11                tensio        -1.454076        -1.745885        0.2918092         1.000000        -1.454076        -1.745885        0.2918092        0.1575503         6.347181    
 ten12                tensio        -1.451780        -1.745885        0.2941054         1.000000        -1.451780        -1.745885        0.2941054        0.1575503         6.347181    
 ten13                tensio        -1.452354        -1.745885        0.2935314         1.000000        -1.452354        -1.745885        0.2935314        0.1575503         6.347181    
 ten14                tensio        -1.458668        -1.745885        0.2872168         1.000000        -1.458668        -1.745885        0.2872168        0.1575503         6.347181    
 ten15                tensio        -1.452354        -1.745885        0.2935314         1.000000        -1.452354        -1.745885        0.2935314        0.1575503         6.347181    
 ten16                tensio        -1.448909        -1.745885        0.2969757         1.000000        -1.448909        -1.745885        0.2969757        0.1575503         6.347181    
 ten17                tensio        -1.449483        -1.745885        0.2964016         1.000000        -1.449483        -1.745885        0.2964016        0.1575503         6.347181    
 ten18                tensio        -1.430540        -1.745885        0.3153454         1.000000        -1.430540        -1.745885        0.3153454        0.1575503         6.347181    
 ten19                tensio        -1.404133        -1.745885        0.3417518         1.000000        -1.404133        -1.745885        0.3417518        0.1575503         6.347181    
 ten20                tensio        -1.320321        -1.745885        0.4255635         1.000000        -1.320321        -1.745885        0.4255635        0.1575503         6.347181    
 ten21                tensio        -1.060276        -1.106606        4.6330455E-02     1.000000        -1.060276        -1.106606        4.6330455E-02    0.1575503         6.347181    
 ten22                tensio       -0.7824340       -0.9697180        0.1872840         1.000000       -0.7824340       -0.9697180        0.1872840        0.1575503         6.347181    
 ten23                tensio       -0.7169920       -0.9135640        0.1965720         1.000000       -0.7169920       -0.9135640        0.1965720        0.1575503         6.347181    
 ten24                tensio       -0.7112514       -0.9100550        0.1988036         1.000000       -0.7112514       -0.9100550        0.1988036        0.1575503         6.347181    
 ten25                tensio       -0.7123995       -0.9100550        0.1976555         1.000000       -0.7123995       -0.9100550        0.1976555        0.1575503         6.347181    
 ten26                tensio       -0.7152698       -0.9100550        0.1947852         1.000000       -0.7152698       -0.9100550        0.1947852        0.1575503         6.347181    
 ten27                tensio       -0.7169920       -0.9135640        0.1965720         1.000000       -0.7169920       -0.9135640        0.1965720        0.1575503         6.347181    
 ten28                tensio       -0.7307692       -0.9135640        0.1827948         1.000000       -0.7307692       -0.9135640        0.1827948        0.1575503         6.347181    
 ten29                tensio       -0.7669346       -0.9135640        0.1466294         1.000000       -0.7669346       -0.9135640        0.1466294        0.1575503         6.347181    
 ten30                tensio       -0.7887486       -0.9171010        0.1283524         1.000000       -0.7887486       -0.9171010        0.1283524        0.1575503         6.347181    
 ten31                tensio       -0.8088404       -0.9171010        0.1082606         1.000000       -0.8088404       -0.9171010        0.1082606        0.1575503         6.347181    
 ten32                tensio       -0.8283582       -0.9171010        8.8742791E-02     1.000000       -0.8283582       -0.9171010        8.8742791E-02    0.1575503         6.347181    
 ten33                tensio       -0.8467279       -0.9206660        7.3938101E-02     1.000000       -0.8467279       -0.9206660        7.3938101E-02    0.1575503         6.347181    
 ten34                tensio       -0.8639495       -0.9206660        5.6716517E-02     1.000000       -0.8639495       -0.9206660        5.6716517E-02    0.1575503         6.347181    
 ten35                tensio       -0.8828932       -0.9206660        3.7772774E-02     1.000000       -0.8828932       -0.9206660        3.7772774E-02    0.1575503         6.347181    
 ten36                tensio       -0.8960964       -0.9242580        2.8161559E-02     1.000000       -0.8960964       -0.9242580        2.8161559E-02    0.1575503         6.347181    
 ten37                tensio       -0.9064294       -0.9242580        1.7828608E-02     1.000000       -0.9064294       -0.9242580        1.7828608E-02    0.1575503         6.347181    
 ten38                tensio       -0.9173364       -0.9242580        6.9216051E-03     1.000000       -0.9173364       -0.9242580        6.9216051E-03    0.1575503         6.347181    
 ten39                tensio       -0.9282434       -0.9278800       -3.6339839E-04     1.000000       -0.9282434       -0.9278800       -3.6339839E-04    0.1575503         6.347181    
 ten40                tensio       -0.9380023       -0.9278800       -1.0122296E-02     1.000000       -0.9380023       -0.9278800       -1.0122296E-02    0.1575503         6.347181    
 ten41                tensio       -0.9477612       -0.9278800       -1.9881194E-02     1.000000       -0.9477612       -0.9278800       -1.9881194E-02    0.1575503         6.347181    
 ten42                tensio       -0.9552239       -0.9315300       -2.3693881E-02     1.000000       -0.9552239       -0.9315300       -2.3693881E-02    0.1575503         6.347181    
 ten43                tensio       -0.9632606       -0.9315300       -3.1730620E-02     1.000000       -0.9632606       -0.9315300       -3.1730620E-02    0.1575503         6.347181    
 ten44                tensio       -0.9712974       -0.9352100       -3.6087359E-02     1.000000       -0.9712974       -0.9352100       -3.6087359E-02    0.1575503         6.347181    
 ten45                tensio       -0.9799082       -0.9352100       -4.4698152E-02     1.000000       -0.9799082       -0.9352100       -4.4698152E-02    0.1575503         6.347181    
 ten46                tensio       -0.9862227       -0.9352100       -5.1012732E-02     1.000000       -0.9862227       -0.9352100       -5.1012732E-02    0.1575503         6.347181    
 ten47                tensio       -0.9936854       -0.9389200       -5.4765419E-02     1.000000       -0.9936854       -0.9389200       -5.4765419E-02    0.1575503         6.347181    
 ten48                tensio        -1.000574       -0.9389200       -6.1654053E-02     1.000000        -1.000574       -0.9389200       -6.1654053E-02    0.1575503         6.347181    
 ten49                tensio        -1.006889       -0.9426600       -6.4228634E-02     1.000000        -1.006889       -0.9426600       -6.4228634E-02    0.1575503         6.347181    
 ten50                tensio        -1.013203       -0.9426600       -7.0543215E-02     1.000000        -1.013203       -0.9426600       -7.0543215E-02    0.1575503         6.347181    
 ten51                tensio        -1.020092       -0.9464300       -7.3661848E-02     1.000000        -1.020092       -0.9464300       -7.3661848E-02    0.1575503         6.347181    
 ten52                tensio        -1.025832       -0.9540640       -7.1768377E-02     1.000000        -1.025832       -0.9540640       -7.1768377E-02    0.1575503         6.347181    
 ten53                tensio        -1.030999       -0.9618260       -6.9172852E-02     1.000000        -1.030999       -0.9618260       -6.9172852E-02    0.1575503         6.347181    
 ten54                tensio        -1.035591       -0.9697180       -6.5873274E-02     1.000000        -1.035591       -0.9697180       -6.5873274E-02    0.1575503         6.347181    
 ten55                tensio        -1.039610       -0.9777440       -6.1865644E-02     1.000000        -1.039610       -0.9777440       -6.1865644E-02    0.1575503         6.347181    
 ten56                tensio        -1.044202       -0.9859090       -5.8293067E-02     1.000000        -1.044202       -0.9859090       -5.8293067E-02    0.1575503         6.347181    
 ten57                tensio        -1.049943       -0.9900440       -5.9898595E-02     1.000000        -1.049943       -0.9900440       -5.9898595E-02    0.1575503         6.347181    
 ten58                tensio        -1.052813       -0.9984230       -5.4389859E-02     1.000000        -1.052813       -0.9984230       -5.4389859E-02    0.1575503         6.347181    
 ten59                tensio        -1.056257        -1.002668       -5.3589176E-02     1.000000        -1.056257        -1.002668       -5.3589176E-02    0.1575503         6.347181    
 ten60                tensio        -1.060850        -1.011271       -4.9578598E-02     1.000000        -1.060850        -1.011271       -4.9578598E-02    0.1575503         6.347181    
 ten61                tensio        -1.063720        -1.015630       -4.8089862E-02     1.000000        -1.063720        -1.015630       -4.8089862E-02    0.1575503         6.347181    
 ten62                tensio        -1.068312        -1.024466       -4.3846285E-02     1.000000        -1.068312        -1.024466       -4.3846285E-02    0.1575503         6.347181    
 ten63                tensio        -1.072331        -1.028944       -4.3386654E-02     1.000000        -1.072331        -1.028944       -4.3386654E-02    0.1575503         6.347181    
 ten64                tensio        -1.075775        -1.033463       -4.2311971E-02     1.000000        -1.075775        -1.033463       -4.2311971E-02    0.1575503         6.347181    
 ten65                tensio        -1.078071        -1.038024       -4.0047183E-02     1.000000        -1.078071        -1.038024       -4.0047183E-02    0.1575503         6.347181    
 ten66                tensio        -1.082090        -1.047273       -3.4816552E-02     1.000000        -1.082090        -1.047273       -3.4816552E-02    0.1575503         6.347181    
 ten67                tensio        -1.085534        -1.051962       -3.3571869E-02     1.000000        -1.085534        -1.051962       -3.3571869E-02    0.1575503         6.347181    
 ten68                tensio        -1.088404        -1.056695       -3.1709133E-02     1.000000        -1.088404        -1.056695       -3.1709133E-02    0.1575503         6.347181    
 ten69                tensio        -1.091274        -1.061473       -2.9801397E-02     1.000000        -1.091274        -1.061473       -2.9801397E-02    0.1575503         6.347181    
 ten70                tensio        -1.092423        -1.066296       -2.6126503E-02     1.000000        -1.092423        -1.066296       -2.6126503E-02    0.1575503         6.347181    
 ten71                tensio        -1.097015        -1.071166       -2.5848925E-02     1.000000        -1.097015        -1.071166       -2.5848925E-02    0.1575503         6.347181    
 ten72                tensio        -1.100459        -1.076082       -2.4377242E-02     1.000000        -1.100459        -1.076082       -2.4377242E-02    0.1575503         6.347181    
 ten73                tensio        -1.102181        -1.081046       -2.1135401E-02     1.000000        -1.102181        -1.081046       -2.1135401E-02    0.1575503         6.347181    
 ten74                tensio        -1.105052        -1.086058       -1.8993665E-02     1.000000        -1.105052        -1.086058       -1.8993665E-02    0.1575503         6.347181    
 ten75                tensio        -1.107348        -1.091120       -1.6227876E-02     1.000000        -1.107348        -1.091120       -1.6227876E-02    0.1575503         6.347181    
 ten76                tensio        -1.109644        -1.096231       -1.3413087E-02     1.000000        -1.109644        -1.096231       -1.3413087E-02    0.1575503         6.347181    
 ten77                tensio        -1.113088        -1.101393       -1.1695404E-02     1.000000        -1.113088        -1.101393       -1.1695404E-02    0.1575503         6.347181    
 ten78                tensio        -1.114237        -1.106606       -7.6305098E-03     1.000000        -1.114237        -1.106606       -7.6305098E-03    0.1575503         6.347181    
 ten79                tensio        -1.117107        -1.106606       -1.0500774E-02     1.000000        -1.117107        -1.106606       -1.0500774E-02    0.1575503         6.347181    
 ten80                tensio        -1.120551        -1.111872       -8.6790907E-03     1.000000        -1.120551        -1.111872       -8.6790907E-03    0.1575503         6.347181    
 ten81                tensio        -1.122847        -1.117190       -5.6573020E-03     1.000000        -1.122847        -1.117190       -5.6573020E-03    0.1575503         6.347181    
 ten82                tensio        -1.125144        -1.122563       -2.5805132E-03     1.000000        -1.125144        -1.122563       -2.5805132E-03    0.1575503         6.347181    
 ten83                tensio        -1.128014        -1.127991       -2.2777270E-05     1.000000        -1.128014        -1.127991       -2.2777270E-05    0.1575503         6.347181    
 ten84                tensio        -1.130310        -1.127991       -2.3189885E-03     1.000000        -1.130310        -1.127991       -2.3189885E-03    0.1575503         6.347181    
 ten85                tensio        -1.131458        -1.133474        2.0159059E-03     1.000000        -1.131458        -1.133474        2.0159059E-03    0.1575503         6.347181    
 ten86                tensio        -1.135476        -1.139014        3.5375362E-03     1.000000        -1.135476        -1.139014        3.5375362E-03    0.1575503         6.347181    
 ten87                tensio        -1.137199        -1.139014        1.8153777E-03     1.000000        -1.137199        -1.139014        1.8153777E-03    0.1575503         6.347181    
 ten88                tensio        -1.137773        -1.144612        6.8393249E-03     1.000000        -1.137773        -1.144612        6.8393249E-03    0.1575503         6.347181    
 ten89                tensio        -1.139495        -1.150268        1.0773166E-02     1.000000        -1.139495        -1.150268        1.0773166E-02    0.1575503         6.347181    
 ten90                tensio        -1.142939        -1.150268        7.3288496E-03     1.000000        -1.142939        -1.150268        7.3288496E-03    0.1575503         6.347181    
 ten91                tensio        -1.144661        -1.155984        1.1322691E-02     1.000000        -1.144661        -1.155984        1.1322691E-02    0.1575503         6.347181    
 ten92                tensio        -1.146958        -1.161760        1.4802480E-02     1.000000        -1.146958        -1.161760        1.4802480E-02    0.1575503         6.347181    
 ten93                tensio        -1.148106        -1.161760        1.3654374E-02     1.000000        -1.148106        -1.161760        1.3654374E-02    0.1575503         6.347181    
 ten94                tensio        -1.150402        -1.167598        1.7196163E-02     1.000000        -1.150402        -1.167598        1.7196163E-02    0.1575503         6.347181    
 ten95                tensio        -1.157290        -1.173499        1.6208529E-02     1.000000        -1.157290        -1.173499        1.6208529E-02    0.1575503         6.347181    
 ten96                tensio        -1.153846        -1.173499        1.9652846E-02     1.000000        -1.153846        -1.173499        1.9652846E-02    0.1575503         6.347181    
