single point
 thetar        9.9999998E-03    1.00000        0.00000    
 thetas        0.4000000        1.00000        0.00000    
 alpha          3.635413        1.00000        0.00000    
 n              2.113967        1.00000        0.00000    
 ksat          8.9501290E-04    1.00000        0.00000    
 l             0.5000000        1.00000        0.00000    
 ihead          148.5995        1.00000        0.00000    
 start          300.0000        1.00000        0.00000    
 inten          4.000000        1.00000        0.00000    
 durat          60.00000        1.00000        0.00000    
 pulse          32.16521        1.00000        0.00000    
