single point
 thetar        9.9999998E-03    1.00000        0.00000    
 thetas        0.4000000        1.00000        0.00000    
 alpha          3.634994        1.00000        0.00000    
 n              2.094705        1.00000        0.00000    
 ksat          8.7554311E-04    1.00000        0.00000    
 l             0.5000000        1.00000        0.00000    
 ihead          149.4763        1.00000        0.00000    
 start          300.0000        1.00000        0.00000    
 inten          4.000000        1.00000        0.00000    
 durat          60.00000        1.00000        0.00000    
 pulse          30.77938        1.00000        0.00000    
