 Name                 Group          Measured         Modelled         Residual         Weight       Weight*Measured    Weight*Modelled  Weight*Residual  Measurement_sd   Natural_weight
 ten1                 tensio        -1.464409        -1.747108        0.2826993         1.000000        -1.464409        -1.747108        0.2826993        0.1580356         6.327688    
 ten2                 tensio        -1.460964        -1.747108        0.2861436         1.000000        -1.460964        -1.747108        0.2861436        0.1580356         6.327688    
 ten3                 tensio        -1.458668        -1.747108        0.2884398         1.000000        -1.458668        -1.747108        0.2884398        0.1580356         6.327688    
 ten4                 tensio        -1.459816        -1.747108        0.2872917         1.000000        -1.459816        -1.747108        0.2872917        0.1580356         6.327688    
 ten5                 tensio        -1.456946        -1.747108        0.2901620         1.000000        -1.456946        -1.747108        0.2901620        0.1580356         6.327688    
 ten6                 tensio        -1.461538        -1.747108        0.2855695         1.000000        -1.461538        -1.747108        0.2855695        0.1580356         6.327688    
 ten7                 tensio        -1.460390        -1.747108        0.2867176         1.000000        -1.460390        -1.747108        0.2867176        0.1580356         6.327688    
 ten8                 tensio        -1.458668        -1.747108        0.2884398         1.000000        -1.458668        -1.747108        0.2884398        0.1580356         6.327688    
 ten9                 tensio        -1.462113        -1.747108        0.2849955         1.000000        -1.462113        -1.747108        0.2849955        0.1580356         6.327688    
 ten10                tensio        -1.453502        -1.747108        0.2936063         1.000000        -1.453502        -1.747108        0.2936063        0.1580356         6.327688    
 ten11                tensio        -1.454076        -1.747108        0.2930322         1.000000        -1.454076        -1.747108        0.2930322        0.1580356         6.327688    
 ten12                tensio        -1.451780        -1.747108        0.2953284         1.000000        -1.451780        -1.747108        0.2953284        0.1580356         6.327688    
 ten13                tensio        -1.452354        -1.747108        0.2947544         1.000000        -1.452354        -1.747108        0.2947544        0.1580356         6.327688    
 ten14                tensio        -1.458668        -1.747108        0.2884398         1.000000        -1.458668        -1.747108        0.2884398        0.1580356         6.327688    
 ten15                tensio        -1.452354        -1.747108        0.2947544         1.000000        -1.452354        -1.747108        0.2947544        0.1580356         6.327688    
 ten16                tensio        -1.448909        -1.747108        0.2981987         1.000000        -1.448909        -1.747108        0.2981987        0.1580356         6.327688    
 ten17                tensio        -1.449483        -1.747108        0.2976246         1.000000        -1.449483        -1.747108        0.2976246        0.1580356         6.327688    
 ten18                tensio        -1.430540        -1.747108        0.3165684         1.000000        -1.430540        -1.747108        0.3165684        0.1580356         6.327688    
 ten19                tensio        -1.404133        -1.747108        0.3429748         1.000000        -1.404133        -1.747108        0.3429748        0.1580356         6.327688    
 ten20                tensio        -1.320321        -1.747108        0.4267865         1.000000        -1.320321        -1.747108        0.4267865        0.1580356         6.327688    
 ten21                tensio        -1.060276        -1.105061        4.4785455E-02     1.000000        -1.060276        -1.105061        4.4785455E-02    0.1580356         6.327688    
 ten22                tensio       -0.7824340       -0.9677910        0.1853570         1.000000       -0.7824340       -0.9677910        0.1853570        0.1580356         6.327688    
 ten23                tensio       -0.7169920       -0.9115090        0.1945170         1.000000       -0.7169920       -0.9115090        0.1945170        0.1580356         6.327688    
 ten24                tensio       -0.7112514       -0.9045030        0.1932516         1.000000       -0.7112514       -0.9045030        0.1932516        0.1580356         6.327688    
 ten25                tensio       -0.7123995       -0.9045030        0.1921035         1.000000       -0.7123995       -0.9045030        0.1921035        0.1580356         6.327688    
 ten26                tensio       -0.7152698       -0.9045030        0.1892332         1.000000       -0.7152698       -0.9045030        0.1892332        0.1580356         6.327688    
 ten27                tensio       -0.7169920       -0.9079930        0.1910010         1.000000       -0.7169920       -0.9079930        0.1910010        0.1580356         6.327688    
 ten28                tensio       -0.7307692       -0.9079930        0.1772238         1.000000       -0.7307692       -0.9079930        0.1772238        0.1580356         6.327688    
 ten29                tensio       -0.7669346       -0.9079930        0.1410584         1.000000       -0.7669346       -0.9079930        0.1410584        0.1580356         6.327688    
 ten30                tensio       -0.7887486       -0.9115090        0.1227604         1.000000       -0.7887486       -0.9115090        0.1227604        0.1580356         6.327688    
 ten31                tensio       -0.8088404       -0.9115090        0.1026686         1.000000       -0.8088404       -0.9115090        0.1026686        0.1580356         6.327688    
 ten32                tensio       -0.8283582       -0.9115090        8.3150791E-02     1.000000       -0.8283582       -0.9115090        8.3150791E-02    0.1580356         6.327688    
 ten33                tensio       -0.8467279       -0.9150530        6.8325101E-02     1.000000       -0.8467279       -0.9150530        6.8325101E-02    0.1580356         6.327688    
 ten34                tensio       -0.8639495       -0.9150530        5.1103517E-02     1.000000       -0.8639495       -0.9150530        5.1103517E-02    0.1580356         6.327688    
 ten35                tensio       -0.8828932       -0.9150530        3.2159774E-02     1.000000       -0.8828932       -0.9150530        3.2159774E-02    0.1580356         6.327688    
 ten36                tensio       -0.8960964       -0.9186260        2.2529559E-02     1.000000       -0.8960964       -0.9186260        2.2529559E-02    0.1580356         6.327688    
 ten37                tensio       -0.9064294       -0.9186260        1.2196608E-02     1.000000       -0.9064294       -0.9186260        1.2196608E-02    0.1580356         6.327688    
 ten38                tensio       -0.9173364       -0.9186260        1.2896051E-03     1.000000       -0.9173364       -0.9186260        1.2896051E-03    0.1580356         6.327688    
 ten39                tensio       -0.9282434       -0.9222260       -6.0173984E-03     1.000000       -0.9282434       -0.9222260       -6.0173984E-03    0.1580356         6.327688    
 ten40                tensio       -0.9380023       -0.9222260       -1.5776296E-02     1.000000       -0.9380023       -0.9222260       -1.5776296E-02    0.1580356         6.327688    
 ten41                tensio       -0.9477612       -0.9222260       -2.5535194E-02     1.000000       -0.9477612       -0.9222260       -2.5535194E-02    0.1580356         6.327688    
 ten42                tensio       -0.9552239       -0.9258560       -2.9367881E-02     1.000000       -0.9552239       -0.9258560       -2.9367881E-02    0.1580356         6.327688    
 ten43                tensio       -0.9632606       -0.9258560       -3.7404620E-02     1.000000       -0.9632606       -0.9258560       -3.7404620E-02    0.1580356         6.327688    
 ten44                tensio       -0.9712974       -0.9295150       -4.1782359E-02     1.000000       -0.9712974       -0.9295150       -4.1782359E-02    0.1580356         6.327688    
 ten45                tensio       -0.9799082       -0.9295150       -5.0393152E-02     1.000000       -0.9799082       -0.9295150       -5.0393152E-02    0.1580356         6.327688    
 ten46                tensio       -0.9862227       -0.9295150       -5.6707732E-02     1.000000       -0.9862227       -0.9295150       -5.6707732E-02    0.1580356         6.327688    
 ten47                tensio       -0.9936854       -0.9332030       -6.0482419E-02     1.000000       -0.9936854       -0.9332030       -6.0482419E-02    0.1580356         6.327688    
 ten48                tensio        -1.000574       -0.9332030       -6.7371053E-02     1.000000        -1.000574       -0.9332030       -6.7371053E-02    0.1580356         6.327688    
 ten49                tensio        -1.006889       -0.9369210       -6.9967634E-02     1.000000        -1.006889       -0.9369210       -6.9967634E-02    0.1580356         6.327688    
 ten50                tensio        -1.013203       -0.9369210       -7.6282215E-02     1.000000        -1.013203       -0.9369210       -7.6282215E-02    0.1580356         6.327688    
 ten51                tensio        -1.020092       -0.9406690       -7.9422848E-02     1.000000        -1.020092       -0.9406690       -7.9422848E-02    0.1580356         6.327688    
 ten52                tensio        -1.025832       -0.9482590       -7.7573377E-02     1.000000        -1.025832       -0.9482590       -7.7573377E-02    0.1580356         6.327688    
 ten53                tensio        -1.030999       -0.9559740       -7.5024852E-02     1.000000        -1.030999       -0.9559740       -7.5024852E-02    0.1580356         6.327688    
 ten54                tensio        -1.035591       -0.9638190       -7.1772274E-02     1.000000        -1.035591       -0.9638190       -7.1772274E-02    0.1580356         6.327688    
 ten55                tensio        -1.039610       -0.9717980       -6.7811644E-02     1.000000        -1.039610       -0.9717980       -6.7811644E-02    0.1580356         6.327688    
 ten56                tensio        -1.044202       -0.9799130       -6.4289067E-02     1.000000        -1.044202       -0.9799130       -6.4289067E-02    0.1580356         6.327688    
 ten57                tensio        -1.049943       -0.9840230       -6.5919595E-02     1.000000        -1.049943       -0.9840230       -6.5919595E-02    0.1580356         6.327688    
 ten58                tensio        -1.052813       -0.9923510       -6.0461859E-02     1.000000        -1.052813       -0.9923510       -6.0461859E-02    0.1580356         6.327688    
 ten59                tensio        -1.056257        -1.000825       -5.5432176E-02     1.000000        -1.056257        -1.000825       -5.5432176E-02    0.1580356         6.327688    
 ten60                tensio        -1.060850        -1.005118       -5.5731598E-02     1.000000        -1.060850        -1.005118       -5.5731598E-02    0.1580356         6.327688    
 ten61                tensio        -1.063720        -1.013821       -4.9898862E-02     1.000000        -1.063720        -1.013821       -4.9898862E-02    0.1580356         6.327688    
 ten62                tensio        -1.068312        -1.018231       -5.0081285E-02     1.000000        -1.068312        -1.018231       -5.0081285E-02    0.1580356         6.327688    
 ten63                tensio        -1.072331        -1.022681       -4.9649654E-02     1.000000        -1.072331        -1.022681       -4.9649654E-02    0.1580356         6.327688    
 ten64                tensio        -1.075775        -1.027171       -4.8603971E-02     1.000000        -1.075775        -1.027171       -4.8603971E-02    0.1580356         6.327688    
 ten65                tensio        -1.078071        -1.036276       -4.1795183E-02     1.000000        -1.078071        -1.036276       -4.1795183E-02    0.1580356         6.327688    
 ten66                tensio        -1.082090        -1.040892       -4.1197552E-02     1.000000        -1.082090        -1.040892       -4.1197552E-02    0.1580356         6.327688    
 ten67                tensio        -1.085534        -1.045551       -3.9982869E-02     1.000000        -1.085534        -1.045551       -3.9982869E-02    0.1580356         6.327688    
 ten68                tensio        -1.088404        -1.050254       -3.8150133E-02     1.000000        -1.088404        -1.050254       -3.8150133E-02    0.1580356         6.327688    
 ten69                tensio        -1.091274        -1.055000       -3.6274397E-02     1.000000        -1.091274        -1.055000       -3.6274397E-02    0.1580356         6.327688    
 ten70                tensio        -1.092423        -1.059792       -3.2630503E-02     1.000000        -1.092423        -1.059792       -3.2630503E-02    0.1580356         6.327688    
 ten71                tensio        -1.097015        -1.064629       -3.2385925E-02     1.000000        -1.097015        -1.064629       -3.2385925E-02    0.1580356         6.327688    
 ten72                tensio        -1.100459        -1.069513       -3.0946242E-02     1.000000        -1.100459        -1.069513       -3.0946242E-02    0.1580356         6.327688    
 ten73                tensio        -1.102181        -1.074444       -2.7737401E-02     1.000000        -1.102181        -1.074444       -2.7737401E-02    0.1580356         6.327688    
 ten74                tensio        -1.105052        -1.079423       -2.5628665E-02     1.000000        -1.105052        -1.079423       -2.5628665E-02    0.1580356         6.327688    
 ten75                tensio        -1.107348        -1.084450       -2.2897876E-02     1.000000        -1.107348        -1.084450       -2.2897876E-02    0.1580356         6.327688    
 ten76                tensio        -1.109644        -1.089527       -2.0117087E-02     1.000000        -1.109644        -1.089527       -2.0117087E-02    0.1580356         6.327688    
 ten77                tensio        -1.113088        -1.094654       -1.8434404E-02     1.000000        -1.113088        -1.094654       -1.8434404E-02    0.1580356         6.327688    
 ten78                tensio        -1.114237        -1.099831       -1.4405510E-02     1.000000        -1.114237        -1.099831       -1.4405510E-02    0.1580356         6.327688    
 ten79                tensio        -1.117107        -1.105061       -1.2045774E-02     1.000000        -1.117107        -1.105061       -1.2045774E-02    0.1580356         6.327688    
 ten80                tensio        -1.120551        -1.105061       -1.5490091E-02     1.000000        -1.120551        -1.105061       -1.5490091E-02    0.1580356         6.327688    
 ten81                tensio        -1.122847        -1.110343       -1.2504302E-02     1.000000        -1.122847        -1.110343       -1.2504302E-02    0.1580356         6.327688    
 ten82                tensio        -1.125144        -1.115678       -9.4655132E-03     1.000000        -1.125144        -1.115678       -9.4655132E-03    0.1580356         6.327688    
 ten83                tensio        -1.128014        -1.121068       -6.9457773E-03     1.000000        -1.128014        -1.121068       -6.9457773E-03    0.1580356         6.327688    
 ten84                tensio        -1.130310        -1.126513       -3.7969885E-03     1.000000        -1.130310        -1.126513       -3.7969885E-03    0.1580356         6.327688    
 ten85                tensio        -1.131458        -1.126513       -4.9450941E-03     1.000000        -1.131458        -1.126513       -4.9450941E-03    0.1580356         6.327688    
 ten86                tensio        -1.135476        -1.132014       -3.4624638E-03     1.000000        -1.135476        -1.132014       -3.4624638E-03    0.1580356         6.327688    
 ten87                tensio        -1.137199        -1.137572        3.7337773E-04     1.000000        -1.137199        -1.137572        3.7337773E-04    0.1580356         6.327688    
 ten88                tensio        -1.137773        -1.137572       -2.0067509E-04     1.000000        -1.137773        -1.137572       -2.0067509E-04    0.1580356         6.327688    
 ten89                tensio        -1.139495        -1.143188        3.6931665E-03     1.000000        -1.139495        -1.143188        3.6931665E-03    0.1580356         6.327688    
 ten90                tensio        -1.142939        -1.148862        5.9228496E-03     1.000000        -1.142939        -1.148862        5.9228496E-03    0.1580356         6.327688    
 ten91                tensio        -1.144661        -1.148862        4.2006912E-03     1.000000        -1.144661        -1.148862        4.2006912E-03    0.1580356         6.327688    
 ten92                tensio        -1.146958        -1.154597        7.6394799E-03     1.000000        -1.146958        -1.154597        7.6394799E-03    0.1580356         6.327688    
 ten93                tensio        -1.148106        -1.160393        1.2287374E-02     1.000000        -1.148106        -1.160393        1.2287374E-02    0.1580356         6.327688    
 ten94                tensio        -1.150402        -1.160393        9.9911630E-03     1.000000        -1.150402        -1.160393        9.9911630E-03    0.1580356         6.327688    
 ten95                tensio        -1.157290        -1.166251        8.9605293E-03     1.000000        -1.157290        -1.166251        8.9605293E-03    0.1580356         6.327688    
 ten96                tensio        -1.153846        -1.166251        1.2404846E-02     1.000000        -1.153846        -1.166251        1.2404846E-02    0.1580356         6.327688    
