 Name                 Group          Measured         Modelled         Residual         Weight       Weight*Measured    Weight*Modelled  Weight*Residual  Measurement_sd   Natural_weight
 ten1                 tensio        -1.464409        -1.753386        0.2889773         1.000000        -1.464409        -1.753386        0.2889773        0.1820613         5.492655    
 ten2                 tensio        -1.460964        -1.753386        0.2924216         1.000000        -1.460964        -1.753386        0.2924216        0.1820613         5.492655    
 ten3                 tensio        -1.458668        -1.753386        0.2947178         1.000000        -1.458668        -1.753386        0.2947178        0.1820613         5.492655    
 ten4                 tensio        -1.459816        -1.753386        0.2935697         1.000000        -1.459816        -1.753386        0.2935697        0.1820613         5.492655    
 ten5                 tensio        -1.456946        -1.753386        0.2964400         1.000000        -1.456946        -1.753386        0.2964400        0.1820613         5.492655    
 ten6                 tensio        -1.461538        -1.753386        0.2918475         1.000000        -1.461538        -1.753386        0.2918475        0.1820613         5.492655    
 ten7                 tensio        -1.460390        -1.753386        0.2929956         1.000000        -1.460390        -1.753386        0.2929956        0.1820613         5.492655    
 ten8                 tensio        -1.458668        -1.753386        0.2947178         1.000000        -1.458668        -1.753386        0.2947178        0.1820613         5.492655    
 ten9                 tensio        -1.462113        -1.753386        0.2912735         1.000000        -1.462113        -1.753386        0.2912735        0.1820613         5.492655    
 ten10                tensio        -1.453502        -1.753386        0.2998843         1.000000        -1.453502        -1.753386        0.2998843        0.1820613         5.492655    
 ten11                tensio        -1.454076        -1.753386        0.2993102         1.000000        -1.454076        -1.753386        0.2993102        0.1820613         5.492655    
 ten12                tensio        -1.451780        -1.753386        0.3016064         1.000000        -1.451780        -1.753386        0.3016064        0.1820613         5.492655    
 ten13                tensio        -1.452354        -1.753386        0.3010324         1.000000        -1.452354        -1.753386        0.3010324        0.1820613         5.492655    
 ten14                tensio        -1.458668        -1.753386        0.2947178         1.000000        -1.458668        -1.753386        0.2947178        0.1820613         5.492655    
 ten15                tensio        -1.452354        -1.753386        0.3010324         1.000000        -1.452354        -1.753386        0.3010324        0.1820613         5.492655    
 ten16                tensio        -1.448909        -1.753386        0.3044767         1.000000        -1.448909        -1.753386        0.3044767        0.1820613         5.492655    
 ten17                tensio        -1.449483        -1.753386        0.3039026         1.000000        -1.449483        -1.753386        0.3039026        0.1820613         5.492655    
 ten18                tensio        -1.430540        -1.753386        0.3228464         1.000000        -1.430540        -1.753386        0.3228464        0.1820613         5.492655    
 ten19                tensio        -1.404133        -1.753386        0.3492528         1.000000        -1.404133        -1.753386        0.3492528        0.1820613         5.492655    
 ten20                tensio        -1.320321        -1.753386        0.4330645         1.000000        -1.320321        -1.753386        0.4330645        0.1820613         5.492655    
 ten21                tensio        -1.060276        -1.139644        7.9368455E-02     1.000000        -1.060276        -1.139644        7.9368455E-02    0.1820613         5.492655    
 ten22                tensio       -0.7824340        -1.043873        0.2614390         1.000000       -0.7824340        -1.043873        0.2614390        0.1820613         5.492655    
 ten23                tensio       -0.7169920       -0.9927520        0.2757600         1.000000       -0.7169920       -0.9927520        0.2757600        0.1820613         5.492655    
 ten24                tensio       -0.7112514       -0.9927520        0.2815006         1.000000       -0.7112514       -0.9927520        0.2815006        0.1820613         5.492655    
 ten25                tensio       -0.7123995       -0.9927520        0.2803525         1.000000       -0.7123995       -0.9927520        0.2803525        0.1820613         5.492655    
 ten26                tensio       -0.7152698       -0.9927520        0.2774822         1.000000       -0.7152698       -0.9927520        0.2774822        0.1820613         5.492655    
 ten27                tensio       -0.7169920       -0.9964950        0.2795030         1.000000       -0.7169920       -0.9964950        0.2795030        0.1820613         5.492655    
 ten28                tensio       -0.7307692       -0.9964950        0.2657258         1.000000       -0.7307692       -0.9964950        0.2657258        0.1820613         5.492655    
 ten29                tensio       -0.7669346       -0.9964950        0.2295604         1.000000       -0.7669346       -0.9964950        0.2295604        0.1820613         5.492655    
 ten30                tensio       -0.7887486        -1.000268        0.2115194         1.000000       -0.7887486        -1.000268        0.2115194        0.1820613         5.492655    
 ten31                tensio       -0.8088404        -1.000268        0.1914276         1.000000       -0.8088404        -1.000268        0.1914276        0.1820613         5.492655    
 ten32                tensio       -0.8283582        -1.000268        0.1719098         1.000000       -0.8283582        -1.000268        0.1719098        0.1820613         5.492655    
 ten33                tensio       -0.8467279        -1.004072        0.1573441         1.000000       -0.8467279        -1.004072        0.1573441        0.1820613         5.492655    
 ten34                tensio       -0.8639495        -1.004072        0.1401225         1.000000       -0.8639495        -1.004072        0.1401225        0.1820613         5.492655    
 ten35                tensio       -0.8828932        -1.004072        0.1211788         1.000000       -0.8828932        -1.004072        0.1211788        0.1820613         5.492655    
 ten36                tensio       -0.8960964        -1.007906        0.1118096         1.000000       -0.8960964        -1.007906        0.1118096        0.1820613         5.492655    
 ten37                tensio       -0.9064294        -1.007906        0.1014766         1.000000       -0.9064294        -1.007906        0.1014766        0.1820613         5.492655    
 ten38                tensio       -0.9173364        -1.007906        9.0569605E-02     1.000000       -0.9173364        -1.007906        9.0569605E-02    0.1820613         5.492655    
 ten39                tensio       -0.9282434        -1.011771        8.3527602E-02     1.000000       -0.9282434        -1.011771        8.3527602E-02    0.1820613         5.492655    
 ten40                tensio       -0.9380023        -1.011771        7.3768704E-02     1.000000       -0.9380023        -1.011771        7.3768704E-02    0.1820613         5.492655    
 ten41                tensio       -0.9477612        -1.011771        6.4009806E-02     1.000000       -0.9477612        -1.011771        6.4009806E-02    0.1820613         5.492655    
 ten42                tensio       -0.9552239        -1.015669        6.0445119E-02     1.000000       -0.9552239        -1.015669        6.0445119E-02    0.1820613         5.492655    
 ten43                tensio       -0.9632606        -1.015669        5.2408380E-02     1.000000       -0.9632606        -1.015669        5.2408380E-02    0.1820613         5.492655    
 ten44                tensio       -0.9712974        -1.019598        4.8300641E-02     1.000000       -0.9712974        -1.019598        4.8300641E-02    0.1820613         5.492655    
 ten45                tensio       -0.9799082        -1.019598        3.9689848E-02     1.000000       -0.9799082        -1.019598        3.9689848E-02    0.1820613         5.492655    
 ten46                tensio       -0.9862227        -1.019598        3.3375268E-02     1.000000       -0.9862227        -1.019598        3.3375268E-02    0.1820613         5.492655    
 ten47                tensio       -0.9936854        -1.023560        2.9874581E-02     1.000000       -0.9936854        -1.023560        2.9874581E-02    0.1820613         5.492655    
 ten48                tensio        -1.000574        -1.023560        2.2985947E-02     1.000000        -1.000574        -1.023560        2.2985947E-02    0.1820613         5.492655    
 ten49                tensio        -1.006889        -1.027555        2.0666366E-02     1.000000        -1.006889        -1.027555        2.0666366E-02    0.1820613         5.492655    
 ten50                tensio        -1.013203        -1.027555        1.4351785E-02     1.000000        -1.013203        -1.027555        1.4351785E-02    0.1820613         5.492655    
 ten51                tensio        -1.020092        -1.035645        1.5553152E-02     1.000000        -1.020092        -1.035645        1.5553152E-02    0.1820613         5.492655    
 ten52                tensio        -1.025832        -1.043873        1.8040623E-02     1.000000        -1.025832        -1.043873        1.8040623E-02    0.1820613         5.492655    
 ten53                tensio        -1.030999        -1.052243        2.1244148E-02     1.000000        -1.030999        -1.052243        2.1244148E-02    0.1820613         5.492655    
 ten54                tensio        -1.035591        -1.056482        2.0890726E-02     1.000000        -1.035591        -1.056482        2.0890726E-02    0.1820613         5.492655    
 ten55                tensio        -1.039610        -1.065071        2.5461356E-02     1.000000        -1.039610        -1.065071        2.5461356E-02    0.1820613         5.492655    
 ten56                tensio        -1.044202        -1.073812        2.9609933E-02     1.000000        -1.044202        -1.073812        2.9609933E-02    0.1820613         5.492655    
 ten57                tensio        -1.049943        -1.078241        2.8298405E-02     1.000000        -1.049943        -1.078241        2.8298405E-02    0.1820613         5.492655    
 ten58                tensio        -1.052813        -1.087218        3.4405141E-02     1.000000        -1.052813        -1.087218        3.4405141E-02    0.1820613         5.492655    
 ten59                tensio        -1.056257        -1.091767        3.5509824E-02     1.000000        -1.056257        -1.091767        3.5509824E-02    0.1820613         5.492655    
 ten60                tensio        -1.060850        -1.100991        4.0141402E-02     1.000000        -1.060850        -1.100991        4.0141402E-02    0.1820613         5.492655    
 ten61                tensio        -1.063720        -1.105666        4.1946138E-02     1.000000        -1.063720        -1.105666        4.1946138E-02    0.1820613         5.492655    
 ten62                tensio        -1.068312        -1.110385        4.2072715E-02     1.000000        -1.068312        -1.110385        4.2072715E-02    0.1820613         5.492655    
 ten63                tensio        -1.072331        -1.119955        4.7624346E-02     1.000000        -1.072331        -1.119955        4.7624346E-02    0.1820613         5.492655    
 ten64                tensio        -1.075775        -1.124807        4.9032029E-02     1.000000        -1.075775        -1.124807        4.9032029E-02    0.1820613         5.492655    
 ten65                tensio        -1.078071        -1.129706        5.1634817E-02     1.000000        -1.078071        -1.129706        5.1634817E-02    0.1820613         5.492655    
 ten66                tensio        -1.082090        -1.134651        5.2561448E-02     1.000000        -1.082090        -1.134651        5.2561448E-02    0.1820613         5.492655    
 ten67                tensio        -1.085534        -1.139644        5.4110131E-02     1.000000        -1.085534        -1.139644        5.4110131E-02    0.1820613         5.492655    
 ten68                tensio        -1.088404        -1.149775        6.1370867E-02     1.000000        -1.088404        -1.149775        6.1370867E-02    0.1820613         5.492655    
 ten69                tensio        -1.091274        -1.154915        6.3640603E-02     1.000000        -1.091274        -1.154915        6.3640603E-02    0.1820613         5.492655    
 ten70                tensio        -1.092423        -1.160105        6.7682497E-02     1.000000        -1.092423        -1.160105        6.7682497E-02    0.1820613         5.492655    
 ten71                tensio        -1.097015        -1.165347        6.8332075E-02     1.000000        -1.097015        -1.165347        6.8332075E-02    0.1820613         5.492655    
 ten72                tensio        -1.100459        -1.165347        6.4887758E-02     1.000000        -1.100459        -1.165347        6.4887758E-02    0.1820613         5.492655    
 ten73                tensio        -1.102181        -1.170641        6.8459599E-02     1.000000        -1.102181        -1.170641        6.8459599E-02    0.1820613         5.492655    
 ten74                tensio        -1.105052        -1.175988        7.0936335E-02     1.000000        -1.105052        -1.175988        7.0936335E-02    0.1820613         5.492655    
 ten75                tensio        -1.107348        -1.181388        7.4040124E-02     1.000000        -1.107348        -1.181388        7.4040124E-02    0.1820613         5.492655    
 ten76                tensio        -1.109644        -1.186844        7.7199913E-02     1.000000        -1.109644        -1.186844        7.7199913E-02    0.1820613         5.492655    
 ten77                tensio        -1.113088        -1.192355        7.9266596E-02     1.000000        -1.113088        -1.192355        7.9266596E-02    0.1820613         5.492655    
 ten78                tensio        -1.114237        -1.197923        8.3686490E-02     1.000000        -1.114237        -1.197923        8.3686490E-02    0.1820613         5.492655    
 ten79                tensio        -1.117107        -1.197923        8.0816226E-02     1.000000        -1.117107        -1.197923        8.0816226E-02    0.1820613         5.492655    
 ten80                tensio        -1.120551        -1.203549        8.2997909E-02     1.000000        -1.120551        -1.203549        8.2997909E-02    0.1820613         5.492655    
 ten81                tensio        -1.122847        -1.209233        8.6385698E-02     1.000000        -1.122847        -1.209233        8.6385698E-02    0.1820613         5.492655    
 ten82                tensio        -1.125144        -1.214976        8.9832487E-02     1.000000        -1.125144        -1.214976        8.9832487E-02    0.1820613         5.492655    
 ten83                tensio        -1.128014        -1.214976        8.6962223E-02     1.000000        -1.128014        -1.214976        8.6962223E-02    0.1820613         5.492655    
 ten84                tensio        -1.130310        -1.220780        9.0470011E-02     1.000000        -1.130310        -1.220780        9.0470011E-02    0.1820613         5.492655    
 ten85                tensio        -1.131458        -1.226646        9.5187906E-02     1.000000        -1.131458        -1.226646        9.5187906E-02    0.1820613         5.492655    
 ten86                tensio        -1.135476        -1.232574        9.7097536E-02     1.000000        -1.135476        -1.232574        9.7097536E-02    0.1820613         5.492655    
 ten87                tensio        -1.137199        -1.232574        9.5375378E-02     1.000000        -1.137199        -1.232574        9.5375378E-02    0.1820613         5.492655    
 ten88                tensio        -1.137773        -1.238567        0.1007943         1.000000        -1.137773        -1.238567        0.1007943        0.1820613         5.492655    
 ten89                tensio        -1.139495        -1.244624        0.1051292         1.000000        -1.139495        -1.244624        0.1051292        0.1820613         5.492655    
 ten90                tensio        -1.142939        -1.244624        0.1016848         1.000000        -1.142939        -1.244624        0.1016848        0.1820613         5.492655    
 ten91                tensio        -1.144661        -1.250747        0.1060857         1.000000        -1.144661        -1.250747        0.1060857        0.1820613         5.492655    
 ten92                tensio        -1.146958        -1.250747        0.1037895         1.000000        -1.146958        -1.250747        0.1037895        0.1820613         5.492655    
 ten93                tensio        -1.148106        -1.256937        0.1088314         1.000000        -1.148106        -1.256937        0.1088314        0.1820613         5.492655    
 ten94                tensio        -1.150402        -1.263196        0.1127942         1.000000        -1.150402        -1.263196        0.1127942        0.1820613         5.492655    
 ten95                tensio        -1.157290        -1.263196        0.1059055         1.000000        -1.157290        -1.263196        0.1059055        0.1820613         5.492655    
 ten96                tensio        -1.153846        -1.269524        0.1156778         1.000000        -1.153846        -1.269524        0.1156778        0.1820613         5.492655    
