 Name                 Group          Measured         Modelled         Residual         Weight       Weight*Measured    Weight*Modelled  Weight*Residual  Measurement_sd   Natural_weight
 ten1                 tensio        -1.464409        -1.753886        0.2894773         1.000000        -1.464409        -1.753886        0.2894773        0.1653041         6.049457    
 ten2                 tensio        -1.460964        -1.753886        0.2929216         1.000000        -1.460964        -1.753886        0.2929216        0.1653041         6.049457    
 ten3                 tensio        -1.458668        -1.753886        0.2952178         1.000000        -1.458668        -1.753886        0.2952178        0.1653041         6.049457    
 ten4                 tensio        -1.459816        -1.753886        0.2940697         1.000000        -1.459816        -1.753886        0.2940697        0.1653041         6.049457    
 ten5                 tensio        -1.456946        -1.753886        0.2969400         1.000000        -1.456946        -1.753886        0.2969400        0.1653041         6.049457    
 ten6                 tensio        -1.461538        -1.753886        0.2923475         1.000000        -1.461538        -1.753886        0.2923475        0.1653041         6.049457    
 ten7                 tensio        -1.460390        -1.753886        0.2934956         1.000000        -1.460390        -1.753886        0.2934956        0.1653041         6.049457    
 ten8                 tensio        -1.458668        -1.753886        0.2952178         1.000000        -1.458668        -1.753886        0.2952178        0.1653041         6.049457    
 ten9                 tensio        -1.462113        -1.753886        0.2917735         1.000000        -1.462113        -1.753886        0.2917735        0.1653041         6.049457    
 ten10                tensio        -1.453502        -1.753886        0.3003843         1.000000        -1.453502        -1.753886        0.3003843        0.1653041         6.049457    
 ten11                tensio        -1.454076        -1.753886        0.2998102         1.000000        -1.454076        -1.753886        0.2998102        0.1653041         6.049457    
 ten12                tensio        -1.451780        -1.753886        0.3021064         1.000000        -1.451780        -1.753886        0.3021064        0.1653041         6.049457    
 ten13                tensio        -1.452354        -1.753886        0.3015324         1.000000        -1.452354        -1.753886        0.3015324        0.1653041         6.049457    
 ten14                tensio        -1.458668        -1.753886        0.2952178         1.000000        -1.458668        -1.753886        0.2952178        0.1653041         6.049457    
 ten15                tensio        -1.452354        -1.753886        0.3015324         1.000000        -1.452354        -1.753886        0.3015324        0.1653041         6.049457    
 ten16                tensio        -1.448909        -1.753886        0.3049767         1.000000        -1.448909        -1.753886        0.3049767        0.1653041         6.049457    
 ten17                tensio        -1.449483        -1.753886        0.3044026         1.000000        -1.449483        -1.753886        0.3044026        0.1653041         6.049457    
 ten18                tensio        -1.430540        -1.753886        0.3233464         1.000000        -1.430540        -1.753886        0.3233464        0.1653041         6.049457    
 ten19                tensio        -1.404133        -1.753886        0.3497528         1.000000        -1.404133        -1.753886        0.3497528        0.1653041         6.049457    
 ten20                tensio        -1.320321        -1.753886        0.4335645         1.000000        -1.320321        -1.753886        0.4335645        0.1653041         6.049457    
 ten21                tensio        -1.060276        -1.124210        6.3934455E-02     1.000000        -1.060276        -1.124210        6.3934455E-02    0.1653041         6.049457    
 ten22                tensio       -0.7824340        -1.000556        0.2181220         1.000000       -0.7824340        -1.000556        0.2181220        0.1653041         6.049457    
 ten23                tensio       -0.7169920       -0.9470100        0.2300180         1.000000       -0.7169920       -0.9470100        0.2300180        0.1653041         6.049457    
 ten24                tensio       -0.7112514       -0.9434110        0.2321596         1.000000       -0.7112514       -0.9434110        0.2321596        0.1653041         6.049457    
 ten25                tensio       -0.7123995       -0.9434110        0.2310115         1.000000       -0.7123995       -0.9434110        0.2310115        0.1653041         6.049457    
 ten26                tensio       -0.7152698       -0.9434110        0.2281412         1.000000       -0.7152698       -0.9434110        0.2281412        0.1653041         6.049457    
 ten27                tensio       -0.7169920       -0.9470100        0.2300180         1.000000       -0.7169920       -0.9470100        0.2300180        0.1653041         6.049457    
 ten28                tensio       -0.7307692       -0.9470100        0.2162408         1.000000       -0.7307692       -0.9470100        0.2162408        0.1653041         6.049457    
 ten29                tensio       -0.7669346       -0.9470100        0.1800754         1.000000       -0.7669346       -0.9470100        0.1800754        0.1653041         6.049457    
 ten30                tensio       -0.7887486       -0.9506360        0.1618874         1.000000       -0.7887486       -0.9506360        0.1618874        0.1653041         6.049457    
 ten31                tensio       -0.8088404       -0.9506360        0.1417956         1.000000       -0.8088404       -0.9506360        0.1417956        0.1653041         6.049457    
 ten32                tensio       -0.8283582       -0.9506360        0.1222778         1.000000       -0.8283582       -0.9506360        0.1222778        0.1653041         6.049457    
 ten33                tensio       -0.8467279       -0.9542920        0.1075641         1.000000       -0.8467279       -0.9542920        0.1075641        0.1653041         6.049457    
 ten34                tensio       -0.8639495       -0.9542920        9.0342517E-02     1.000000       -0.8639495       -0.9542920        9.0342517E-02    0.1653041         6.049457    
 ten35                tensio       -0.8828932       -0.9542920        7.1398774E-02     1.000000       -0.8828932       -0.9542920        7.1398774E-02    0.1653041         6.049457    
 ten36                tensio       -0.8960964       -0.9579770        6.1880559E-02     1.000000       -0.8960964       -0.9579770        6.1880559E-02    0.1653041         6.049457    
 ten37                tensio       -0.9064294       -0.9579770        5.1547608E-02     1.000000       -0.9064294       -0.9579770        5.1547608E-02    0.1653041         6.049457    
 ten38                tensio       -0.9173364       -0.9579770        4.0640605E-02     1.000000       -0.9173364       -0.9579770        4.0640605E-02    0.1653041         6.049457    
 ten39                tensio       -0.9282434       -0.9616920        3.3448602E-02     1.000000       -0.9282434       -0.9616920        3.3448602E-02    0.1653041         6.049457    
 ten40                tensio       -0.9380023       -0.9616920        2.3689704E-02     1.000000       -0.9380023       -0.9616920        2.3689704E-02    0.1653041         6.049457    
 ten41                tensio       -0.9477612       -0.9616920        1.3930806E-02     1.000000       -0.9477612       -0.9616920        1.3930806E-02    0.1653041         6.049457    
 ten42                tensio       -0.9552239       -0.9654360        1.0212119E-02     1.000000       -0.9552239       -0.9654360        1.0212119E-02    0.1653041         6.049457    
 ten43                tensio       -0.9632606       -0.9654360        2.1753800E-03     1.000000       -0.9632606       -0.9654360        2.1753800E-03    0.1653041         6.049457    
 ten44                tensio       -0.9712974       -0.9692110       -2.0863594E-03     1.000000       -0.9712974       -0.9692110       -2.0863594E-03    0.1653041         6.049457    
 ten45                tensio       -0.9799082       -0.9692110       -1.0697152E-02     1.000000       -0.9799082       -0.9692110       -1.0697152E-02    0.1653041         6.049457    
 ten46                tensio       -0.9862227       -0.9730170       -1.3205732E-02     1.000000       -0.9862227       -0.9730170       -1.3205732E-02    0.1653041         6.049457    
 ten47                tensio       -0.9936854       -0.9730170       -2.0668419E-02     1.000000       -0.9936854       -0.9730170       -2.0668419E-02    0.1653041         6.049457    
 ten48                tensio        -1.000574       -0.9730170       -2.7557053E-02     1.000000        -1.000574       -0.9730170       -2.7557053E-02    0.1653041         6.049457    
 ten49                tensio        -1.006889       -0.9768540       -3.0034634E-02     1.000000        -1.006889       -0.9768540       -3.0034634E-02    0.1653041         6.049457    
 ten50                tensio        -1.013203       -0.9768540       -3.6349215E-02     1.000000        -1.013203       -0.9768540       -3.6349215E-02    0.1653041         6.049457    
 ten51                tensio        -1.020092       -0.9846240       -3.5467848E-02     1.000000        -1.020092       -0.9846240       -3.5467848E-02    0.1653041         6.049457    
 ten52                tensio        -1.025832       -0.9925230       -3.3309377E-02     1.000000        -1.025832       -0.9925230       -3.3309377E-02    0.1653041         6.049457    
 ten53                tensio        -1.030999        -1.000556       -3.0442852E-02     1.000000        -1.030999        -1.000556       -3.0442852E-02    0.1653041         6.049457    
 ten54                tensio        -1.035591        -1.004624       -3.0967274E-02     1.000000        -1.035591        -1.004624       -3.0967274E-02    0.1653041         6.049457    
 ten55                tensio        -1.039610        -1.012864       -2.6745644E-02     1.000000        -1.039610        -1.012864       -2.6745644E-02    0.1653041         6.049457    
 ten56                tensio        -1.044202        -1.021248       -2.2954067E-02     1.000000        -1.044202        -1.021248       -2.2954067E-02    0.1653041         6.049457    
 ten57                tensio        -1.049943        -1.029779       -2.0163595E-02     1.000000        -1.049943        -1.029779       -2.0163595E-02    0.1653041         6.049457    
 ten58                tensio        -1.052813        -1.034101       -1.8711859E-02     1.000000        -1.052813        -1.034101       -1.8711859E-02    0.1653041         6.049457    
 ten59                tensio        -1.056257        -1.042860       -1.3397176E-02     1.000000        -1.056257        -1.042860       -1.3397176E-02    0.1653041         6.049457    
 ten60                tensio        -1.060850        -1.047299       -1.3550598E-02     1.000000        -1.060850        -1.047299       -1.3550598E-02    0.1653041         6.049457    
 ten61                tensio        -1.063720        -1.056298       -7.4218622E-03     1.000000        -1.063720        -1.056298       -7.4218622E-03    0.1653041         6.049457    
 ten62                tensio        -1.068312        -1.060859       -7.4532847E-03     1.000000        -1.068312        -1.060859       -7.4532847E-03    0.1653041         6.049457    
 ten63                tensio        -1.072331        -1.065462       -6.8686544E-03     1.000000        -1.072331        -1.065462       -6.8686544E-03    0.1653041         6.049457    
 ten64                tensio        -1.075775        -1.070107       -5.6679713E-03     1.000000        -1.075775        -1.070107       -5.6679713E-03    0.1653041         6.049457    
 ten65                tensio        -1.078071        -1.079528        1.4568175E-03     1.000000        -1.078071        -1.079528        1.4568175E-03    0.1653041         6.049457    
 ten66                tensio        -1.082090        -1.084306        2.2164478E-03     1.000000        -1.082090        -1.084306        2.2164478E-03    0.1653041         6.049457    
 ten67                tensio        -1.085534        -1.089128        3.5941309E-03     1.000000        -1.085534        -1.089128        3.5941309E-03    0.1653041         6.049457    
 ten68                tensio        -1.088404        -1.093996        5.5918668E-03     1.000000        -1.088404        -1.093996        5.5918668E-03    0.1653041         6.049457    
 ten69                tensio        -1.091274        -1.098911        7.6366028E-03     1.000000        -1.091274        -1.098911        7.6366028E-03    0.1653041         6.049457    
 ten70                tensio        -1.092423        -1.103873        1.1450497E-02     1.000000        -1.092423        -1.103873        1.1450497E-02    0.1653041         6.049457    
 ten71                tensio        -1.097015        -1.108883        1.1868075E-02     1.000000        -1.097015        -1.108883        1.1868075E-02    0.1653041         6.049457    
 ten72                tensio        -1.100459        -1.113942        1.3482758E-02     1.000000        -1.100459        -1.113942        1.3482758E-02    0.1653041         6.049457    
 ten73                tensio        -1.102181        -1.119051        1.6869599E-02     1.000000        -1.102181        -1.119051        1.6869599E-02    0.1653041         6.049457    
 ten74                tensio        -1.105052        -1.124210        1.9158335E-02     1.000000        -1.105052        -1.124210        1.9158335E-02    0.1653041         6.049457    
 ten75                tensio        -1.107348        -1.129420        2.2072124E-02     1.000000        -1.107348        -1.129420        2.2072124E-02    0.1653041         6.049457    
 ten76                tensio        -1.109644        -1.134682        2.5037913E-02     1.000000        -1.109644        -1.134682        2.5037913E-02    0.1653041         6.049457    
 ten77                tensio        -1.113088        -1.139997        2.6908596E-02     1.000000        -1.113088        -1.139997        2.6908596E-02    0.1653041         6.049457    
 ten78                tensio        -1.114237        -1.139997        2.5760490E-02     1.000000        -1.114237        -1.139997        2.5760490E-02    0.1653041         6.049457    
 ten79                tensio        -1.117107        -1.145366        2.8259226E-02     1.000000        -1.117107        -1.145366        2.8259226E-02    0.1653041         6.049457    
 ten80                tensio        -1.120551        -1.150789        3.0237909E-02     1.000000        -1.120551        -1.150789        3.0237909E-02    0.1653041         6.049457    
 ten81                tensio        -1.122847        -1.156268        3.3420698E-02     1.000000        -1.122847        -1.156268        3.3420698E-02    0.1653041         6.049457    
 ten82                tensio        -1.125144        -1.161803        3.6659487E-02     1.000000        -1.125144        -1.161803        3.6659487E-02    0.1653041         6.049457    
 ten83                tensio        -1.128014        -1.161803        3.3789223E-02     1.000000        -1.128014        -1.161803        3.3789223E-02    0.1653041         6.049457    
 ten84                tensio        -1.130310        -1.167396        3.7086011E-02     1.000000        -1.130310        -1.167396        3.7086011E-02    0.1653041         6.049457    
 ten85                tensio        -1.131458        -1.173047        4.1588906E-02     1.000000        -1.131458        -1.173047        4.1588906E-02    0.1653041         6.049457    
 ten86                tensio        -1.135476        -1.178757        4.3280536E-02     1.000000        -1.135476        -1.178757        4.3280536E-02    0.1653041         6.049457    
 ten87                tensio        -1.137199        -1.178757        4.1558378E-02     1.000000        -1.137199        -1.178757        4.1558378E-02    0.1653041         6.049457    
 ten88                tensio        -1.137773        -1.184528        4.6755325E-02     1.000000        -1.137773        -1.184528        4.6755325E-02    0.1653041         6.049457    
 ten89                tensio        -1.139495        -1.190359        5.0864166E-02     1.000000        -1.139495        -1.190359        5.0864166E-02    0.1653041         6.049457    
 ten90                tensio        -1.142939        -1.190359        4.7419850E-02     1.000000        -1.142939        -1.190359        4.7419850E-02    0.1653041         6.049457    
 ten91                tensio        -1.144661        -1.196254        5.1592691E-02     1.000000        -1.144661        -1.196254        5.1592691E-02    0.1653041         6.049457    
 ten92                tensio        -1.146958        -1.196254        4.9296480E-02     1.000000        -1.146958        -1.196254        4.9296480E-02    0.1653041         6.049457    
 ten93                tensio        -1.148106        -1.202211        5.4105374E-02     1.000000        -1.148106        -1.202211        5.4105374E-02    0.1653041         6.049457    
 ten94                tensio        -1.150402        -1.208234        5.7832163E-02     1.000000        -1.150402        -1.208234        5.7832163E-02    0.1653041         6.049457    
 ten95                tensio        -1.157290        -1.208234        5.0943529E-02     1.000000        -1.157290        -1.208234        5.0943529E-02    0.1653041         6.049457    
 ten96                tensio        -1.153846        -1.214322        6.0475846E-02     1.000000        -1.153846        -1.214322        6.0475846E-02    0.1653041         6.049457    
