 Name                 Group          Measured         Modelled         Residual         Weight       Weight*Measured    Weight*Modelled  Weight*Residual  Measurement_sd   Natural_weight
 ten1                 tensio        -1.464409        -1.753000        0.2885913         1.000000        -1.464409        -1.753000        0.2885913        0.1790140         5.586156    
 ten2                 tensio        -1.460964        -1.753000        0.2920356         1.000000        -1.460964        -1.753000        0.2920356        0.1790140         5.586156    
 ten3                 tensio        -1.458668        -1.753000        0.2943318         1.000000        -1.458668        -1.753000        0.2943318        0.1790140         5.586156    
 ten4                 tensio        -1.459816        -1.753000        0.2931837         1.000000        -1.459816        -1.753000        0.2931837        0.1790140         5.586156    
 ten5                 tensio        -1.456946        -1.753000        0.2960540         1.000000        -1.456946        -1.753000        0.2960540        0.1790140         5.586156    
 ten6                 tensio        -1.461538        -1.753000        0.2914615         1.000000        -1.461538        -1.753000        0.2914615        0.1790140         5.586156    
 ten7                 tensio        -1.460390        -1.753000        0.2926096         1.000000        -1.460390        -1.753000        0.2926096        0.1790140         5.586156    
 ten8                 tensio        -1.458668        -1.753000        0.2943318         1.000000        -1.458668        -1.753000        0.2943318        0.1790140         5.586156    
 ten9                 tensio        -1.462113        -1.753000        0.2908875         1.000000        -1.462113        -1.753000        0.2908875        0.1790140         5.586156    
 ten10                tensio        -1.453502        -1.753000        0.2994983         1.000000        -1.453502        -1.753000        0.2994983        0.1790140         5.586156    
 ten11                tensio        -1.454076        -1.753000        0.2989242         1.000000        -1.454076        -1.753000        0.2989242        0.1790140         5.586156    
 ten12                tensio        -1.451780        -1.753000        0.3012204         1.000000        -1.451780        -1.753000        0.3012204        0.1790140         5.586156    
 ten13                tensio        -1.452354        -1.753000        0.3006464         1.000000        -1.452354        -1.753000        0.3006464        0.1790140         5.586156    
 ten14                tensio        -1.458668        -1.753000        0.2943318         1.000000        -1.458668        -1.753000        0.2943318        0.1790140         5.586156    
 ten15                tensio        -1.452354        -1.753000        0.3006464         1.000000        -1.452354        -1.753000        0.3006464        0.1790140         5.586156    
 ten16                tensio        -1.448909        -1.753000        0.3040907         1.000000        -1.448909        -1.753000        0.3040907        0.1790140         5.586156    
 ten17                tensio        -1.449483        -1.753000        0.3035166         1.000000        -1.449483        -1.753000        0.3035166        0.1790140         5.586156    
 ten18                tensio        -1.430540        -1.753000        0.3224604         1.000000        -1.430540        -1.753000        0.3224604        0.1790140         5.586156    
 ten19                tensio        -1.404133        -1.753000        0.3488668         1.000000        -1.404133        -1.753000        0.3488668        0.1790140         5.586156    
 ten20                tensio        -1.320321        -1.753000        0.4326785         1.000000        -1.320321        -1.753000        0.4326785        0.1790140         5.586156    
 ten21                tensio        -1.060276        -1.136903        7.6627455E-02     1.000000        -1.060276        -1.136903        7.6627455E-02    0.1790140         5.586156    
 ten22                tensio       -0.7824340        -1.036770        0.2543360         1.000000       -0.7824340        -1.036770        0.2543360        0.1790140         5.586156    
 ten23                tensio       -0.7169920       -0.9859690        0.2689770         1.000000       -0.7169920       -0.9859690        0.2689770        0.1790140         5.586156    
 ten24                tensio       -0.7112514       -0.9859690        0.2747176         1.000000       -0.7112514       -0.9859690        0.2747176        0.1790140         5.586156    
 ten25                tensio       -0.7123995       -0.9859690        0.2735695         1.000000       -0.7123995       -0.9859690        0.2735695        0.1790140         5.586156    
 ten26                tensio       -0.7152698       -0.9859690        0.2706992         1.000000       -0.7152698       -0.9859690        0.2706992        0.1790140         5.586156    
 ten27                tensio       -0.7169920       -0.9896890        0.2726970         1.000000       -0.7169920       -0.9896890        0.2726970        0.1790140         5.586156    
 ten28                tensio       -0.7307692       -0.9896890        0.2589198         1.000000       -0.7307692       -0.9896890        0.2589198        0.1790140         5.586156    
 ten29                tensio       -0.7669346       -0.9896890        0.2227544         1.000000       -0.7669346       -0.9896890        0.2227544        0.1790140         5.586156    
 ten30                tensio       -0.7887486       -0.9934390        0.2046904         1.000000       -0.7887486       -0.9934390        0.2046904        0.1790140         5.586156    
 ten31                tensio       -0.8088404       -0.9934390        0.1845986         1.000000       -0.8088404       -0.9934390        0.1845986        0.1790140         5.586156    
 ten32                tensio       -0.8283582       -0.9934390        0.1650808         1.000000       -0.8283582       -0.9934390        0.1650808        0.1790140         5.586156    
 ten33                tensio       -0.8467279       -0.9972190        0.1504911         1.000000       -0.8467279       -0.9972190        0.1504911        0.1790140         5.586156    
 ten34                tensio       -0.8639495       -0.9972190        0.1332695         1.000000       -0.8639495       -0.9972190        0.1332695        0.1790140         5.586156    
 ten35                tensio       -0.8828932       -0.9972190        0.1143258         1.000000       -0.8828932       -0.9972190        0.1143258        0.1790140         5.586156    
 ten36                tensio       -0.8960964        -1.001029        0.1049326         1.000000       -0.8960964        -1.001029        0.1049326        0.1790140         5.586156    
 ten37                tensio       -0.9064294        -1.001029        9.4599608E-02     1.000000       -0.9064294        -1.001029        9.4599608E-02    0.1790140         5.586156    
 ten38                tensio       -0.9173364        -1.001029        8.3692605E-02     1.000000       -0.9173364        -1.001029        8.3692605E-02    0.1790140         5.586156    
 ten39                tensio       -0.9282434        -1.004871        7.6627602E-02     1.000000       -0.9282434        -1.004871        7.6627602E-02    0.1790140         5.586156    
 ten40                tensio       -0.9380023        -1.004871        6.6868704E-02     1.000000       -0.9380023        -1.004871        6.6868704E-02    0.1790140         5.586156    
 ten41                tensio       -0.9477612        -1.004871        5.7109806E-02     1.000000       -0.9477612        -1.004871        5.7109806E-02    0.1790140         5.586156    
 ten42                tensio       -0.9552239        -1.008744        5.3520119E-02     1.000000       -0.9552239        -1.008744        5.3520119E-02    0.1790140         5.586156    
 ten43                tensio       -0.9632606        -1.008744        4.5483380E-02     1.000000       -0.9632606        -1.008744        4.5483380E-02    0.1790140         5.586156    
 ten44                tensio       -0.9712974        -1.012649        4.1351641E-02     1.000000       -0.9712974        -1.012649        4.1351641E-02    0.1790140         5.586156    
 ten45                tensio       -0.9799082        -1.012649        3.2740848E-02     1.000000       -0.9799082        -1.012649        3.2740848E-02    0.1790140         5.586156    
 ten46                tensio       -0.9862227        -1.016585        3.0362268E-02     1.000000       -0.9862227        -1.016585        3.0362268E-02    0.1790140         5.586156    
 ten47                tensio       -0.9936854        -1.016585        2.2899581E-02     1.000000       -0.9936854        -1.016585        2.2899581E-02    0.1790140         5.586156    
 ten48                tensio        -1.000574        -1.016585        1.6010947E-02     1.000000        -1.000574        -1.016585        1.6010947E-02    0.1790140         5.586156    
 ten49                tensio        -1.006889        -1.020555        1.3666366E-02     1.000000        -1.006889        -1.020555        1.3666366E-02    0.1790140         5.586156    
 ten50                tensio        -1.013203        -1.020555        7.3517853E-03     1.000000        -1.013203        -1.020555        7.3517853E-03    0.1790140         5.586156    
 ten51                tensio        -1.020092        -1.028594        8.5021516E-03     1.000000        -1.020092        -1.028594        8.5021516E-03    0.1790140         5.586156    
 ten52                tensio        -1.025832        -1.036770        1.0937623E-02     1.000000        -1.025832        -1.036770        1.0937623E-02    0.1790140         5.586156    
 ten53                tensio        -1.030999        -1.045085        1.4086148E-02     1.000000        -1.030999        -1.045085        1.4086148E-02    0.1790140         5.586156    
 ten54                tensio        -1.035591        -1.053545        1.7953726E-02     1.000000        -1.035591        -1.053545        1.7953726E-02    0.1790140         5.586156    
 ten55                tensio        -1.039610        -1.057830        1.8220356E-02     1.000000        -1.039610        -1.057830        1.8220356E-02    0.1790140         5.586156    
 ten56                tensio        -1.044202        -1.066513        2.2310933E-02     1.000000        -1.044202        -1.066513        2.2310933E-02    0.1790140         5.586156    
 ten57                tensio        -1.049943        -1.075351        2.5408405E-02     1.000000        -1.049943        -1.075351        2.5408405E-02    0.1790140         5.586156    
 ten58                tensio        -1.052813        -1.079830        2.7017141E-02     1.000000        -1.052813        -1.079830        2.7017141E-02    0.1790140         5.586156    
 ten59                tensio        -1.056257        -1.088908        3.2650824E-02     1.000000        -1.056257        -1.088908        3.2650824E-02    0.1790140         5.586156    
 ten60                tensio        -1.060850        -1.093510        3.2660402E-02     1.000000        -1.060850        -1.093510        3.2660402E-02    0.1790140         5.586156    
 ten61                tensio        -1.063720        -1.098154        3.4434138E-02     1.000000        -1.063720        -1.098154        3.4434138E-02    0.1790140         5.586156    
 ten62                tensio        -1.068312        -1.107570        3.9257715E-02     1.000000        -1.068312        -1.107570        3.9257715E-02    0.1790140         5.586156    
 ten63                tensio        -1.072331        -1.112345        4.0014346E-02     1.000000        -1.072331        -1.112345        4.0014346E-02    0.1790140         5.586156    
 ten64                tensio        -1.075775        -1.117164        4.1389029E-02     1.000000        -1.075775        -1.117164        4.1389029E-02    0.1790140         5.586156    
 ten65                tensio        -1.078071        -1.122028        4.3956817E-02     1.000000        -1.078071        -1.122028        4.3956817E-02    0.1790140         5.586156    
 ten66                tensio        -1.082090        -1.131897        4.9807448E-02     1.000000        -1.082090        -1.131897        4.9807448E-02    0.1790140         5.586156    
 ten67                tensio        -1.085534        -1.136903        5.1369131E-02     1.000000        -1.085534        -1.136903        5.1369131E-02    0.1790140         5.586156    
 ten68                tensio        -1.088404        -1.141957        5.3552867E-02     1.000000        -1.088404        -1.141957        5.3552867E-02    0.1790140         5.586156    
 ten69                tensio        -1.091274        -1.147060        5.5785603E-02     1.000000        -1.091274        -1.147060        5.5785603E-02    0.1790140         5.586156    
 ten70                tensio        -1.092423        -1.152213        5.9790497E-02     1.000000        -1.092423        -1.152213        5.9790497E-02    0.1790140         5.586156    
 ten71                tensio        -1.097015        -1.157417        6.0402075E-02     1.000000        -1.097015        -1.157417        6.0402075E-02    0.1790140         5.586156    
 ten72                tensio        -1.100459        -1.162673        6.2213758E-02     1.000000        -1.100459        -1.162673        6.2213758E-02    0.1790140         5.586156    
 ten73                tensio        -1.102181        -1.167981        6.5799599E-02     1.000000        -1.102181        -1.167981        6.5799599E-02    0.1790140         5.586156    
 ten74                tensio        -1.105052        -1.173342        6.8290335E-02     1.000000        -1.105052        -1.173342        6.8290335E-02    0.1790140         5.586156    
 ten75                tensio        -1.107348        -1.173342        6.5994124E-02     1.000000        -1.107348        -1.173342        6.5994124E-02    0.1790140         5.586156    
 ten76                tensio        -1.109644        -1.178758        6.9113913E-02     1.000000        -1.109644        -1.178758        6.9113913E-02    0.1790140         5.586156    
 ten77                tensio        -1.113088        -1.184229        7.1140596E-02     1.000000        -1.113088        -1.184229        7.1140596E-02    0.1790140         5.586156    
 ten78                tensio        -1.114237        -1.189755        7.5518490E-02     1.000000        -1.114237        -1.189755        7.5518490E-02    0.1790140         5.586156    
 ten79                tensio        -1.117107        -1.195339        7.8232226E-02     1.000000        -1.117107        -1.195339        7.8232226E-02    0.1790140         5.586156    
 ten80                tensio        -1.120551        -1.200981        8.0429909E-02     1.000000        -1.120551        -1.200981        8.0429909E-02    0.1790140         5.586156    
 ten81                tensio        -1.122847        -1.200981        7.8133698E-02     1.000000        -1.122847        -1.200981        7.8133698E-02    0.1790140         5.586156    
 ten82                tensio        -1.125144        -1.206681        8.1537487E-02     1.000000        -1.125144        -1.206681        8.1537487E-02    0.1790140         5.586156    
 ten83                tensio        -1.128014        -1.212441        8.4427223E-02     1.000000        -1.128014        -1.212441        8.4427223E-02    0.1790140         5.586156    
 ten84                tensio        -1.130310        -1.212441        8.2131011E-02     1.000000        -1.130310        -1.212441        8.2131011E-02    0.1790140         5.586156    
 ten85                tensio        -1.131458        -1.218262        8.6803906E-02     1.000000        -1.131458        -1.218262        8.6803906E-02    0.1790140         5.586156    
 ten86                tensio        -1.135476        -1.224145        8.8668536E-02     1.000000        -1.135476        -1.224145        8.8668536E-02    0.1790140         5.586156    
 ten87                tensio        -1.137199        -1.224145        8.6946378E-02     1.000000        -1.137199        -1.224145        8.6946378E-02    0.1790140         5.586156    
 ten88                tensio        -1.137773        -1.230091        9.2318325E-02     1.000000        -1.137773        -1.230091        9.2318325E-02    0.1790140         5.586156    
 ten89                tensio        -1.139495        -1.236102        9.6607166E-02     1.000000        -1.139495        -1.236102        9.6607166E-02    0.1790140         5.586156    
 ten90                tensio        -1.142939        -1.236102        9.3162850E-02     1.000000        -1.142939        -1.236102        9.3162850E-02    0.1790140         5.586156    
 ten91                tensio        -1.144661        -1.242177        9.7515691E-02     1.000000        -1.144661        -1.242177        9.7515691E-02    0.1790140         5.586156    
 ten92                tensio        -1.146958        -1.248319        0.1013615         1.000000        -1.146958        -1.248319        0.1013615        0.1790140         5.586156    
 ten93                tensio        -1.148106        -1.248319        0.1002134         1.000000        -1.148106        -1.248319        0.1002134        0.1790140         5.586156    
 ten94                tensio        -1.150402        -1.254528        0.1041262         1.000000        -1.150402        -1.254528        0.1041262        0.1790140         5.586156    
 ten95                tensio        -1.157290        -1.254528        9.7237529E-02     1.000000        -1.157290        -1.254528        9.7237529E-02    0.1790140         5.586156    
 ten96                tensio        -1.153846        -1.260806        0.1069598         1.000000        -1.153846        -1.260806        0.1069598        0.1790140         5.586156    
