 Name                 Group          Measured         Modelled         Residual         Weight       Weight*Measured    Weight*Modelled  Weight*Residual  Measurement_sd   Natural_weight
 ten1                 tensio        -1.464409        -1.740443        0.2760343         1.000000        -1.464409        -1.740443        0.2760343        0.1593483         6.275560    
 ten2                 tensio        -1.460964        -1.740443        0.2794786         1.000000        -1.460964        -1.740443        0.2794786        0.1593483         6.275560    
 ten3                 tensio        -1.458668        -1.740443        0.2817748         1.000000        -1.458668        -1.740443        0.2817748        0.1593483         6.275560    
 ten4                 tensio        -1.459816        -1.740443        0.2806267         1.000000        -1.459816        -1.740443        0.2806267        0.1593483         6.275560    
 ten5                 tensio        -1.456946        -1.740443        0.2834970         1.000000        -1.456946        -1.740443        0.2834970        0.1593483         6.275560    
 ten6                 tensio        -1.461538        -1.740443        0.2789045         1.000000        -1.461538        -1.740443        0.2789045        0.1593483         6.275560    
 ten7                 tensio        -1.460390        -1.740443        0.2800526         1.000000        -1.460390        -1.740443        0.2800526        0.1593483         6.275560    
 ten8                 tensio        -1.458668        -1.740443        0.2817748         1.000000        -1.458668        -1.740443        0.2817748        0.1593483         6.275560    
 ten9                 tensio        -1.462113        -1.740443        0.2783305         1.000000        -1.462113        -1.740443        0.2783305        0.1593483         6.275560    
 ten10                tensio        -1.453502        -1.740443        0.2869413         1.000000        -1.453502        -1.740443        0.2869413        0.1593483         6.275560    
 ten11                tensio        -1.454076        -1.740443        0.2863672         1.000000        -1.454076        -1.740443        0.2863672        0.1593483         6.275560    
 ten12                tensio        -1.451780        -1.740443        0.2886634         1.000000        -1.451780        -1.740443        0.2886634        0.1593483         6.275560    
 ten13                tensio        -1.452354        -1.740443        0.2880894         1.000000        -1.452354        -1.740443        0.2880894        0.1593483         6.275560    
 ten14                tensio        -1.458668        -1.740443        0.2817748         1.000000        -1.458668        -1.740443        0.2817748        0.1593483         6.275560    
 ten15                tensio        -1.452354        -1.740443        0.2880894         1.000000        -1.452354        -1.740443        0.2880894        0.1593483         6.275560    
 ten16                tensio        -1.448909        -1.740443        0.2915337         1.000000        -1.448909        -1.740443        0.2915337        0.1593483         6.275560    
 ten17                tensio        -1.449483        -1.740443        0.2909596         1.000000        -1.449483        -1.740443        0.2909596        0.1593483         6.275560    
 ten18                tensio        -1.430540        -1.740443        0.3099034         1.000000        -1.430540        -1.740443        0.3099034        0.1593483         6.275560    
 ten19                tensio        -1.404133        -1.740443        0.3363098         1.000000        -1.404133        -1.740443        0.3363098        0.1593483         6.275560    
 ten20                tensio        -1.320321        -1.740443        0.4201215         1.000000        -1.320321        -1.740443        0.4201215        0.1593483         6.275560    
 ten21                tensio        -1.060276        -1.112964        5.2688455E-02     1.000000        -1.060276        -1.112964        5.2688455E-02    0.1593483         6.275560    
 ten22                tensio       -0.7824340       -0.9994400        0.2170060         1.000000       -0.7824340       -0.9994400        0.2170060        0.1593483         6.275560    
 ten23                tensio       -0.7169920       -0.9422370        0.2252450         1.000000       -0.7169920       -0.9422370        0.2252450        0.1593483         6.275560    
 ten24                tensio       -0.7112514       -0.9422370        0.2309856         1.000000       -0.7112514       -0.9422370        0.2309856        0.1593483         6.275560    
 ten25                tensio       -0.7123995       -0.9422370        0.2298375         1.000000       -0.7123995       -0.9422370        0.2298375        0.1593483         6.275560    
 ten26                tensio       -0.7152698       -0.9422370        0.2269672         1.000000       -0.7152698       -0.9422370        0.2269672        0.1593483         6.275560    
 ten27                tensio       -0.7169920       -0.9458390        0.2288470         1.000000       -0.7169920       -0.9458390        0.2288470        0.1593483         6.275560    
 ten28                tensio       -0.7307692       -0.9458390        0.2150698         1.000000       -0.7307692       -0.9458390        0.2150698        0.1593483         6.275560    
 ten29                tensio       -0.7669346       -0.9458390        0.1789044         1.000000       -0.7669346       -0.9458390        0.1789044        0.1593483         6.275560    
 ten30                tensio       -0.7887486       -0.9494690        0.1607204         1.000000       -0.7887486       -0.9494690        0.1607204        0.1593483         6.275560    
 ten31                tensio       -0.8088404       -0.9494690        0.1406286         1.000000       -0.8088404       -0.9494690        0.1406286        0.1593483         6.275560    
 ten32                tensio       -0.8283582       -0.9494690        0.1211108         1.000000       -0.8283582       -0.9494690        0.1211108        0.1593483         6.275560    
 ten33                tensio       -0.8467279       -0.9531280        0.1064001         1.000000       -0.8467279       -0.9531280        0.1064001        0.1593483         6.275560    
 ten34                tensio       -0.8639495       -0.9531280        8.9178517E-02     1.000000       -0.8639495       -0.9531280        8.9178517E-02    0.1593483         6.275560    
 ten35                tensio       -0.8828932       -0.9531280        7.0234774E-02     1.000000       -0.8828932       -0.9531280        7.0234774E-02    0.1593483         6.275560    
 ten36                tensio       -0.8960964       -0.9568170        6.0720559E-02     1.000000       -0.8960964       -0.9568170        6.0720559E-02    0.1593483         6.275560    
 ten37                tensio       -0.9064294       -0.9568170        5.0387608E-02     1.000000       -0.9064294       -0.9568170        5.0387608E-02    0.1593483         6.275560    
 ten38                tensio       -0.9173364       -0.9568170        3.9480605E-02     1.000000       -0.9173364       -0.9568170        3.9480605E-02    0.1593483         6.275560    
 ten39                tensio       -0.9282434       -0.9605350        3.2291602E-02     1.000000       -0.9282434       -0.9605350        3.2291602E-02    0.1593483         6.275560    
 ten40                tensio       -0.9380023       -0.9605350        2.2532704E-02     1.000000       -0.9380023       -0.9605350        2.2532704E-02    0.1593483         6.275560    
 ten41                tensio       -0.9477612       -0.9605350        1.2773806E-02     1.000000       -0.9477612       -0.9605350        1.2773806E-02    0.1593483         6.275560    
 ten42                tensio       -0.9552239       -0.9642840        9.0601194E-03     1.000000       -0.9552239       -0.9642840        9.0601194E-03    0.1593483         6.275560    
 ten43                tensio       -0.9632606       -0.9642840        1.0233800E-03     1.000000       -0.9632606       -0.9642840        1.0233800E-03    0.1593483         6.275560    
 ten44                tensio       -0.9712974       -0.9680620       -3.2353594E-03     1.000000       -0.9712974       -0.9680620       -3.2353594E-03    0.1593483         6.275560    
 ten45                tensio       -0.9799082       -0.9680620       -1.1846152E-02     1.000000       -0.9799082       -0.9680620       -1.1846152E-02    0.1593483         6.275560    
 ten46                tensio       -0.9862227       -0.9680620       -1.8160732E-02     1.000000       -0.9862227       -0.9680620       -1.8160732E-02    0.1593483         6.275560    
 ten47                tensio       -0.9936854       -0.9718720       -2.1813419E-02     1.000000       -0.9936854       -0.9718720       -2.1813419E-02    0.1593483         6.275560    
 ten48                tensio        -1.000574       -0.9718720       -2.8702053E-02     1.000000        -1.000574       -0.9718720       -2.8702053E-02    0.1593483         6.275560    
 ten49                tensio        -1.006889       -0.9757130       -3.1175634E-02     1.000000        -1.006889       -0.9757130       -3.1175634E-02    0.1593483         6.275560    
 ten50                tensio        -1.013203       -0.9757130       -3.7490215E-02     1.000000        -1.013203       -0.9757130       -3.7490215E-02    0.1593483         6.275560    
 ten51                tensio        -1.020092       -0.9795860       -4.0505848E-02     1.000000        -1.020092       -0.9795860       -4.0505848E-02    0.1593483         6.275560    
 ten52                tensio        -1.025832       -0.9874280       -3.8404377E-02     1.000000        -1.025832       -0.9874280       -3.8404377E-02    0.1593483         6.275560    
 ten53                tensio        -1.030999       -0.9954020       -3.5596852E-02     1.000000        -1.030999       -0.9954020       -3.5596852E-02    0.1593483         6.275560    
 ten54                tensio        -1.035591        -1.003512       -3.2079274E-02     1.000000        -1.035591        -1.003512       -3.2079274E-02    0.1593483         6.275560    
 ten55                tensio        -1.039610        -1.011761       -2.7848644E-02     1.000000        -1.039610        -1.011761       -2.7848644E-02    0.1593483         6.275560    
 ten56                tensio        -1.044202        -1.020154       -2.4048067E-02     1.000000        -1.044202        -1.020154       -2.4048067E-02    0.1593483         6.275560    
 ten57                tensio        -1.049943        -1.024406       -2.5536595E-02     1.000000        -1.049943        -1.024406       -2.5536595E-02    0.1593483         6.275560    
 ten58                tensio        -1.052813        -1.033022       -1.9790859E-02     1.000000        -1.052813        -1.033022       -1.9790859E-02    0.1593483         6.275560    
 ten59                tensio        -1.056257        -1.037387       -1.8870176E-02     1.000000        -1.056257        -1.037387       -1.8870176E-02    0.1593483         6.275560    
 ten60                tensio        -1.060850        -1.046236       -1.4613598E-02     1.000000        -1.060850        -1.046236       -1.4613598E-02    0.1593483         6.275560    
 ten61                tensio        -1.063720        -1.050720       -1.2999862E-02     1.000000        -1.063720        -1.050720       -1.2999862E-02    0.1593483         6.275560    
 ten62                tensio        -1.068312        -1.059812       -8.5002847E-03     1.000000        -1.068312        -1.059812       -8.5002847E-03    0.1593483         6.275560    
 ten63                tensio        -1.072331        -1.064421       -7.9096544E-03     1.000000        -1.072331        -1.064421       -7.9096544E-03    0.1593483         6.275560    
 ten64                tensio        -1.075775        -1.069072       -6.7029713E-03     1.000000        -1.075775        -1.069072       -6.7029713E-03    0.1593483         6.275560    
 ten65                tensio        -1.078071        -1.073767       -4.3041826E-03     1.000000        -1.078071        -1.073767       -4.3041826E-03    0.1593483         6.275560    
 ten66                tensio        -1.082090        -1.083288        1.1984478E-03     1.000000        -1.082090        -1.083288        1.1984478E-03    0.1593483         6.275560    
 ten67                tensio        -1.085534        -1.088117        2.5831309E-03     1.000000        -1.085534        -1.088117        2.5831309E-03    0.1593483         6.275560    
 ten68                tensio        -1.088404        -1.092991        4.5868668E-03     1.000000        -1.088404        -1.092991        4.5868668E-03    0.1593483         6.275560    
 ten69                tensio        -1.091274        -1.097912        6.6376028E-03     1.000000        -1.091274        -1.097912        6.6376028E-03    0.1593483         6.275560    
 ten70                tensio        -1.092423        -1.102881        1.0458497E-02     1.000000        -1.092423        -1.102881        1.0458497E-02    0.1593483         6.275560    
 ten71                tensio        -1.097015        -1.107898        1.0883075E-02     1.000000        -1.097015        -1.107898        1.0883075E-02    0.1593483         6.275560    
 ten72                tensio        -1.100459        -1.112964        1.2504758E-02     1.000000        -1.100459        -1.112964        1.2504758E-02    0.1593483         6.275560    
 ten73                tensio        -1.102181        -1.118079        1.5897599E-02     1.000000        -1.102181        -1.118079        1.5897599E-02    0.1593483         6.275560    
 ten74                tensio        -1.105052        -1.123245        1.8193335E-02     1.000000        -1.105052        -1.123245        1.8193335E-02    0.1593483         6.275560    
 ten75                tensio        -1.107348        -1.128463        2.1115124E-02     1.000000        -1.107348        -1.128463        2.1115124E-02    0.1593483         6.275560    
 ten76                tensio        -1.109644        -1.133732        2.4087913E-02     1.000000        -1.109644        -1.133732        2.4087913E-02    0.1593483         6.275560    
 ten77                tensio        -1.113088        -1.133732        2.0643596E-02     1.000000        -1.113088        -1.133732        2.0643596E-02    0.1593483         6.275560    
 ten78                tensio        -1.114237        -1.139054        2.4817490E-02     1.000000        -1.114237        -1.139054        2.4817490E-02    0.1593483         6.275560    
 ten79                tensio        -1.117107        -1.144431        2.7324226E-02     1.000000        -1.117107        -1.144431        2.7324226E-02    0.1593483         6.275560    
 ten80                tensio        -1.120551        -1.149862        2.9310909E-02     1.000000        -1.120551        -1.149862        2.9310909E-02    0.1593483         6.275560    
 ten81                tensio        -1.122847        -1.155349        3.2501698E-02     1.000000        -1.122847        -1.155349        3.2501698E-02    0.1593483         6.275560    
 ten82                tensio        -1.125144        -1.155349        3.0205487E-02     1.000000        -1.125144        -1.155349        3.0205487E-02    0.1593483         6.275560    
 ten83                tensio        -1.128014        -1.160892        3.2878223E-02     1.000000        -1.128014        -1.160892        3.2878223E-02    0.1593483         6.275560    
 ten84                tensio        -1.130310        -1.166493        3.6183011E-02     1.000000        -1.130310        -1.166493        3.6183011E-02    0.1593483         6.275560    
 ten85                tensio        -1.131458        -1.172152        4.0693906E-02     1.000000        -1.131458        -1.172152        4.0693906E-02    0.1593483         6.275560    
 ten86                tensio        -1.135476        -1.172152        3.6675536E-02     1.000000        -1.135476        -1.172152        3.6675536E-02    0.1593483         6.275560    
 ten87                tensio        -1.137199        -1.177871        4.0672378E-02     1.000000        -1.137199        -1.177871        4.0672378E-02    0.1593483         6.275560    
 ten88                tensio        -1.137773        -1.183650        4.5877325E-02     1.000000        -1.137773        -1.183650        4.5877325E-02    0.1593483         6.275560    
 ten89                tensio        -1.139495        -1.183650        4.4155166E-02     1.000000        -1.139495        -1.183650        4.4155166E-02    0.1593483         6.275560    
 ten90                tensio        -1.142939        -1.189490        4.6550850E-02     1.000000        -1.142939        -1.189490        4.6550850E-02    0.1593483         6.275560    
 ten91                tensio        -1.144661        -1.189490        4.4828691E-02     1.000000        -1.144661        -1.189490        4.4828691E-02    0.1593483         6.275560    
 ten92                tensio        -1.146958        -1.195394        4.8436480E-02     1.000000        -1.146958        -1.195394        4.8436480E-02    0.1593483         6.275560    
 ten93                tensio        -1.148106        -1.201361        5.3255374E-02     1.000000        -1.148106        -1.201361        5.3255374E-02    0.1593483         6.275560    
 ten94                tensio        -1.150402        -1.201361        5.0959163E-02     1.000000        -1.150402        -1.201361        5.0959163E-02    0.1593483         6.275560    
 ten95                tensio        -1.157290        -1.207392        5.0101529E-02     1.000000        -1.157290        -1.207392        5.0101529E-02    0.1593483         6.275560    
 ten96                tensio        -1.153846        -1.207392        5.3545846E-02     1.000000        -1.153846        -1.207392        5.3545846E-02    0.1593483         6.275560    
