 Name                 Group          Measured         Modelled         Residual         Weight       Weight*Measured    Weight*Modelled  Weight*Residual  Measurement_sd   Natural_weight
 ten1                 tensio        -1.464409        -1.741393        0.2769843         1.000000        -1.464409        -1.741393        0.2769843        0.1581700         6.322311    
 ten2                 tensio        -1.460964        -1.741393        0.2804286         1.000000        -1.460964        -1.741393        0.2804286        0.1581700         6.322311    
 ten3                 tensio        -1.458668        -1.741393        0.2827248         1.000000        -1.458668        -1.741393        0.2827248        0.1581700         6.322311    
 ten4                 tensio        -1.459816        -1.741393        0.2815767         1.000000        -1.459816        -1.741393        0.2815767        0.1581700         6.322311    
 ten5                 tensio        -1.456946        -1.741393        0.2844470         1.000000        -1.456946        -1.741393        0.2844470        0.1581700         6.322311    
 ten6                 tensio        -1.461538        -1.741393        0.2798545         1.000000        -1.461538        -1.741393        0.2798545        0.1581700         6.322311    
 ten7                 tensio        -1.460390        -1.741393        0.2810026         1.000000        -1.460390        -1.741393        0.2810026        0.1581700         6.322311    
 ten8                 tensio        -1.458668        -1.741393        0.2827248         1.000000        -1.458668        -1.741393        0.2827248        0.1581700         6.322311    
 ten9                 tensio        -1.462113        -1.741393        0.2792805         1.000000        -1.462113        -1.741393        0.2792805        0.1581700         6.322311    
 ten10                tensio        -1.453502        -1.741393        0.2878913         1.000000        -1.453502        -1.741393        0.2878913        0.1581700         6.322311    
 ten11                tensio        -1.454076        -1.741393        0.2873172         1.000000        -1.454076        -1.741393        0.2873172        0.1581700         6.322311    
 ten12                tensio        -1.451780        -1.741393        0.2896134         1.000000        -1.451780        -1.741393        0.2896134        0.1581700         6.322311    
 ten13                tensio        -1.452354        -1.741393        0.2890394         1.000000        -1.452354        -1.741393        0.2890394        0.1581700         6.322311    
 ten14                tensio        -1.458668        -1.741393        0.2827248         1.000000        -1.458668        -1.741393        0.2827248        0.1581700         6.322311    
 ten15                tensio        -1.452354        -1.741393        0.2890394         1.000000        -1.452354        -1.741393        0.2890394        0.1581700         6.322311    
 ten16                tensio        -1.448909        -1.741393        0.2924837         1.000000        -1.448909        -1.741393        0.2924837        0.1581700         6.322311    
 ten17                tensio        -1.449483        -1.741393        0.2919096         1.000000        -1.449483        -1.741393        0.2919096        0.1581700         6.322311    
 ten18                tensio        -1.430540        -1.741393        0.3108534         1.000000        -1.430540        -1.741393        0.3108534        0.1581700         6.322311    
 ten19                tensio        -1.404133        -1.741393        0.3372598         1.000000        -1.404133        -1.741393        0.3372598        0.1581700         6.322311    
 ten20                tensio        -1.320321        -1.741393        0.4210715         1.000000        -1.320321        -1.741393        0.4210715        0.1581700         6.322311    
 ten21                tensio        -1.060276        -1.109842        4.9566455E-02     1.000000        -1.060276        -1.109842        4.9566455E-02    0.1581700         6.322311    
 ten22                tensio       -0.7824340       -0.9918010        0.2093670         1.000000       -0.7824340       -0.9918010        0.2093670        0.1581700         6.322311    
 ten23                tensio       -0.7169920       -0.9348710        0.2178790         1.000000       -0.7169920       -0.9348710        0.2178790        0.1581700         6.322311    
 ten24                tensio       -0.7112514       -0.9348710        0.2236196         1.000000       -0.7112514       -0.9348710        0.2236196        0.1581700         6.322311    
 ten25                tensio       -0.7123995       -0.9348710        0.2224715         1.000000       -0.7123995       -0.9348710        0.2224715        0.1581700         6.322311    
 ten26                tensio       -0.7152698       -0.9348710        0.2196012         1.000000       -0.7152698       -0.9348710        0.2196012        0.1581700         6.322311    
 ten27                tensio       -0.7169920       -0.9384560        0.2214640         1.000000       -0.7169920       -0.9384560        0.2214640        0.1581700         6.322311    
 ten28                tensio       -0.7307692       -0.9384560        0.2076868         1.000000       -0.7307692       -0.9384560        0.2076868        0.1581700         6.322311    
 ten29                tensio       -0.7669346       -0.9384560        0.1715214         1.000000       -0.7669346       -0.9384560        0.1715214        0.1581700         6.322311    
 ten30                tensio       -0.7887486       -0.9420690        0.1533204         1.000000       -0.7887486       -0.9420690        0.1533204        0.1581700         6.322311    
 ten31                tensio       -0.8088404       -0.9420690        0.1332286         1.000000       -0.8088404       -0.9420690        0.1332286        0.1581700         6.322311    
 ten32                tensio       -0.8283582       -0.9420690        0.1137108         1.000000       -0.8283582       -0.9420690        0.1137108        0.1581700         6.322311    
 ten33                tensio       -0.8467279       -0.9420690        9.5341101E-02     1.000000       -0.8467279       -0.9420690        9.5341101E-02    0.1581700         6.322311    
 ten34                tensio       -0.8639495       -0.9457110        8.1761517E-02     1.000000       -0.8639495       -0.9457110        8.1761517E-02    0.1581700         6.322311    
 ten35                tensio       -0.8828932       -0.9457110        6.2817774E-02     1.000000       -0.8828932       -0.9457110        6.2817774E-02    0.1581700         6.322311    
 ten36                tensio       -0.8960964       -0.9493830        5.3286559E-02     1.000000       -0.8960964       -0.9493830        5.3286559E-02    0.1581700         6.322311    
 ten37                tensio       -0.9064294       -0.9493830        4.2953608E-02     1.000000       -0.9064294       -0.9493830        4.2953608E-02    0.1581700         6.322311    
 ten38                tensio       -0.9173364       -0.9493830        3.2046605E-02     1.000000       -0.9173364       -0.9493830        3.2046605E-02    0.1581700         6.322311    
 ten39                tensio       -0.9282434       -0.9530830        2.4839602E-02     1.000000       -0.9282434       -0.9530830        2.4839602E-02    0.1581700         6.322311    
 ten40                tensio       -0.9380023       -0.9530830        1.5080704E-02     1.000000       -0.9380023       -0.9530830        1.5080704E-02    0.1581700         6.322311    
 ten41                tensio       -0.9477612       -0.9530830        5.3218060E-03     1.000000       -0.9477612       -0.9530830        5.3218060E-03    0.1581700         6.322311    
 ten42                tensio       -0.9552239       -0.9568140        1.5901194E-03     1.000000       -0.9552239       -0.9568140        1.5901194E-03    0.1581700         6.322311    
 ten43                tensio       -0.9632606       -0.9568140       -6.4466200E-03     1.000000       -0.9632606       -0.9568140       -6.4466200E-03    0.1581700         6.322311    
 ten44                tensio       -0.9712974       -0.9605740       -1.0723359E-02     1.000000       -0.9712974       -0.9605740       -1.0723359E-02    0.1581700         6.322311    
 ten45                tensio       -0.9799082       -0.9605740       -1.9334152E-02     1.000000       -0.9799082       -0.9605740       -1.9334152E-02    0.1581700         6.322311    
 ten46                tensio       -0.9862227       -0.9605740       -2.5648732E-02     1.000000       -0.9862227       -0.9605740       -2.5648732E-02    0.1581700         6.322311    
 ten47                tensio       -0.9936854       -0.9643660       -2.9319419E-02     1.000000       -0.9936854       -0.9643660       -2.9319419E-02    0.1581700         6.322311    
 ten48                tensio        -1.000574       -0.9643660       -3.6208053E-02     1.000000        -1.000574       -0.9643660       -3.6208053E-02    0.1581700         6.322311    
 ten49                tensio        -1.006889       -0.9681890       -3.8699634E-02     1.000000        -1.006889       -0.9681890       -3.8699634E-02    0.1581700         6.322311    
 ten50                tensio        -1.013203       -0.9681890       -4.5014215E-02     1.000000        -1.013203       -0.9681890       -4.5014215E-02    0.1581700         6.322311    
 ten51                tensio        -1.020092       -0.9720430       -4.8048848E-02     1.000000        -1.020092       -0.9720430       -4.8048848E-02    0.1581700         6.322311    
 ten52                tensio        -1.025832       -0.9798470       -4.5985377E-02     1.000000        -1.025832       -0.9798470       -4.5985377E-02    0.1581700         6.322311    
 ten53                tensio        -1.030999       -0.9877830       -4.3215852E-02     1.000000        -1.030999       -0.9877830       -4.3215852E-02    0.1581700         6.322311    
 ten54                tensio        -1.035591       -0.9958540       -3.9737274E-02     1.000000        -1.035591       -0.9958540       -3.9737274E-02    0.1581700         6.322311    
 ten55                tensio        -1.039610        -1.004063       -3.5546644E-02     1.000000        -1.039610        -1.004063       -3.5546644E-02    0.1581700         6.322311    
 ten56                tensio        -1.044202        -1.008221       -3.5981067E-02     1.000000        -1.044202        -1.008221       -3.5981067E-02    0.1581700         6.322311    
 ten57                tensio        -1.049943        -1.016645       -3.3297595E-02     1.000000        -1.049943        -1.016645       -3.3297595E-02    0.1581700         6.322311    
 ten58                tensio        -1.052813        -1.025219       -2.7593859E-02     1.000000        -1.052813        -1.025219       -2.7593859E-02    0.1581700         6.322311    
 ten59                tensio        -1.056257        -1.029563       -2.6694176E-02     1.000000        -1.056257        -1.029563       -2.6694176E-02    0.1581700         6.322311    
 ten60                tensio        -1.060850        -1.038367       -2.2482598E-02     1.000000        -1.060850        -1.038367       -2.2482598E-02    0.1581700         6.322311    
 ten61                tensio        -1.063720        -1.042829       -2.0890862E-02     1.000000        -1.063720        -1.042829       -2.0890862E-02    0.1581700         6.322311    
 ten62                tensio        -1.068312        -1.047332       -2.0980285E-02     1.000000        -1.068312        -1.047332       -2.0980285E-02    0.1581700         6.322311    
 ten63                tensio        -1.072331        -1.056461       -1.5869654E-02     1.000000        -1.072331        -1.056461       -1.5869654E-02    0.1581700         6.322311    
 ten64                tensio        -1.075775        -1.061088       -1.4686971E-02     1.000000        -1.075775        -1.061088       -1.4686971E-02    0.1581700         6.322311    
 ten65                tensio        -1.078071        -1.065759       -1.2312183E-02     1.000000        -1.078071        -1.065759       -1.2312183E-02    0.1581700         6.322311    
 ten66                tensio        -1.082090        -1.070474       -1.1615552E-02     1.000000        -1.082090        -1.070474       -1.1615552E-02    0.1581700         6.322311    
 ten67                tensio        -1.085534        -1.080036       -5.4978691E-03     1.000000        -1.085534        -1.080036       -5.4978691E-03    0.1581700         6.322311    
 ten68                tensio        -1.088404        -1.084885       -3.5191332E-03     1.000000        -1.088404        -1.084885       -3.5191332E-03    0.1581700         6.322311    
 ten69                tensio        -1.091274        -1.089781       -1.4933972E-03     1.000000        -1.091274        -1.089781       -1.4933972E-03    0.1581700         6.322311    
 ten70                tensio        -1.092423        -1.094724        2.3014971E-03     1.000000        -1.092423        -1.094724        2.3014971E-03    0.1581700         6.322311    
 ten71                tensio        -1.097015        -1.099714        2.6990746E-03     1.000000        -1.097015        -1.099714        2.6990746E-03    0.1581700         6.322311    
 ten72                tensio        -1.100459        -1.104754        4.2947578E-03     1.000000        -1.100459        -1.104754        4.2947578E-03    0.1581700         6.322311    
 ten73                tensio        -1.102181        -1.109842        7.6605993E-03     1.000000        -1.102181        -1.109842        7.6605993E-03    0.1581700         6.322311    
 ten74                tensio        -1.105052        -1.114981        9.9293353E-03     1.000000        -1.105052        -1.114981        9.9293353E-03    0.1581700         6.322311    
 ten75                tensio        -1.107348        -1.120171        1.2823124E-02     1.000000        -1.107348        -1.120171        1.2823124E-02    0.1581700         6.322311    
 ten76                tensio        -1.109644        -1.120171        1.0526913E-02     1.000000        -1.109644        -1.120171        1.0526913E-02    0.1581700         6.322311    
 ten77                tensio        -1.113088        -1.125412        1.2323596E-02     1.000000        -1.113088        -1.125412        1.2323596E-02    0.1581700         6.322311    
 ten78                tensio        -1.114237        -1.130706        1.6469490E-02     1.000000        -1.114237        -1.130706        1.6469490E-02    0.1581700         6.322311    
 ten79                tensio        -1.117107        -1.136054        1.8947226E-02     1.000000        -1.117107        -1.136054        1.8947226E-02    0.1581700         6.322311    
 ten80                tensio        -1.120551        -1.141456        2.0904909E-02     1.000000        -1.120551        -1.141456        2.0904909E-02    0.1581700         6.322311    
 ten81                tensio        -1.122847        -1.141456        1.8608698E-02     1.000000        -1.122847        -1.141456        1.8608698E-02    0.1581700         6.322311    
 ten82                tensio        -1.125144        -1.146913        2.1769487E-02     1.000000        -1.125144        -1.146913        2.1769487E-02    0.1581700         6.322311    
 ten83                tensio        -1.128014        -1.152426        2.4412223E-02     1.000000        -1.128014        -1.152426        2.4412223E-02    0.1581700         6.322311    
 ten84                tensio        -1.130310        -1.157996        2.7686011E-02     1.000000        -1.130310        -1.157996        2.7686011E-02    0.1581700         6.322311    
 ten85                tensio        -1.131458        -1.157996        2.6537906E-02     1.000000        -1.131458        -1.157996        2.6537906E-02    0.1581700         6.322311    
 ten86                tensio        -1.135476        -1.163624        2.8147536E-02     1.000000        -1.135476        -1.163624        2.8147536E-02    0.1581700         6.322311    
 ten87                tensio        -1.137199        -1.169311        3.2112378E-02     1.000000        -1.137199        -1.169311        3.2112378E-02    0.1581700         6.322311    
 ten88                tensio        -1.137773        -1.169311        3.1538325E-02     1.000000        -1.137773        -1.169311        3.1538325E-02    0.1581700         6.322311    
 ten89                tensio        -1.139495        -1.175058        3.5563166E-02     1.000000        -1.139495        -1.175058        3.5563166E-02    0.1581700         6.322311    
 ten90                tensio        -1.142939        -1.180867        3.7927850E-02     1.000000        -1.142939        -1.180867        3.7927850E-02    0.1581700         6.322311    
 ten91                tensio        -1.144661        -1.180867        3.6205691E-02     1.000000        -1.144661        -1.180867        3.6205691E-02    0.1581700         6.322311    
 ten92                tensio        -1.146958        -1.186737        3.9779480E-02     1.000000        -1.146958        -1.186737        3.9779480E-02    0.1581700         6.322311    
 ten93                tensio        -1.148106        -1.192670        4.4564374E-02     1.000000        -1.148106        -1.192670        4.4564374E-02    0.1581700         6.322311    
 ten94                tensio        -1.150402        -1.192670        4.2268163E-02     1.000000        -1.150402        -1.192670        4.2268163E-02    0.1581700         6.322311    
 ten95                tensio        -1.157290        -1.198668        4.1377529E-02     1.000000        -1.157290        -1.198668        4.1377529E-02    0.1581700         6.322311    
 ten96                tensio        -1.153846        -1.198668        4.4821846E-02     1.000000        -1.153846        -1.198668        4.4821846E-02    0.1581700         6.322311    
