 Name                 Group          Measured         Modelled         Residual         Weight       Weight*Measured    Weight*Modelled  Weight*Residual  Measurement_sd   Natural_weight
 ten1                 tensio        -1.464409        -1.753330        0.2889213         1.000000        -1.464409        -1.753330        0.2889213        0.1665748         6.003309    
 ten2                 tensio        -1.460964        -1.753330        0.2923656         1.000000        -1.460964        -1.753330        0.2923656        0.1665748         6.003309    
 ten3                 tensio        -1.458668        -1.753330        0.2946618         1.000000        -1.458668        -1.753330        0.2946618        0.1665748         6.003309    
 ten4                 tensio        -1.459816        -1.753330        0.2935137         1.000000        -1.459816        -1.753330        0.2935137        0.1665748         6.003309    
 ten5                 tensio        -1.456946        -1.753330        0.2963840         1.000000        -1.456946        -1.753330        0.2963840        0.1665748         6.003309    
 ten6                 tensio        -1.461538        -1.753330        0.2917915         1.000000        -1.461538        -1.753330        0.2917915        0.1665748         6.003309    
 ten7                 tensio        -1.460390        -1.753330        0.2929396         1.000000        -1.460390        -1.753330        0.2929396        0.1665748         6.003309    
 ten8                 tensio        -1.458668        -1.753330        0.2946618         1.000000        -1.458668        -1.753330        0.2946618        0.1665748         6.003309    
 ten9                 tensio        -1.462113        -1.753330        0.2912175         1.000000        -1.462113        -1.753330        0.2912175        0.1665748         6.003309    
 ten10                tensio        -1.453502        -1.753330        0.2998283         1.000000        -1.453502        -1.753330        0.2998283        0.1665748         6.003309    
 ten11                tensio        -1.454076        -1.753330        0.2992542         1.000000        -1.454076        -1.753330        0.2992542        0.1665748         6.003309    
 ten12                tensio        -1.451780        -1.753330        0.3015504         1.000000        -1.451780        -1.753330        0.3015504        0.1665748         6.003309    
 ten13                tensio        -1.452354        -1.753330        0.3009764         1.000000        -1.452354        -1.753330        0.3009764        0.1665748         6.003309    
 ten14                tensio        -1.458668        -1.753330        0.2946618         1.000000        -1.458668        -1.753330        0.2946618        0.1665748         6.003309    
 ten15                tensio        -1.452354        -1.753330        0.3009764         1.000000        -1.452354        -1.753330        0.3009764        0.1665748         6.003309    
 ten16                tensio        -1.448909        -1.753330        0.3044207         1.000000        -1.448909        -1.753330        0.3044207        0.1665748         6.003309    
 ten17                tensio        -1.449483        -1.753330        0.3038466         1.000000        -1.449483        -1.753330        0.3038466        0.1665748         6.003309    
 ten18                tensio        -1.430540        -1.753330        0.3227904         1.000000        -1.430540        -1.753330        0.3227904        0.1665748         6.003309    
 ten19                tensio        -1.404133        -1.753330        0.3491968         1.000000        -1.404133        -1.753330        0.3491968        0.1665748         6.003309    
 ten20                tensio        -1.320321        -1.753330        0.4330085         1.000000        -1.320321        -1.753330        0.4330085        0.1665748         6.003309    
 ten21                tensio        -1.060276        -1.121505        6.1229455E-02     1.000000        -1.060276        -1.121505        6.1229455E-02    0.1665748         6.003309    
 ten22                tensio       -0.7824340        -1.007418        0.2249840         1.000000       -0.7824340        -1.007418        0.2249840        0.1665748         6.003309    
 ten23                tensio       -0.7169920       -0.9499450        0.2329530         1.000000       -0.7169920       -0.9499450        0.2329530        0.1665748         6.003309    
 ten24                tensio       -0.7112514       -0.9499450        0.2386936         1.000000       -0.7112514       -0.9499450        0.2386936        0.1665748         6.003309    
 ten25                tensio       -0.7123995       -0.9499450        0.2375455         1.000000       -0.7123995       -0.9499450        0.2375455        0.1665748         6.003309    
 ten26                tensio       -0.7152698       -0.9499450        0.2346752         1.000000       -0.7152698       -0.9499450        0.2346752        0.1665748         6.003309    
 ten27                tensio       -0.7169920       -0.9535640        0.2365720         1.000000       -0.7169920       -0.9535640        0.2365720        0.1665748         6.003309    
 ten28                tensio       -0.7307692       -0.9535640        0.2227948         1.000000       -0.7307692       -0.9535640        0.2227948        0.1665748         6.003309    
 ten29                tensio       -0.7669346       -0.9535640        0.1866294         1.000000       -0.7669346       -0.9535640        0.1866294        0.1665748         6.003309    
 ten30                tensio       -0.7887486       -0.9572110        0.1684624         1.000000       -0.7887486       -0.9572110        0.1684624        0.1665748         6.003309    
 ten31                tensio       -0.8088404       -0.9572110        0.1483706         1.000000       -0.8088404       -0.9572110        0.1483706        0.1665748         6.003309    
 ten32                tensio       -0.8283582       -0.9572110        0.1288528         1.000000       -0.8283582       -0.9572110        0.1288528        0.1665748         6.003309    
 ten33                tensio       -0.8467279       -0.9608870        0.1141591         1.000000       -0.8467279       -0.9608870        0.1141591        0.1665748         6.003309    
 ten34                tensio       -0.8639495       -0.9608870        9.6937517E-02     1.000000       -0.8639495       -0.9608870        9.6937517E-02    0.1665748         6.003309    
 ten35                tensio       -0.8828932       -0.9608870        7.7993774E-02     1.000000       -0.8828932       -0.9608870        7.7993774E-02    0.1665748         6.003309    
 ten36                tensio       -0.8960964       -0.9645930        6.8496559E-02     1.000000       -0.8960964       -0.9645930        6.8496559E-02    0.1665748         6.003309    
 ten37                tensio       -0.9064294       -0.9645930        5.8163608E-02     1.000000       -0.9064294       -0.9645930        5.8163608E-02    0.1665748         6.003309    
 ten38                tensio       -0.9173364       -0.9645930        4.7256605E-02     1.000000       -0.9173364       -0.9645930        4.7256605E-02    0.1665748         6.003309    
 ten39                tensio       -0.9282434       -0.9683290        4.0085602E-02     1.000000       -0.9282434       -0.9683290        4.0085602E-02    0.1665748         6.003309    
 ten40                tensio       -0.9380023       -0.9683290        3.0326704E-02     1.000000       -0.9380023       -0.9683290        3.0326704E-02    0.1665748         6.003309    
 ten41                tensio       -0.9477612       -0.9683290        2.0567806E-02     1.000000       -0.9477612       -0.9683290        2.0567806E-02    0.1665748         6.003309    
 ten42                tensio       -0.9552239       -0.9720950        1.6871119E-02     1.000000       -0.9552239       -0.9720950        1.6871119E-02    0.1665748         6.003309    
 ten43                tensio       -0.9632606       -0.9720950        8.8343800E-03     1.000000       -0.9632606       -0.9720950        8.8343800E-03    0.1665748         6.003309    
 ten44                tensio       -0.9712974       -0.9758910        4.5936406E-03     1.000000       -0.9712974       -0.9758910        4.5936406E-03    0.1665748         6.003309    
 ten45                tensio       -0.9799082       -0.9758910       -4.0171516E-03     1.000000       -0.9799082       -0.9758910       -4.0171516E-03    0.1665748         6.003309    
 ten46                tensio       -0.9862227       -0.9758910       -1.0331732E-02     1.000000       -0.9862227       -0.9758910       -1.0331732E-02    0.1665748         6.003309    
 ten47                tensio       -0.9936854       -0.9797190       -1.3966419E-02     1.000000       -0.9936854       -0.9797190       -1.3966419E-02    0.1665748         6.003309    
 ten48                tensio        -1.000574       -0.9797190       -2.0855053E-02     1.000000        -1.000574       -0.9797190       -2.0855053E-02    0.1665748         6.003309    
 ten49                tensio        -1.006889       -0.9835780       -2.3310634E-02     1.000000        -1.006889       -0.9835780       -2.3310634E-02    0.1665748         6.003309    
 ten50                tensio        -1.013203       -0.9835780       -2.9625215E-02     1.000000        -1.013203       -0.9835780       -2.9625215E-02    0.1665748         6.003309    
 ten51                tensio        -1.020092       -0.9913920       -2.8699848E-02     1.000000        -1.020092       -0.9913920       -2.8699848E-02    0.1665748         6.003309    
 ten52                tensio        -1.025832       -0.9993380       -2.6494377E-02     1.000000        -1.025832       -0.9993380       -2.6494377E-02    0.1665748         6.003309    
 ten53                tensio        -1.030999        -1.007418       -2.3580852E-02     1.000000        -1.030999        -1.007418       -2.3580852E-02    0.1665748         6.003309    
 ten54                tensio        -1.035591        -1.011509       -2.4082274E-02     1.000000        -1.035591        -1.011509       -2.4082274E-02    0.1665748         6.003309    
 ten55                tensio        -1.039610        -1.019798       -1.9811644E-02     1.000000        -1.039610        -1.019798       -1.9811644E-02    0.1665748         6.003309    
 ten56                tensio        -1.044202        -1.028232       -1.5970067E-02     1.000000        -1.044202        -1.028232       -1.5970067E-02    0.1665748         6.003309    
 ten57                tensio        -1.049943        -1.036814       -1.3128595E-02     1.000000        -1.049943        -1.036814       -1.3128595E-02    0.1665748         6.003309    
 ten58                tensio        -1.052813        -1.041162       -1.1650859E-02     1.000000        -1.052813        -1.041162       -1.1650859E-02    0.1665748         6.003309    
 ten59                tensio        -1.056257        -1.049975       -6.2821757E-03     1.000000        -1.056257        -1.049975       -6.2821757E-03    0.1665748         6.003309    
 ten60                tensio        -1.060850        -1.054441       -6.4085982E-03     1.000000        -1.060850        -1.054441       -6.4085982E-03    0.1665748         6.003309    
 ten61                tensio        -1.063720        -1.058947       -4.7728622E-03     1.000000        -1.063720        -1.058947       -4.7728622E-03    0.1665748         6.003309    
 ten62                tensio        -1.068312        -1.068084       -2.2828473E-04     1.000000        -1.068312        -1.068084       -2.2828473E-04    0.1665748         6.003309    
 ten63                tensio        -1.072331        -1.072716        3.8534558E-04     1.000000        -1.072331        -1.072716        3.8534558E-04    0.1665748         6.003309    
 ten64                tensio        -1.075775        -1.077390        1.6150287E-03     1.000000        -1.075775        -1.077390        1.6150287E-03    0.1665748         6.003309    
 ten65                tensio        -1.078071        -1.086871        8.7998174E-03     1.000000        -1.078071        -1.086871        8.7998174E-03    0.1665748         6.003309    
 ten66                tensio        -1.082090        -1.091678        9.5884478E-03     1.000000        -1.082090        -1.091678        9.5884478E-03    0.1665748         6.003309    
 ten67                tensio        -1.085534        -1.096531        1.0997131E-02     1.000000        -1.085534        -1.096531        1.0997131E-02    0.1665748         6.003309    
 ten68                tensio        -1.088404        -1.101430        1.3025867E-02     1.000000        -1.088404        -1.101430        1.3025867E-02    0.1665748         6.003309    
 ten69                tensio        -1.091274        -1.106376        1.5101603E-02     1.000000        -1.091274        -1.106376        1.5101603E-02    0.1665748         6.003309    
 ten70                tensio        -1.092423        -1.111370        1.8947497E-02     1.000000        -1.092423        -1.111370        1.8947497E-02    0.1665748         6.003309    
 ten71                tensio        -1.097015        -1.116413        1.9398075E-02     1.000000        -1.097015        -1.116413        1.9398075E-02    0.1665748         6.003309    
 ten72                tensio        -1.100459        -1.121505        2.1045758E-02     1.000000        -1.100459        -1.121505        2.1045758E-02    0.1665748         6.003309    
 ten73                tensio        -1.102181        -1.126647        2.4465599E-02     1.000000        -1.102181        -1.126647        2.4465599E-02    0.1665748         6.003309    
 ten74                tensio        -1.105052        -1.131839        2.6787335E-02     1.000000        -1.105052        -1.131839        2.6787335E-02    0.1665748         6.003309    
 ten75                tensio        -1.107348        -1.137084        2.9736124E-02     1.000000        -1.107348        -1.137084        2.9736124E-02    0.1665748         6.003309    
 ten76                tensio        -1.109644        -1.142381        3.2736913E-02     1.000000        -1.109644        -1.142381        3.2736913E-02    0.1665748         6.003309    
 ten77                tensio        -1.113088        -1.142381        2.9292596E-02     1.000000        -1.113088        -1.142381        2.9292596E-02    0.1665748         6.003309    
 ten78                tensio        -1.114237        -1.147731        3.3494490E-02     1.000000        -1.114237        -1.147731        3.3494490E-02    0.1665748         6.003309    
 ten79                tensio        -1.117107        -1.153136        3.6029226E-02     1.000000        -1.117107        -1.153136        3.6029226E-02    0.1665748         6.003309    
 ten80                tensio        -1.120551        -1.158596        3.8044909E-02     1.000000        -1.120551        -1.158596        3.8044909E-02    0.1665748         6.003309    
 ten81                tensio        -1.122847        -1.164112        4.1264698E-02     1.000000        -1.122847        -1.164112        4.1264698E-02    0.1665748         6.003309    
 ten82                tensio        -1.125144        -1.164112        3.8968487E-02     1.000000        -1.125144        -1.164112        3.8968487E-02    0.1665748         6.003309    
 ten83                tensio        -1.128014        -1.169685        4.1671223E-02     1.000000        -1.128014        -1.169685        4.1671223E-02    0.1665748         6.003309    
 ten84                tensio        -1.130310        -1.175315        4.5005011E-02     1.000000        -1.130310        -1.175315        4.5005011E-02    0.1665748         6.003309    
 ten85                tensio        -1.131458        -1.181005        4.9546906E-02     1.000000        -1.131458        -1.181005        4.9546906E-02    0.1665748         6.003309    
 ten86                tensio        -1.135476        -1.181005        4.5528536E-02     1.000000        -1.135476        -1.181005        4.5528536E-02    0.1665748         6.003309    
 ten87                tensio        -1.137199        -1.186755        4.9556378E-02     1.000000        -1.137199        -1.186755        4.9556378E-02    0.1665748         6.003309    
 ten88                tensio        -1.137773        -1.192565        5.4792325E-02     1.000000        -1.137773        -1.192565        5.4792325E-02    0.1665748         6.003309    
 ten89                tensio        -1.139495        -1.192565        5.3070166E-02     1.000000        -1.139495        -1.192565        5.3070166E-02    0.1665748         6.003309    
 ten90                tensio        -1.142939        -1.198438        5.5498850E-02     1.000000        -1.142939        -1.198438        5.5498850E-02    0.1665748         6.003309    
 ten91                tensio        -1.144661        -1.204374        5.9712691E-02     1.000000        -1.144661        -1.204374        5.9712691E-02    0.1665748         6.003309    
 ten92                tensio        -1.146958        -1.204374        5.7416480E-02     1.000000        -1.146958        -1.204374        5.7416480E-02    0.1665748         6.003309    
 ten93                tensio        -1.148106        -1.210374        6.2268374E-02     1.000000        -1.148106        -1.210374        6.2268374E-02    0.1665748         6.003309    
 ten94                tensio        -1.150402        -1.210374        5.9972163E-02     1.000000        -1.150402        -1.210374        5.9972163E-02    0.1665748         6.003309    
 ten95                tensio        -1.157290        -1.216439        5.9148529E-02     1.000000        -1.157290        -1.216439        5.9148529E-02    0.1665748         6.003309    
 ten96                tensio        -1.153846        -1.222570        6.8723846E-02     1.000000        -1.153846        -1.222570        6.8723846E-02    0.1665748         6.003309    
