 Name                 Group          Measured         Modelled         Residual         Weight       Weight*Measured    Weight*Modelled  Weight*Residual  Measurement_sd   Natural_weight
 ten1                 tensio        -1.464409        -1.741528        0.2771193         1.000000        -1.464409        -1.741528        0.2771193        0.1553152         6.438518    
 ten2                 tensio        -1.460964        -1.741528        0.2805636         1.000000        -1.460964        -1.741528        0.2805636        0.1553152         6.438518    
 ten3                 tensio        -1.458668        -1.741528        0.2828598         1.000000        -1.458668        -1.741528        0.2828598        0.1553152         6.438518    
 ten4                 tensio        -1.459816        -1.741528        0.2817117         1.000000        -1.459816        -1.741528        0.2817117        0.1553152         6.438518    
 ten5                 tensio        -1.456946        -1.741528        0.2845820         1.000000        -1.456946        -1.741528        0.2845820        0.1553152         6.438518    
 ten6                 tensio        -1.461538        -1.741528        0.2799895         1.000000        -1.461538        -1.741528        0.2799895        0.1553152         6.438518    
 ten7                 tensio        -1.460390        -1.741528        0.2811376         1.000000        -1.460390        -1.741528        0.2811376        0.1553152         6.438518    
 ten8                 tensio        -1.458668        -1.741528        0.2828598         1.000000        -1.458668        -1.741528        0.2828598        0.1553152         6.438518    
 ten9                 tensio        -1.462113        -1.741528        0.2794155         1.000000        -1.462113        -1.741528        0.2794155        0.1553152         6.438518    
 ten10                tensio        -1.453502        -1.741528        0.2880263         1.000000        -1.453502        -1.741528        0.2880263        0.1553152         6.438518    
 ten11                tensio        -1.454076        -1.741528        0.2874522         1.000000        -1.454076        -1.741528        0.2874522        0.1553152         6.438518    
 ten12                tensio        -1.451780        -1.741528        0.2897484         1.000000        -1.451780        -1.741528        0.2897484        0.1553152         6.438518    
 ten13                tensio        -1.452354        -1.741528        0.2891744         1.000000        -1.452354        -1.741528        0.2891744        0.1553152         6.438518    
 ten14                tensio        -1.458668        -1.741528        0.2828598         1.000000        -1.458668        -1.741528        0.2828598        0.1553152         6.438518    
 ten15                tensio        -1.452354        -1.741528        0.2891744         1.000000        -1.452354        -1.741528        0.2891744        0.1553152         6.438518    
 ten16                tensio        -1.448909        -1.741528        0.2926187         1.000000        -1.448909        -1.741528        0.2926187        0.1553152         6.438518    
 ten17                tensio        -1.449483        -1.741528        0.2920446         1.000000        -1.449483        -1.741528        0.2920446        0.1553152         6.438518    
 ten18                tensio        -1.430540        -1.741528        0.3109884         1.000000        -1.430540        -1.741528        0.3109884        0.1553152         6.438518    
 ten19                tensio        -1.404133        -1.741528        0.3373948         1.000000        -1.404133        -1.741528        0.3373948        0.1553152         6.438518    
 ten20                tensio        -1.320321        -1.741528        0.4212065         1.000000        -1.320321        -1.741528        0.4212065        0.1553152         6.438518    
 ten21                tensio        -1.060276        -1.074845        1.4569455E-02     1.000000        -1.060276        -1.074845        1.4569455E-02    0.1553152         6.438518    
 ten22                tensio       -0.7824340       -0.9639260        0.1814920         1.000000       -0.7824340       -0.9639260        0.1814920        0.1553152         6.438518    
 ten23                tensio       -0.7169920       -0.9169010        0.1999090         1.000000       -0.7169920       -0.9169010        0.1999090        0.1553152         6.438518    
 ten24                tensio       -0.7112514       -0.9169010        0.2056496         1.000000       -0.7112514       -0.9169010        0.2056496        0.1553152         6.438518    
 ten25                tensio       -0.7123995       -0.9169010        0.2045015         1.000000       -0.7123995       -0.9169010        0.2045015        0.1553152         6.438518    
 ten26                tensio       -0.7152698       -0.9169010        0.2016312         1.000000       -0.7152698       -0.9169010        0.2016312        0.1553152         6.438518    
 ten27                tensio       -0.7169920       -0.9203510        0.2033590         1.000000       -0.7169920       -0.9203510        0.2033590        0.1553152         6.438518    
 ten28                tensio       -0.7307692       -0.9203510        0.1895818         1.000000       -0.7307692       -0.9203510        0.1895818        0.1553152         6.438518    
 ten29                tensio       -0.7669346       -0.9203510        0.1534164         1.000000       -0.7669346       -0.9203510        0.1534164        0.1553152         6.438518    
 ten30                tensio       -0.7887486       -0.9238270        0.1350784         1.000000       -0.7887486       -0.9238270        0.1350784        0.1553152         6.438518    
 ten31                tensio       -0.8088404       -0.9238270        0.1149866         1.000000       -0.8088404       -0.9238270        0.1149866        0.1553152         6.438518    
 ten32                tensio       -0.8283582       -0.9238270        9.5468791E-02     1.000000       -0.8283582       -0.9238270        9.5468791E-02    0.1553152         6.438518    
 ten33                tensio       -0.8467279       -0.9273300        8.0602101E-02     1.000000       -0.8467279       -0.9273300        8.0602101E-02    0.1553152         6.438518    
 ten34                tensio       -0.8639495       -0.9273300        6.3380517E-02     1.000000       -0.8639495       -0.9273300        6.3380517E-02    0.1553152         6.438518    
 ten35                tensio       -0.8828932       -0.9273300        4.4436774E-02     1.000000       -0.8828932       -0.9273300        4.4436774E-02    0.1553152         6.438518    
 ten36                tensio       -0.8960964       -0.9308610        3.4764559E-02     1.000000       -0.8960964       -0.9308610        3.4764559E-02    0.1553152         6.438518    
 ten37                tensio       -0.9064294       -0.9308610        2.4431608E-02     1.000000       -0.9064294       -0.9308610        2.4431608E-02    0.1553152         6.438518    
 ten38                tensio       -0.9173364       -0.9344190        1.7082605E-02     1.000000       -0.9173364       -0.9344190        1.7082605E-02    0.1553152         6.438518    
 ten39                tensio       -0.9282434       -0.9344190        6.1756016E-03     1.000000       -0.9282434       -0.9344190        6.1756016E-03    0.1553152         6.438518    
 ten40                tensio       -0.9380023       -0.9344190       -3.5832962E-03     1.000000       -0.9380023       -0.9344190       -3.5832962E-03    0.1553152         6.438518    
 ten41                tensio       -0.9477612       -0.9380050       -9.7561940E-03     1.000000       -0.9477612       -0.9380050       -9.7561940E-03    0.1553152         6.438518    
 ten42                tensio       -0.9552239       -0.9380050       -1.7218881E-02     1.000000       -0.9552239       -0.9380050       -1.7218881E-02    0.1553152         6.438518    
 ten43                tensio       -0.9632606       -0.9416200       -2.1640620E-02     1.000000       -0.9632606       -0.9416200       -2.1640620E-02    0.1553152         6.438518    
 ten44                tensio       -0.9712974       -0.9416200       -2.9677359E-02     1.000000       -0.9712974       -0.9416200       -2.9677359E-02    0.1553152         6.438518    
 ten45                tensio       -0.9799082       -0.9452640       -3.4644152E-02     1.000000       -0.9799082       -0.9452640       -3.4644152E-02    0.1553152         6.438518    
 ten46                tensio       -0.9862227       -0.9452640       -4.0958732E-02     1.000000       -0.9862227       -0.9452640       -4.0958732E-02    0.1553152         6.438518    
 ten47                tensio       -0.9936854       -0.9489360       -4.4749419E-02     1.000000       -0.9936854       -0.9489360       -4.4749419E-02    0.1553152         6.438518    
 ten48                tensio        -1.000574       -0.9489360       -5.1638053E-02     1.000000        -1.000574       -0.9489360       -5.1638053E-02    0.1553152         6.438518    
 ten49                tensio        -1.006889       -0.9526380       -5.4250634E-02     1.000000        -1.006889       -0.9526380       -5.4250634E-02    0.1553152         6.438518    
 ten50                tensio        -1.013203       -0.9601330       -5.3070215E-02     1.000000        -1.013203       -0.9601330       -5.3070215E-02    0.1553152         6.438518    
 ten51                tensio        -1.020092       -0.9677500       -5.2341848E-02     1.000000        -1.020092       -0.9677500       -5.2341848E-02    0.1553152         6.438518    
 ten52                tensio        -1.025832       -0.9754930       -5.0339377E-02     1.000000        -1.025832       -0.9754930       -5.0339377E-02    0.1553152         6.438518    
 ten53                tensio        -1.030999       -0.9833670       -4.7631852E-02     1.000000        -1.030999       -0.9833670       -4.7631852E-02    0.1553152         6.438518    
 ten54                tensio        -1.035591       -0.9913730       -4.4218274E-02     1.000000        -1.035591       -0.9913730       -4.4218274E-02    0.1553152         6.438518    
 ten55                tensio        -1.039610       -0.9995160       -4.0093644E-02     1.000000        -1.039610       -0.9995160       -4.0093644E-02    0.1553152         6.438518    
 ten56                tensio        -1.044202        -1.007800       -3.6402067E-02     1.000000        -1.044202        -1.007800       -3.6402067E-02    0.1553152         6.438518    
 ten57                tensio        -1.049943        -1.011996       -3.7946595E-02     1.000000        -1.049943        -1.011996       -3.7946595E-02    0.1553152         6.438518    
 ten58                tensio        -1.052813        -1.020498       -3.2314859E-02     1.000000        -1.052813        -1.020498       -3.2314859E-02    0.1553152         6.438518    
 ten59                tensio        -1.056257        -1.024806       -3.1451176E-02     1.000000        -1.056257        -1.024806       -3.1451176E-02    0.1553152         6.438518    
 ten60                tensio        -1.060850        -1.033537       -2.7312598E-02     1.000000        -1.060850        -1.033537       -2.7312598E-02    0.1553152         6.438518    
 ten61                tensio        -1.063720        -1.037961       -2.5758862E-02     1.000000        -1.063720        -1.037961       -2.5758862E-02    0.1553152         6.438518    
 ten62                tensio        -1.068312        -1.046930       -2.1382285E-02     1.000000        -1.068312        -1.046930       -2.1382285E-02    0.1553152         6.438518    
 ten63                tensio        -1.072331        -1.051476       -2.0854654E-02     1.000000        -1.072331        -1.051476       -2.0854654E-02    0.1553152         6.438518    
 ten64                tensio        -1.075775        -1.056063       -1.9711971E-02     1.000000        -1.075775        -1.056063       -1.9711971E-02    0.1553152         6.438518    
 ten65                tensio        -1.078071        -1.060693       -1.7378183E-02     1.000000        -1.078071        -1.060693       -1.7378183E-02    0.1553152         6.438518    
 ten66                tensio        -1.082090        -1.070083       -1.2006552E-02     1.000000        -1.082090        -1.070083       -1.2006552E-02    0.1553152         6.438518    
 ten67                tensio        -1.085534        -1.074845       -1.0688869E-02     1.000000        -1.085534        -1.074845       -1.0688869E-02    0.1553152         6.438518    
 ten68                tensio        -1.088404        -1.079651       -8.7531332E-03     1.000000        -1.088404        -1.079651       -8.7531332E-03    0.1553152         6.438518    
 ten69                tensio        -1.091274        -1.084503       -6.7713972E-03     1.000000        -1.091274        -1.084503       -6.7713972E-03    0.1553152         6.438518    
 ten70                tensio        -1.092423        -1.089401       -3.0215029E-03     1.000000        -1.092423        -1.089401       -3.0215029E-03    0.1553152         6.438518    
 ten71                tensio        -1.097015        -1.094347       -2.6679254E-03     1.000000        -1.097015        -1.094347       -2.6679254E-03    0.1553152         6.438518    
 ten72                tensio        -1.100459        -1.099340       -1.1192422E-03     1.000000        -1.100459        -1.099340       -1.1192422E-03    0.1553152         6.438518    
 ten73                tensio        -1.102181        -1.104382        2.2005993E-03     1.000000        -1.102181        -1.104382        2.2005993E-03    0.1553152         6.438518    
 ten74                tensio        -1.105052        -1.109474        4.4223353E-03     1.000000        -1.105052        -1.109474        4.4223353E-03    0.1553152         6.438518    
 ten75                tensio        -1.107348        -1.114615        7.2671240E-03     1.000000        -1.107348        -1.114615        7.2671240E-03    0.1553152         6.438518    
 ten76                tensio        -1.109644        -1.119808        1.0163913E-02     1.000000        -1.109644        -1.119808        1.0163913E-02    0.1553152         6.438518    
 ten77                tensio        -1.113088        -1.119808        6.7195959E-03     1.000000        -1.113088        -1.119808        6.7195959E-03    0.1553152         6.438518    
 ten78                tensio        -1.114237        -1.125052        1.0815490E-02     1.000000        -1.114237        -1.125052        1.0815490E-02    0.1553152         6.438518    
 ten79                tensio        -1.117107        -1.130349        1.3242226E-02     1.000000        -1.117107        -1.130349        1.3242226E-02    0.1553152         6.438518    
 ten80                tensio        -1.120551        -1.135700        1.5148909E-02     1.000000        -1.120551        -1.135700        1.5148909E-02    0.1553152         6.438518    
 ten81                tensio        -1.122847        -1.141105        1.8257698E-02     1.000000        -1.122847        -1.141105        1.8257698E-02    0.1553152         6.438518    
 ten82                tensio        -1.125144        -1.141105        1.5961487E-02     1.000000        -1.125144        -1.141105        1.5961487E-02    0.1553152         6.438518    
 ten83                tensio        -1.128014        -1.146565        1.8551223E-02     1.000000        -1.128014        -1.146565        1.8551223E-02    0.1553152         6.438518    
 ten84                tensio        -1.130310        -1.152082        2.1772011E-02     1.000000        -1.130310        -1.152082        2.1772011E-02    0.1553152         6.438518    
 ten85                tensio        -1.131458        -1.157655        2.6196906E-02     1.000000        -1.131458        -1.157655        2.6196906E-02    0.1553152         6.438518    
 ten86                tensio        -1.135476        -1.157655        2.2178536E-02     1.000000        -1.135476        -1.157655        2.2178536E-02    0.1553152         6.438518    
 ten87                tensio        -1.137199        -1.163287        2.6088378E-02     1.000000        -1.137199        -1.163287        2.6088378E-02    0.1553152         6.438518    
 ten88                tensio        -1.137773        -1.168977        3.1204325E-02     1.000000        -1.137773        -1.168977        3.1204325E-02    0.1553152         6.438518    
 ten89                tensio        -1.139495        -1.168977        2.9482166E-02     1.000000        -1.139495        -1.168977        2.9482166E-02    0.1553152         6.438518    
 ten90                tensio        -1.142939        -1.174728        3.1788850E-02     1.000000        -1.142939        -1.174728        3.1788850E-02    0.1553152         6.438518    
 ten91                tensio        -1.144661        -1.180540        3.5878691E-02     1.000000        -1.144661        -1.180540        3.5878691E-02    0.1553152         6.438518    
 ten92                tensio        -1.146958        -1.180540        3.3582480E-02     1.000000        -1.146958        -1.180540        3.3582480E-02    0.1553152         6.438518    
 ten93                tensio        -1.148106        -1.186414        3.8308374E-02     1.000000        -1.148106        -1.186414        3.8308374E-02    0.1553152         6.438518    
 ten94                tensio        -1.150402        -1.192351        4.1949163E-02     1.000000        -1.150402        -1.192351        4.1949163E-02    0.1553152         6.438518    
 ten95                tensio        -1.157290        -1.192351        3.5060529E-02     1.000000        -1.157290        -1.192351        3.5060529E-02    0.1553152         6.438518    
 ten96                tensio        -1.153846        -1.198352        4.4505846E-02     1.000000        -1.153846        -1.198352        4.4505846E-02    0.1553152         6.438518    
