 Name                 Group          Measured         Modelled         Residual         Weight       Weight*Measured    Weight*Modelled  Weight*Residual  Measurement_sd   Natural_weight
 ten1                 tensio        -1.464409        -1.741451        0.2770423         1.000000        -1.464409        -1.741451        0.2770423        0.1553257         6.438084    
 ten2                 tensio        -1.460964        -1.741451        0.2804866         1.000000        -1.460964        -1.741451        0.2804866        0.1553257         6.438084    
 ten3                 tensio        -1.458668        -1.741451        0.2827828         1.000000        -1.458668        -1.741451        0.2827828        0.1553257         6.438084    
 ten4                 tensio        -1.459816        -1.741451        0.2816347         1.000000        -1.459816        -1.741451        0.2816347        0.1553257         6.438084    
 ten5                 tensio        -1.456946        -1.741451        0.2845050         1.000000        -1.456946        -1.741451        0.2845050        0.1553257         6.438084    
 ten6                 tensio        -1.461538        -1.741451        0.2799125         1.000000        -1.461538        -1.741451        0.2799125        0.1553257         6.438084    
 ten7                 tensio        -1.460390        -1.741451        0.2810606         1.000000        -1.460390        -1.741451        0.2810606        0.1553257         6.438084    
 ten8                 tensio        -1.458668        -1.741451        0.2827828         1.000000        -1.458668        -1.741451        0.2827828        0.1553257         6.438084    
 ten9                 tensio        -1.462113        -1.741451        0.2793385         1.000000        -1.462113        -1.741451        0.2793385        0.1553257         6.438084    
 ten10                tensio        -1.453502        -1.741451        0.2879493         1.000000        -1.453502        -1.741451        0.2879493        0.1553257         6.438084    
 ten11                tensio        -1.454076        -1.741451        0.2873752         1.000000        -1.454076        -1.741451        0.2873752        0.1553257         6.438084    
 ten12                tensio        -1.451780        -1.741451        0.2896714         1.000000        -1.451780        -1.741451        0.2896714        0.1553257         6.438084    
 ten13                tensio        -1.452354        -1.741451        0.2890974         1.000000        -1.452354        -1.741451        0.2890974        0.1553257         6.438084    
 ten14                tensio        -1.458668        -1.741451        0.2827828         1.000000        -1.458668        -1.741451        0.2827828        0.1553257         6.438084    
 ten15                tensio        -1.452354        -1.741451        0.2890974         1.000000        -1.452354        -1.741451        0.2890974        0.1553257         6.438084    
 ten16                tensio        -1.448909        -1.741451        0.2925417         1.000000        -1.448909        -1.741451        0.2925417        0.1553257         6.438084    
 ten17                tensio        -1.449483        -1.741451        0.2919676         1.000000        -1.449483        -1.741451        0.2919676        0.1553257         6.438084    
 ten18                tensio        -1.430540        -1.741451        0.3109114         1.000000        -1.430540        -1.741451        0.3109114        0.1553257         6.438084    
 ten19                tensio        -1.404133        -1.741451        0.3373178         1.000000        -1.404133        -1.741451        0.3373178        0.1553257         6.438084    
 ten20                tensio        -1.320321        -1.741451        0.4211295         1.000000        -1.320321        -1.741451        0.4211295        0.1553257         6.438084    
 ten21                tensio        -1.060276        -1.075067        1.4791455E-02     1.000000        -1.060276        -1.075067        1.4791455E-02    0.1553257         6.438084    
 ten22                tensio       -0.7824340       -0.9641780        0.1817440         1.000000       -0.7824340       -0.9641780        0.1817440        0.1553257         6.438084    
 ten23                tensio       -0.7169920       -0.9171640        0.2001720         1.000000       -0.7169920       -0.9171640        0.2001720        0.1553257         6.438084    
 ten24                tensio       -0.7112514       -0.9171640        0.2059126         1.000000       -0.7112514       -0.9171640        0.2059126        0.1553257         6.438084    
 ten25                tensio       -0.7123995       -0.9171640        0.2047645         1.000000       -0.7123995       -0.9171640        0.2047645        0.1553257         6.438084    
 ten26                tensio       -0.7152698       -0.9171640        0.2018942         1.000000       -0.7152698       -0.9171640        0.2018942        0.1553257         6.438084    
 ten27                tensio       -0.7169920       -0.9206130        0.2036210         1.000000       -0.7169920       -0.9206130        0.2036210        0.1553257         6.438084    
 ten28                tensio       -0.7307692       -0.9206130        0.1898438         1.000000       -0.7307692       -0.9206130        0.1898438        0.1553257         6.438084    
 ten29                tensio       -0.7669346       -0.9206130        0.1536784         1.000000       -0.7669346       -0.9206130        0.1536784        0.1553257         6.438084    
 ten30                tensio       -0.7887486       -0.9240890        0.1353404         1.000000       -0.7887486       -0.9240890        0.1353404        0.1553257         6.438084    
 ten31                tensio       -0.8088404       -0.9240890        0.1152486         1.000000       -0.8088404       -0.9240890        0.1152486        0.1553257         6.438084    
 ten32                tensio       -0.8283582       -0.9240890        9.5730791E-02     1.000000       -0.8283582       -0.9240890        9.5730791E-02    0.1553257         6.438084    
 ten33                tensio       -0.8467279       -0.9275910        8.0863101E-02     1.000000       -0.8467279       -0.9275910        8.0863101E-02    0.1553257         6.438084    
 ten34                tensio       -0.8639495       -0.9275910        6.3641517E-02     1.000000       -0.8639495       -0.9275910        6.3641517E-02    0.1553257         6.438084    
 ten35                tensio       -0.8828932       -0.9275910        4.4697774E-02     1.000000       -0.8828932       -0.9275910        4.4697774E-02    0.1553257         6.438084    
 ten36                tensio       -0.8960964       -0.9311210        3.5024559E-02     1.000000       -0.8960964       -0.9311210        3.5024559E-02    0.1553257         6.438084    
 ten37                tensio       -0.9064294       -0.9311210        2.4691608E-02     1.000000       -0.9064294       -0.9311210        2.4691608E-02    0.1553257         6.438084    
 ten38                tensio       -0.9173364       -0.9346780        1.7341605E-02     1.000000       -0.9173364       -0.9346780        1.7341605E-02    0.1553257         6.438084    
 ten39                tensio       -0.9282434       -0.9346780        6.4346016E-03     1.000000       -0.9282434       -0.9346780        6.4346016E-03    0.1553257         6.438084    
 ten40                tensio       -0.9380023       -0.9346780       -3.3242962E-03     1.000000       -0.9380023       -0.9346780       -3.3242962E-03    0.1553257         6.438084    
 ten41                tensio       -0.9477612       -0.9382640       -9.4971940E-03     1.000000       -0.9477612       -0.9382640       -9.4971940E-03    0.1553257         6.438084    
 ten42                tensio       -0.9552239       -0.9382640       -1.6959881E-02     1.000000       -0.9552239       -0.9382640       -1.6959881E-02    0.1553257         6.438084    
 ten43                tensio       -0.9632606       -0.9418780       -2.1382620E-02     1.000000       -0.9632606       -0.9418780       -2.1382620E-02    0.1553257         6.438084    
 ten44                tensio       -0.9712974       -0.9418780       -2.9419359E-02     1.000000       -0.9712974       -0.9418780       -2.9419359E-02    0.1553257         6.438084    
 ten45                tensio       -0.9799082       -0.9455200       -3.4388152E-02     1.000000       -0.9799082       -0.9455200       -3.4388152E-02    0.1553257         6.438084    
 ten46                tensio       -0.9862227       -0.9455200       -4.0702732E-02     1.000000       -0.9862227       -0.9455200       -4.0702732E-02    0.1553257         6.438084    
 ten47                tensio       -0.9936854       -0.9491920       -4.4493419E-02     1.000000       -0.9936854       -0.9491920       -4.4493419E-02    0.1553257         6.438084    
 ten48                tensio        -1.000574       -0.9491920       -5.1382053E-02     1.000000        -1.000574       -0.9491920       -5.1382053E-02    0.1553257         6.438084    
 ten49                tensio        -1.006889       -0.9528930       -5.3995634E-02     1.000000        -1.006889       -0.9528930       -5.3995634E-02    0.1553257         6.438084    
 ten50                tensio        -1.013203       -0.9603860       -5.2817215E-02     1.000000        -1.013203       -0.9603860       -5.2817215E-02    0.1553257         6.438084    
 ten51                tensio        -1.020092       -0.9680010       -5.2090848E-02     1.000000        -1.020092       -0.9680010       -5.2090848E-02    0.1553257         6.438084    
 ten52                tensio        -1.025832       -0.9757430       -5.0089377E-02     1.000000        -1.025832       -0.9757430       -5.0089377E-02    0.1553257         6.438084    
 ten53                tensio        -1.030999       -0.9836140       -4.7384852E-02     1.000000        -1.030999       -0.9836140       -4.7384852E-02    0.1553257         6.438084    
 ten54                tensio        -1.035591       -0.9916180       -4.3973274E-02     1.000000        -1.035591       -0.9916180       -4.3973274E-02    0.1553257         6.438084    
 ten55                tensio        -1.039610       -0.9997590       -3.9850644E-02     1.000000        -1.039610       -0.9997590       -3.9850644E-02    0.1553257         6.438084    
 ten56                tensio        -1.044202        -1.008041       -3.6161067E-02     1.000000        -1.044202        -1.008041       -3.6161067E-02    0.1553257         6.438084    
 ten57                tensio        -1.049943        -1.012236       -3.7706595E-02     1.000000        -1.049943        -1.012236       -3.7706595E-02    0.1553257         6.438084    
 ten58                tensio        -1.052813        -1.020736       -3.2076859E-02     1.000000        -1.052813        -1.020736       -3.2076859E-02    0.1553257         6.438084    
 ten59                tensio        -1.056257        -1.025043       -3.1214176E-02     1.000000        -1.056257        -1.025043       -3.1214176E-02    0.1553257         6.438084    
 ten60                tensio        -1.060850        -1.033771       -2.7078598E-02     1.000000        -1.060850        -1.033771       -2.7078598E-02    0.1553257         6.438084    
 ten61                tensio        -1.063720        -1.038194       -2.5525862E-02     1.000000        -1.063720        -1.038194       -2.5525862E-02    0.1553257         6.438084    
 ten62                tensio        -1.068312        -1.047160       -2.1152285E-02     1.000000        -1.068312        -1.047160       -2.1152285E-02    0.1553257         6.438084    
 ten63                tensio        -1.072331        -1.051705       -2.0625654E-02     1.000000        -1.072331        -1.051705       -2.0625654E-02    0.1553257         6.438084    
 ten64                tensio        -1.075775        -1.056291       -1.9483971E-02     1.000000        -1.075775        -1.056291       -1.9483971E-02    0.1553257         6.438084    
 ten65                tensio        -1.078071        -1.060920       -1.7151183E-02     1.000000        -1.078071        -1.060920       -1.7151183E-02    0.1553257         6.438084    
 ten66                tensio        -1.082090        -1.070307       -1.1782552E-02     1.000000        -1.082090        -1.070307       -1.1782552E-02    0.1553257         6.438084    
 ten67                tensio        -1.085534        -1.075067       -1.0466869E-02     1.000000        -1.085534        -1.075067       -1.0466869E-02    0.1553257         6.438084    
 ten68                tensio        -1.088404        -1.079871       -8.5331332E-03     1.000000        -1.088404        -1.079871       -8.5331332E-03    0.1553257         6.438084    
 ten69                tensio        -1.091274        -1.084722       -6.5523972E-03     1.000000        -1.091274        -1.084722       -6.5523972E-03    0.1553257         6.438084    
 ten70                tensio        -1.092423        -1.089619       -2.8035029E-03     1.000000        -1.092423        -1.089619       -2.8035029E-03    0.1553257         6.438084    
 ten71                tensio        -1.097015        -1.094563       -2.4519254E-03     1.000000        -1.097015        -1.094563       -2.4519254E-03    0.1553257         6.438084    
 ten72                tensio        -1.100459        -1.099555       -9.0424225E-04     1.000000        -1.100459        -1.099555       -9.0424225E-04    0.1553257         6.438084    
 ten73                tensio        -1.102181        -1.104595        2.4135993E-03     1.000000        -1.102181        -1.104595        2.4135993E-03    0.1553257         6.438084    
 ten74                tensio        -1.105052        -1.109685        4.6333353E-03     1.000000        -1.105052        -1.109685        4.6333353E-03    0.1553257         6.438084    
 ten75                tensio        -1.107348        -1.114825        7.4771240E-03     1.000000        -1.107348        -1.114825        7.4771240E-03    0.1553257         6.438084    
 ten76                tensio        -1.109644        -1.120016        1.0371913E-02     1.000000        -1.109644        -1.120016        1.0371913E-02    0.1553257         6.438084    
 ten77                tensio        -1.113088        -1.125259        1.2170596E-02     1.000000        -1.113088        -1.125259        1.2170596E-02    0.1553257         6.438084    
 ten78                tensio        -1.114237        -1.125259        1.1022490E-02     1.000000        -1.114237        -1.125259        1.1022490E-02    0.1553257         6.438084    
 ten79                tensio        -1.117107        -1.130554        1.3447226E-02     1.000000        -1.117107        -1.130554        1.3447226E-02    0.1553257         6.438084    
 ten80                tensio        -1.120551        -1.135903        1.5351909E-02     1.000000        -1.120551        -1.135903        1.5351909E-02    0.1553257         6.438084    
 ten81                tensio        -1.122847        -1.141306        1.8458698E-02     1.000000        -1.122847        -1.141306        1.8458698E-02    0.1553257         6.438084    
 ten82                tensio        -1.125144        -1.146764        2.1620487E-02     1.000000        -1.125144        -1.146764        2.1620487E-02    0.1553257         6.438084    
 ten83                tensio        -1.128014        -1.146764        1.8750223E-02     1.000000        -1.128014        -1.146764        1.8750223E-02    0.1553257         6.438084    
 ten84                tensio        -1.130310        -1.152279        2.1969011E-02     1.000000        -1.130310        -1.152279        2.1969011E-02    0.1553257         6.438084    
 ten85                tensio        -1.131458        -1.157850        2.6391906E-02     1.000000        -1.131458        -1.157850        2.6391906E-02    0.1553257         6.438084    
 ten86                tensio        -1.135476        -1.157850        2.2373536E-02     1.000000        -1.135476        -1.157850        2.2373536E-02    0.1553257         6.438084    
 ten87                tensio        -1.137199        -1.163480        2.6281378E-02     1.000000        -1.137199        -1.163480        2.6281378E-02    0.1553257         6.438084    
 ten88                tensio        -1.137773        -1.169169        3.1396325E-02     1.000000        -1.137773        -1.169169        3.1396325E-02    0.1553257         6.438084    
 ten89                tensio        -1.139495        -1.169169        2.9674166E-02     1.000000        -1.139495        -1.169169        2.9674166E-02    0.1553257         6.438084    
 ten90                tensio        -1.142939        -1.174917        3.1977850E-02     1.000000        -1.142939        -1.174917        3.1977850E-02    0.1553257         6.438084    
 ten91                tensio        -1.144661        -1.180727        3.6065691E-02     1.000000        -1.144661        -1.180727        3.6065691E-02    0.1553257         6.438084    
 ten92                tensio        -1.146958        -1.180727        3.3769480E-02     1.000000        -1.146958        -1.180727        3.3769480E-02    0.1553257         6.438084    
 ten93                tensio        -1.148106        -1.186599        3.8493374E-02     1.000000        -1.148106        -1.186599        3.8493374E-02    0.1553257         6.438084    
 ten94                tensio        -1.150402        -1.192534        4.2132163E-02     1.000000        -1.150402        -1.192534        4.2132163E-02    0.1553257         6.438084    
 ten95                tensio        -1.157290        -1.192534        3.5243529E-02     1.000000        -1.157290        -1.192534        3.5243529E-02    0.1553257         6.438084    
 ten96                tensio        -1.153846        -1.198533        4.4686846E-02     1.000000        -1.153846        -1.198533        4.4686846E-02    0.1553257         6.438084    
