 Name                 Group          Measured         Modelled         Residual         Weight       Weight*Measured    Weight*Modelled  Weight*Residual  Measurement_sd   Natural_weight
 ten1                 tensio        -1.464409        -1.745895        0.2814863         1.000000        -1.464409        -1.745895        0.2814863        0.1575535         6.347049    
 ten2                 tensio        -1.460964        -1.745895        0.2849306         1.000000        -1.460964        -1.745895        0.2849306        0.1575535         6.347049    
 ten3                 tensio        -1.458668        -1.745895        0.2872268         1.000000        -1.458668        -1.745895        0.2872268        0.1575535         6.347049    
 ten4                 tensio        -1.459816        -1.745895        0.2860787         1.000000        -1.459816        -1.745895        0.2860787        0.1575535         6.347049    
 ten5                 tensio        -1.456946        -1.745895        0.2889490         1.000000        -1.456946        -1.745895        0.2889490        0.1575535         6.347049    
 ten6                 tensio        -1.461538        -1.745895        0.2843565         1.000000        -1.461538        -1.745895        0.2843565        0.1575535         6.347049    
 ten7                 tensio        -1.460390        -1.745895        0.2855046         1.000000        -1.460390        -1.745895        0.2855046        0.1575535         6.347049    
 ten8                 tensio        -1.458668        -1.745895        0.2872268         1.000000        -1.458668        -1.745895        0.2872268        0.1575535         6.347049    
 ten9                 tensio        -1.462113        -1.745895        0.2837825         1.000000        -1.462113        -1.745895        0.2837825        0.1575535         6.347049    
 ten10                tensio        -1.453502        -1.745895        0.2923933         1.000000        -1.453502        -1.745895        0.2923933        0.1575535         6.347049    
 ten11                tensio        -1.454076        -1.745895        0.2918192         1.000000        -1.454076        -1.745895        0.2918192        0.1575535         6.347049    
 ten12                tensio        -1.451780        -1.745895        0.2941154         1.000000        -1.451780        -1.745895        0.2941154        0.1575535         6.347049    
 ten13                tensio        -1.452354        -1.745895        0.2935414         1.000000        -1.452354        -1.745895        0.2935414        0.1575535         6.347049    
 ten14                tensio        -1.458668        -1.745895        0.2872268         1.000000        -1.458668        -1.745895        0.2872268        0.1575535         6.347049    
 ten15                tensio        -1.452354        -1.745895        0.2935414         1.000000        -1.452354        -1.745895        0.2935414        0.1575535         6.347049    
 ten16                tensio        -1.448909        -1.745895        0.2969857         1.000000        -1.448909        -1.745895        0.2969857        0.1575535         6.347049    
 ten17                tensio        -1.449483        -1.745895        0.2964116         1.000000        -1.449483        -1.745895        0.2964116        0.1575535         6.347049    
 ten18                tensio        -1.430540        -1.745895        0.3153554         1.000000        -1.430540        -1.745895        0.3153554        0.1575535         6.347049    
 ten19                tensio        -1.404133        -1.745895        0.3417618         1.000000        -1.404133        -1.745895        0.3417618        0.1575535         6.347049    
 ten20                tensio        -1.320321        -1.745895        0.4255735         1.000000        -1.320321        -1.745895        0.4255735        0.1575535         6.347049    
 ten21                tensio        -1.060276        -1.106590        4.6314455E-02     1.000000        -1.060276        -1.106590        4.6314455E-02    0.1575535         6.347049    
 ten22                tensio       -0.7824340       -0.9696980        0.1872640         1.000000       -0.7824340       -0.9696980        0.1872640        0.1575535         6.347049    
 ten23                tensio       -0.7169920       -0.9135430        0.1965510         1.000000       -0.7169920       -0.9135430        0.1965510        0.1575535         6.347049    
 ten24                tensio       -0.7112514       -0.9100340        0.1987826         1.000000       -0.7112514       -0.9100340        0.1987826        0.1575535         6.347049    
 ten25                tensio       -0.7123995       -0.9100340        0.1976345         1.000000       -0.7123995       -0.9100340        0.1976345        0.1575535         6.347049    
 ten26                tensio       -0.7152698       -0.9100340        0.1947642         1.000000       -0.7152698       -0.9100340        0.1947642        0.1575535         6.347049    
 ten27                tensio       -0.7169920       -0.9135430        0.1965510         1.000000       -0.7169920       -0.9135430        0.1965510        0.1575535         6.347049    
 ten28                tensio       -0.7307692       -0.9135430        0.1827738         1.000000       -0.7307692       -0.9135430        0.1827738        0.1575535         6.347049    
 ten29                tensio       -0.7669346       -0.9135430        0.1466084         1.000000       -0.7669346       -0.9135430        0.1466084        0.1575535         6.347049    
 ten30                tensio       -0.7887486       -0.9170800        0.1283314         1.000000       -0.7887486       -0.9170800        0.1283314        0.1575535         6.347049    
 ten31                tensio       -0.8088404       -0.9170800        0.1082396         1.000000       -0.8088404       -0.9170800        0.1082396        0.1575535         6.347049    
 ten32                tensio       -0.8283582       -0.9170800        8.8721791E-02     1.000000       -0.8283582       -0.9170800        8.8721791E-02    0.1575535         6.347049    
 ten33                tensio       -0.8467279       -0.9206440        7.3916101E-02     1.000000       -0.8467279       -0.9206440        7.3916101E-02    0.1575535         6.347049    
 ten34                tensio       -0.8639495       -0.9206440        5.6694517E-02     1.000000       -0.8639495       -0.9206440        5.6694517E-02    0.1575535         6.347049    
 ten35                tensio       -0.8828932       -0.9206440        3.7750774E-02     1.000000       -0.8828932       -0.9206440        3.7750774E-02    0.1575535         6.347049    
 ten36                tensio       -0.8960964       -0.9242370        2.8140559E-02     1.000000       -0.8960964       -0.9242370        2.8140559E-02    0.1575535         6.347049    
 ten37                tensio       -0.9064294       -0.9242370        1.7807608E-02     1.000000       -0.9064294       -0.9242370        1.7807608E-02    0.1575535         6.347049    
 ten38                tensio       -0.9173364       -0.9242370        6.9006051E-03     1.000000       -0.9173364       -0.9242370        6.9006051E-03    0.1575535         6.347049    
 ten39                tensio       -0.9282434       -0.9278590       -3.8439839E-04     1.000000       -0.9282434       -0.9278590       -3.8439839E-04    0.1575535         6.347049    
 ten40                tensio       -0.9380023       -0.9278590       -1.0143296E-02     1.000000       -0.9380023       -0.9278590       -1.0143296E-02    0.1575535         6.347049    
 ten41                tensio       -0.9477612       -0.9278590       -1.9902194E-02     1.000000       -0.9477612       -0.9278590       -1.9902194E-02    0.1575535         6.347049    
 ten42                tensio       -0.9552239       -0.9315090       -2.3714881E-02     1.000000       -0.9552239       -0.9315090       -2.3714881E-02    0.1575535         6.347049    
 ten43                tensio       -0.9632606       -0.9315090       -3.1751620E-02     1.000000       -0.9632606       -0.9315090       -3.1751620E-02    0.1575535         6.347049    
 ten44                tensio       -0.9712974       -0.9351890       -3.6108359E-02     1.000000       -0.9712974       -0.9351890       -3.6108359E-02    0.1575535         6.347049    
 ten45                tensio       -0.9799082       -0.9351890       -4.4719152E-02     1.000000       -0.9799082       -0.9351890       -4.4719152E-02    0.1575535         6.347049    
 ten46                tensio       -0.9862227       -0.9351890       -5.1033732E-02     1.000000       -0.9862227       -0.9351890       -5.1033732E-02    0.1575535         6.347049    
 ten47                tensio       -0.9936854       -0.9388990       -5.4786419E-02     1.000000       -0.9936854       -0.9388990       -5.4786419E-02    0.1575535         6.347049    
 ten48                tensio        -1.000574       -0.9388990       -6.1675053E-02     1.000000        -1.000574       -0.9388990       -6.1675053E-02    0.1575535         6.347049    
 ten49                tensio        -1.006889       -0.9426390       -6.4249634E-02     1.000000        -1.006889       -0.9426390       -6.4249634E-02    0.1575535         6.347049    
 ten50                tensio        -1.013203       -0.9426390       -7.0564215E-02     1.000000        -1.013203       -0.9426390       -7.0564215E-02    0.1575535         6.347049    
 ten51                tensio        -1.020092       -0.9464090       -7.3682848E-02     1.000000        -1.020092       -0.9464090       -7.3682848E-02    0.1575535         6.347049    
 ten52                tensio        -1.025832       -0.9540440       -7.1788377E-02     1.000000        -1.025832       -0.9540440       -7.1788377E-02    0.1575535         6.347049    
 ten53                tensio        -1.030999       -0.9618050       -6.9193852E-02     1.000000        -1.030999       -0.9618050       -6.9193852E-02    0.1575535         6.347049    
 ten54                tensio        -1.035591       -0.9696980       -6.5893274E-02     1.000000        -1.035591       -0.9696980       -6.5893274E-02    0.1575535         6.347049    
 ten55                tensio        -1.039610       -0.9777240       -6.1885644E-02     1.000000        -1.039610       -0.9777240       -6.1885644E-02    0.1575535         6.347049    
 ten56                tensio        -1.044202       -0.9858890       -5.8313067E-02     1.000000        -1.044202       -0.9858890       -5.8313067E-02    0.1575535         6.347049    
 ten57                tensio        -1.049943       -0.9900240       -5.9918595E-02     1.000000        -1.049943       -0.9900240       -5.9918595E-02    0.1575535         6.347049    
 ten58                tensio        -1.052813       -0.9984040       -5.4408859E-02     1.000000        -1.052813       -0.9984040       -5.4408859E-02    0.1575535         6.347049    
 ten59                tensio        -1.056257        -1.002649       -5.3608176E-02     1.000000        -1.056257        -1.002649       -5.3608176E-02    0.1575535         6.347049    
 ten60                tensio        -1.060850        -1.011251       -4.9598598E-02     1.000000        -1.060850        -1.011251       -4.9598598E-02    0.1575535         6.347049    
 ten61                tensio        -1.063720        -1.015611       -4.8108862E-02     1.000000        -1.063720        -1.015611       -4.8108862E-02    0.1575535         6.347049    
 ten62                tensio        -1.068312        -1.024447       -4.3865285E-02     1.000000        -1.068312        -1.024447       -4.3865285E-02    0.1575535         6.347049    
 ten63                tensio        -1.072331        -1.028925       -4.3405654E-02     1.000000        -1.072331        -1.028925       -4.3405654E-02    0.1575535         6.347049    
 ten64                tensio        -1.075775        -1.033445       -4.2329971E-02     1.000000        -1.075775        -1.033445       -4.2329971E-02    0.1575535         6.347049    
 ten65                tensio        -1.078071        -1.038006       -4.0065183E-02     1.000000        -1.078071        -1.038006       -4.0065183E-02    0.1575535         6.347049    
 ten66                tensio        -1.082090        -1.047254       -3.4835552E-02     1.000000        -1.082090        -1.047254       -3.4835552E-02    0.1575535         6.347049    
 ten67                tensio        -1.085534        -1.051944       -3.3589869E-02     1.000000        -1.085534        -1.051944       -3.3589869E-02    0.1575535         6.347049    
 ten68                tensio        -1.088404        -1.056677       -3.1727133E-02     1.000000        -1.088404        -1.056677       -3.1727133E-02    0.1575535         6.347049    
 ten69                tensio        -1.091274        -1.061455       -2.9819397E-02     1.000000        -1.091274        -1.061455       -2.9819397E-02    0.1575535         6.347049    
 ten70                tensio        -1.092423        -1.066279       -2.6143503E-02     1.000000        -1.092423        -1.066279       -2.6143503E-02    0.1575535         6.347049    
 ten71                tensio        -1.097015        -1.071148       -2.5866925E-02     1.000000        -1.097015        -1.071148       -2.5866925E-02    0.1575535         6.347049    
 ten72                tensio        -1.100459        -1.076065       -2.4394242E-02     1.000000        -1.100459        -1.076065       -2.4394242E-02    0.1575535         6.347049    
 ten73                tensio        -1.102181        -1.081029       -2.1152401E-02     1.000000        -1.102181        -1.081029       -2.1152401E-02    0.1575535         6.347049    
 ten74                tensio        -1.105052        -1.086041       -1.9010665E-02     1.000000        -1.105052        -1.086041       -1.9010665E-02    0.1575535         6.347049    
 ten75                tensio        -1.107348        -1.091103       -1.6244876E-02     1.000000        -1.107348        -1.091103       -1.6244876E-02    0.1575535         6.347049    
 ten76                tensio        -1.109644        -1.096214       -1.3430087E-02     1.000000        -1.109644        -1.096214       -1.3430087E-02    0.1575535         6.347049    
 ten77                tensio        -1.113088        -1.101376       -1.1712404E-02     1.000000        -1.113088        -1.101376       -1.1712404E-02    0.1575535         6.347049    
 ten78                tensio        -1.114237        -1.106590       -7.6465098E-03     1.000000        -1.114237        -1.106590       -7.6465098E-03    0.1575535         6.347049    
 ten79                tensio        -1.117107        -1.106590       -1.0516774E-02     1.000000        -1.117107        -1.106590       -1.0516774E-02    0.1575535         6.347049    
 ten80                tensio        -1.120551        -1.111855       -8.6960907E-03     1.000000        -1.120551        -1.111855       -8.6960907E-03    0.1575535         6.347049    
 ten81                tensio        -1.122847        -1.117174       -5.6733020E-03     1.000000        -1.122847        -1.117174       -5.6733020E-03    0.1575535         6.347049    
 ten82                tensio        -1.125144        -1.122547       -2.5965132E-03     1.000000        -1.125144        -1.122547       -2.5965132E-03    0.1575535         6.347049    
 ten83                tensio        -1.128014        -1.127975       -3.8777270E-05     1.000000        -1.128014        -1.127975       -3.8777270E-05    0.1575535         6.347049    
 ten84                tensio        -1.130310        -1.127975       -2.3349885E-03     1.000000        -1.130310        -1.127975       -2.3349885E-03    0.1575535         6.347049    
 ten85                tensio        -1.131458        -1.133458        1.9999059E-03     1.000000        -1.131458        -1.133458        1.9999059E-03    0.1575535         6.347049    
 ten86                tensio        -1.135476        -1.138998        3.5215362E-03     1.000000        -1.135476        -1.138998        3.5215362E-03    0.1575535         6.347049    
 ten87                tensio        -1.137199        -1.138998        1.7993777E-03     1.000000        -1.137199        -1.138998        1.7993777E-03    0.1575535         6.347049    
 ten88                tensio        -1.137773        -1.144596        6.8233249E-03     1.000000        -1.137773        -1.144596        6.8233249E-03    0.1575535         6.347049    
 ten89                tensio        -1.139495        -1.150253        1.0758166E-02     1.000000        -1.139495        -1.150253        1.0758166E-02    0.1575535         6.347049    
 ten90                tensio        -1.142939        -1.150253        7.3138496E-03     1.000000        -1.142939        -1.150253        7.3138496E-03    0.1575535         6.347049    
 ten91                tensio        -1.144661        -1.155969        1.1307691E-02     1.000000        -1.144661        -1.155969        1.1307691E-02    0.1575535         6.347049    
 ten92                tensio        -1.146958        -1.161745        1.4787480E-02     1.000000        -1.146958        -1.161745        1.4787480E-02    0.1575535         6.347049    
 ten93                tensio        -1.148106        -1.161745        1.3639374E-02     1.000000        -1.148106        -1.161745        1.3639374E-02    0.1575535         6.347049    
 ten94                tensio        -1.150402        -1.167583        1.7181163E-02     1.000000        -1.150402        -1.167583        1.7181163E-02    0.1575535         6.347049    
 ten95                tensio        -1.157290        -1.173484        1.6193529E-02     1.000000        -1.157290        -1.173484        1.6193529E-02    0.1575535         6.347049    
 ten96                tensio        -1.153846        -1.173484        1.9637846E-02     1.000000        -1.153846        -1.173484        1.9637846E-02    0.1575535         6.347049    
