 Name                 Group          Measured         Modelled         Residual         Weight       Weight*Measured    Weight*Modelled  Weight*Residual  Measurement_sd   Natural_weight
 ten1                 tensio        -1.464409        -1.753763        0.2893543         1.000000        -1.464409        -1.753763        0.2893543        0.1658665         6.028944    
 ten2                 tensio        -1.460964        -1.753763        0.2927986         1.000000        -1.460964        -1.753763        0.2927986        0.1658665         6.028944    
 ten3                 tensio        -1.458668        -1.753763        0.2950948         1.000000        -1.458668        -1.753763        0.2950948        0.1658665         6.028944    
 ten4                 tensio        -1.459816        -1.753763        0.2939467         1.000000        -1.459816        -1.753763        0.2939467        0.1658665         6.028944    
 ten5                 tensio        -1.456946        -1.753763        0.2968170         1.000000        -1.456946        -1.753763        0.2968170        0.1658665         6.028944    
 ten6                 tensio        -1.461538        -1.753763        0.2922245         1.000000        -1.461538        -1.753763        0.2922245        0.1658665         6.028944    
 ten7                 tensio        -1.460390        -1.753763        0.2933726         1.000000        -1.460390        -1.753763        0.2933726        0.1658665         6.028944    
 ten8                 tensio        -1.458668        -1.753763        0.2950948         1.000000        -1.458668        -1.753763        0.2950948        0.1658665         6.028944    
 ten9                 tensio        -1.462113        -1.753763        0.2916505         1.000000        -1.462113        -1.753763        0.2916505        0.1658665         6.028944    
 ten10                tensio        -1.453502        -1.753763        0.3002613         1.000000        -1.453502        -1.753763        0.3002613        0.1658665         6.028944    
 ten11                tensio        -1.454076        -1.753763        0.2996872         1.000000        -1.454076        -1.753763        0.2996872        0.1658665         6.028944    
 ten12                tensio        -1.451780        -1.753763        0.3019834         1.000000        -1.451780        -1.753763        0.3019834        0.1658665         6.028944    
 ten13                tensio        -1.452354        -1.753763        0.3014094         1.000000        -1.452354        -1.753763        0.3014094        0.1658665         6.028944    
 ten14                tensio        -1.458668        -1.753763        0.2950948         1.000000        -1.458668        -1.753763        0.2950948        0.1658665         6.028944    
 ten15                tensio        -1.452354        -1.753763        0.3014094         1.000000        -1.452354        -1.753763        0.3014094        0.1658665         6.028944    
 ten16                tensio        -1.448909        -1.753763        0.3048537         1.000000        -1.448909        -1.753763        0.3048537        0.1658665         6.028944    
 ten17                tensio        -1.449483        -1.753763        0.3042796         1.000000        -1.449483        -1.753763        0.3042796        0.1658665         6.028944    
 ten18                tensio        -1.430540        -1.753763        0.3232234         1.000000        -1.430540        -1.753763        0.3232234        0.1658665         6.028944    
 ten19                tensio        -1.404133        -1.753763        0.3496298         1.000000        -1.404133        -1.753763        0.3496298        0.1658665         6.028944    
 ten20                tensio        -1.320321        -1.753763        0.4334415         1.000000        -1.320321        -1.753763        0.4334415        0.1658665         6.028944    
 ten21                tensio        -1.060276        -1.124695        6.4419455E-02     1.000000        -1.060276        -1.124695        6.4419455E-02    0.1658665         6.028944    
 ten22                tensio       -0.7824340        -1.001117        0.2186830         1.000000       -0.7824340        -1.001117        0.2186830        0.1658665         6.028944    
 ten23                tensio       -0.7169920       -0.9475970        0.2306050         1.000000       -0.7169920       -0.9475970        0.2306050        0.1658665         6.028944    
 ten24                tensio       -0.7112514       -0.9475970        0.2363456         1.000000       -0.7112514       -0.9475970        0.2363456        0.1658665         6.028944    
 ten25                tensio       -0.7123995       -0.9475970        0.2351975         1.000000       -0.7123995       -0.9475970        0.2351975        0.1658665         6.028944    
 ten26                tensio       -0.7152698       -0.9475970        0.2323272         1.000000       -0.7152698       -0.9475970        0.2323272        0.1658665         6.028944    
 ten27                tensio       -0.7169920       -0.9512220        0.2342300         1.000000       -0.7169920       -0.9512220        0.2342300        0.1658665         6.028944    
 ten28                tensio       -0.7307692       -0.9512220        0.2204528         1.000000       -0.7307692       -0.9512220        0.2204528        0.1658665         6.028944    
 ten29                tensio       -0.7669346       -0.9512220        0.1842874         1.000000       -0.7669346       -0.9512220        0.1842874        0.1658665         6.028944    
 ten30                tensio       -0.7887486       -0.9512220        0.1624734         1.000000       -0.7887486       -0.9512220        0.1624734        0.1658665         6.028944    
 ten31                tensio       -0.8088404       -0.9548760        0.1460356         1.000000       -0.8088404       -0.9548760        0.1460356        0.1658665         6.028944    
 ten32                tensio       -0.8283582       -0.9548760        0.1265178         1.000000       -0.8283582       -0.9548760        0.1265178        0.1658665         6.028944    
 ten33                tensio       -0.8467279       -0.9548760        0.1081481         1.000000       -0.8467279       -0.9548760        0.1081481        0.1658665         6.028944    
 ten34                tensio       -0.8639495       -0.9585600        9.4610517E-02     1.000000       -0.8639495       -0.9585600        9.4610517E-02    0.1658665         6.028944    
 ten35                tensio       -0.8828932       -0.9585600        7.5666774E-02     1.000000       -0.8828932       -0.9585600        7.5666774E-02    0.1658665         6.028944    
 ten36                tensio       -0.8960964       -0.9585600        6.2463559E-02     1.000000       -0.8960964       -0.9585600        6.2463559E-02    0.1658665         6.028944    
 ten37                tensio       -0.9064294       -0.9622720        5.5842608E-02     1.000000       -0.9064294       -0.9622720        5.5842608E-02    0.1658665         6.028944    
 ten38                tensio       -0.9173364       -0.9622720        4.4935605E-02     1.000000       -0.9173364       -0.9622720        4.4935605E-02    0.1658665         6.028944    
 ten39                tensio       -0.9282434       -0.9660150        3.7771602E-02     1.000000       -0.9282434       -0.9660150        3.7771602E-02    0.1658665         6.028944    
 ten40                tensio       -0.9380023       -0.9660150        2.8012704E-02     1.000000       -0.9380023       -0.9660150        2.8012704E-02    0.1658665         6.028944    
 ten41                tensio       -0.9477612       -0.9660150        1.8253806E-02     1.000000       -0.9477612       -0.9660150        1.8253806E-02    0.1658665         6.028944    
 ten42                tensio       -0.9552239       -0.9697880        1.4564119E-02     1.000000       -0.9552239       -0.9697880        1.4564119E-02    0.1658665         6.028944    
 ten43                tensio       -0.9632606       -0.9697880        6.5273800E-03     1.000000       -0.9632606       -0.9697880        6.5273800E-03    0.1658665         6.028944    
 ten44                tensio       -0.9712974       -0.9697880       -1.5093594E-03     1.000000       -0.9712974       -0.9697880       -1.5093594E-03    0.1658665         6.028944    
 ten45                tensio       -0.9799082       -0.9735920       -6.3161515E-03     1.000000       -0.9799082       -0.9735920       -6.3161515E-03    0.1658665         6.028944    
 ten46                tensio       -0.9862227       -0.9735920       -1.2630732E-02     1.000000       -0.9862227       -0.9735920       -1.2630732E-02    0.1658665         6.028944    
 ten47                tensio       -0.9936854       -0.9774270       -1.6258419E-02     1.000000       -0.9936854       -0.9774270       -1.6258419E-02    0.1658665         6.028944    
 ten48                tensio        -1.000574       -0.9774270       -2.3147053E-02     1.000000        -1.000574       -0.9774270       -2.3147053E-02    0.1658665         6.028944    
 ten49                tensio        -1.006889       -0.9812940       -2.5594634E-02     1.000000        -1.006889       -0.9812940       -2.5594634E-02    0.1658665         6.028944    
 ten50                tensio        -1.013203       -0.9812940       -3.1909215E-02     1.000000        -1.013203       -0.9812940       -3.1909215E-02    0.1658665         6.028944    
 ten51                tensio        -1.020092       -0.9851930       -3.4898848E-02     1.000000        -1.020092       -0.9851930       -3.4898848E-02    0.1658665         6.028944    
 ten52                tensio        -1.025832       -0.9930880       -3.2744377E-02     1.000000        -1.025832       -0.9930880       -3.2744377E-02    0.1658665         6.028944    
 ten53                tensio        -1.030999        -1.001117       -2.9881852E-02     1.000000        -1.030999        -1.001117       -2.9881852E-02    0.1658665         6.028944    
 ten54                tensio        -1.035591        -1.009283       -2.6308274E-02     1.000000        -1.035591        -1.009283       -2.6308274E-02    0.1658665         6.028944    
 ten55                tensio        -1.039610        -1.017590       -2.2019644E-02     1.000000        -1.039610        -1.017590       -2.2019644E-02    0.1658665         6.028944    
 ten56                tensio        -1.044202        -1.021797       -2.2405067E-02     1.000000        -1.044202        -1.021797       -2.2405067E-02    0.1658665         6.028944    
 ten57                tensio        -1.049943        -1.030323       -1.9619595E-02     1.000000        -1.049943        -1.030323       -1.9619595E-02    0.1658665         6.028944    
 ten58                tensio        -1.052813        -1.034643       -1.8169859E-02     1.000000        -1.052813        -1.034643       -1.8169859E-02    0.1658665         6.028944    
 ten59                tensio        -1.056257        -1.043397       -1.2860176E-02     1.000000        -1.056257        -1.043397       -1.2860176E-02    0.1658665         6.028944    
 ten60                tensio        -1.060850        -1.047834       -1.3015598E-02     1.000000        -1.060850        -1.047834       -1.3015598E-02    0.1658665         6.028944    
 ten61                tensio        -1.063720        -1.056827       -6.8928622E-03     1.000000        -1.063720        -1.056827       -6.8928622E-03    0.1658665         6.028944    
 ten62                tensio        -1.068312        -1.061385       -6.9272847E-03     1.000000        -1.068312        -1.061385       -6.9272847E-03    0.1658665         6.028944    
 ten63                tensio        -1.072331        -1.065985       -6.3456544E-03     1.000000        -1.072331        -1.065985       -6.3456544E-03    0.1658665         6.028944    
 ten64                tensio        -1.075775        -1.075314       -4.6097130E-04     1.000000        -1.075775        -1.075314       -4.6097130E-04    0.1658665         6.028944    
 ten65                tensio        -1.078071        -1.080043        1.9718175E-03     1.000000        -1.078071        -1.080043        1.9718175E-03    0.1658665         6.028944    
 ten66                tensio        -1.082090        -1.084817        2.7274478E-03     1.000000        -1.082090        -1.084817        2.7274478E-03    0.1658665         6.028944    
 ten67                tensio        -1.085534        -1.089637        4.1031309E-03     1.000000        -1.085534        -1.089637        4.1031309E-03    0.1658665         6.028944    
 ten68                tensio        -1.088404        -1.094502        6.0978668E-03     1.000000        -1.088404        -1.094502        6.0978668E-03    0.1658665         6.028944    
 ten69                tensio        -1.091274        -1.099413        8.1386028E-03     1.000000        -1.091274        -1.099413        8.1386028E-03    0.1658665         6.028944    
 ten70                tensio        -1.092423        -1.104372        1.1949497E-02     1.000000        -1.092423        -1.104372        1.1949497E-02    0.1658665         6.028944    
 ten71                tensio        -1.097015        -1.109379        1.2364075E-02     1.000000        -1.097015        -1.109379        1.2364075E-02    0.1658665         6.028944    
 ten72                tensio        -1.100459        -1.114435        1.3975758E-02     1.000000        -1.100459        -1.114435        1.3975758E-02    0.1658665         6.028944    
 ten73                tensio        -1.102181        -1.119540        1.7358599E-02     1.000000        -1.102181        -1.119540        1.7358599E-02    0.1658665         6.028944    
 ten74                tensio        -1.105052        -1.124695        1.9643335E-02     1.000000        -1.105052        -1.124695        1.9643335E-02    0.1658665         6.028944    
 ten75                tensio        -1.107348        -1.129902        2.2554124E-02     1.000000        -1.107348        -1.129902        2.2554124E-02    0.1658665         6.028944    
 ten76                tensio        -1.109644        -1.135161        2.5516913E-02     1.000000        -1.109644        -1.135161        2.5516913E-02    0.1658665         6.028944    
 ten77                tensio        -1.113088        -1.140472        2.7383596E-02     1.000000        -1.113088        -1.140472        2.7383596E-02    0.1658665         6.028944    
 ten78                tensio        -1.114237        -1.145837        3.1600490E-02     1.000000        -1.114237        -1.145837        3.1600490E-02    0.1658665         6.028944    
 ten79                tensio        -1.117107        -1.151257        3.4150226E-02     1.000000        -1.117107        -1.151257        3.4150226E-02    0.1658665         6.028944    
 ten80                tensio        -1.120551        -1.151257        3.0705909E-02     1.000000        -1.120551        -1.151257        3.0705909E-02    0.1658665         6.028944    
 ten81                tensio        -1.122847        -1.156731        3.3883698E-02     1.000000        -1.122847        -1.156731        3.3883698E-02    0.1658665         6.028944    
 ten82                tensio        -1.125144        -1.162263        3.7119487E-02     1.000000        -1.125144        -1.162263        3.7119487E-02    0.1658665         6.028944    
 ten83                tensio        -1.128014        -1.167851        3.9837223E-02     1.000000        -1.128014        -1.167851        3.9837223E-02    0.1658665         6.028944    
 ten84                tensio        -1.130310        -1.167851        3.7541011E-02     1.000000        -1.130310        -1.167851        3.7541011E-02    0.1658665         6.028944    
 ten85                tensio        -1.131458        -1.173498        4.2039906E-02     1.000000        -1.131458        -1.173498        4.2039906E-02    0.1658665         6.028944    
 ten86                tensio        -1.135476        -1.179204        4.3727536E-02     1.000000        -1.135476        -1.179204        4.3727536E-02    0.1658665         6.028944    
 ten87                tensio        -1.137199        -1.179204        4.2005378E-02     1.000000        -1.137199        -1.179204        4.2005378E-02    0.1658665         6.028944    
 ten88                tensio        -1.137773        -1.184971        4.7198325E-02     1.000000        -1.137773        -1.184971        4.7198325E-02    0.1658665         6.028944    
 ten89                tensio        -1.139495        -1.190798        5.1303166E-02     1.000000        -1.139495        -1.190798        5.1303166E-02    0.1658665         6.028944    
 ten90                tensio        -1.142939        -1.190798        4.7858850E-02     1.000000        -1.142939        -1.190798        4.7858850E-02    0.1658665         6.028944    
 ten91                tensio        -1.144661        -1.196688        5.2026691E-02     1.000000        -1.144661        -1.196688        5.2026691E-02    0.1658665         6.028944    
 ten92                tensio        -1.146958        -1.202641        5.5683480E-02     1.000000        -1.146958        -1.202641        5.5683480E-02    0.1658665         6.028944    
 ten93                tensio        -1.148106        -1.202641        5.4535374E-02     1.000000        -1.148106        -1.202641        5.4535374E-02    0.1658665         6.028944    
 ten94                tensio        -1.150402        -1.208659        5.8257163E-02     1.000000        -1.150402        -1.208659        5.8257163E-02    0.1658665         6.028944    
 ten95                tensio        -1.157290        -1.208659        5.1368529E-02     1.000000        -1.157290        -1.208659        5.1368529E-02    0.1658665         6.028944    
 ten96                tensio        -1.153846        -1.214742        6.0895846E-02     1.000000        -1.153846        -1.214742        6.0895846E-02    0.1658665         6.028944    
