 Name                 Group          Measured         Modelled         Residual         Weight       Weight*Measured    Weight*Modelled  Weight*Residual  Measurement_sd   Natural_weight
 ten1                 tensio        -1.464409        -1.745076        0.2806673         1.000000        -1.464409        -1.745076        0.2806673        0.1574518         6.351148    
 ten2                 tensio        -1.460964        -1.745076        0.2841116         1.000000        -1.460964        -1.745076        0.2841116        0.1574518         6.351148    
 ten3                 tensio        -1.458668        -1.745076        0.2864078         1.000000        -1.458668        -1.745076        0.2864078        0.1574518         6.351148    
 ten4                 tensio        -1.459816        -1.745076        0.2852597         1.000000        -1.459816        -1.745076        0.2852597        0.1574518         6.351148    
 ten5                 tensio        -1.456946        -1.745076        0.2881300         1.000000        -1.456946        -1.745076        0.2881300        0.1574518         6.351148    
 ten6                 tensio        -1.461538        -1.745076        0.2835375         1.000000        -1.461538        -1.745076        0.2835375        0.1574518         6.351148    
 ten7                 tensio        -1.460390        -1.745076        0.2846856         1.000000        -1.460390        -1.745076        0.2846856        0.1574518         6.351148    
 ten8                 tensio        -1.458668        -1.745076        0.2864078         1.000000        -1.458668        -1.745076        0.2864078        0.1574518         6.351148    
 ten9                 tensio        -1.462113        -1.745076        0.2829635         1.000000        -1.462113        -1.745076        0.2829635        0.1574518         6.351148    
 ten10                tensio        -1.453502        -1.745076        0.2915743         1.000000        -1.453502        -1.745076        0.2915743        0.1574518         6.351148    
 ten11                tensio        -1.454076        -1.745076        0.2910002         1.000000        -1.454076        -1.745076        0.2910002        0.1574518         6.351148    
 ten12                tensio        -1.451780        -1.745076        0.2932964         1.000000        -1.451780        -1.745076        0.2932964        0.1574518         6.351148    
 ten13                tensio        -1.452354        -1.745076        0.2927224         1.000000        -1.452354        -1.745076        0.2927224        0.1574518         6.351148    
 ten14                tensio        -1.458668        -1.745076        0.2864078         1.000000        -1.458668        -1.745076        0.2864078        0.1574518         6.351148    
 ten15                tensio        -1.452354        -1.745076        0.2927224         1.000000        -1.452354        -1.745076        0.2927224        0.1574518         6.351148    
 ten16                tensio        -1.448909        -1.745076        0.2961667         1.000000        -1.448909        -1.745076        0.2961667        0.1574518         6.351148    
 ten17                tensio        -1.449483        -1.745076        0.2955926         1.000000        -1.449483        -1.745076        0.2955926        0.1574518         6.351148    
 ten18                tensio        -1.430540        -1.745076        0.3145364         1.000000        -1.430540        -1.745076        0.3145364        0.1574518         6.351148    
 ten19                tensio        -1.404133        -1.745076        0.3409428         1.000000        -1.404133        -1.745076        0.3409428        0.1574518         6.351148    
 ten20                tensio        -1.320321        -1.745076        0.4247545         1.000000        -1.320321        -1.745076        0.4247545        0.1574518         6.351148    
 ten21                tensio        -1.060276        -1.107743        4.7467455E-02     1.000000        -1.060276        -1.107743        4.7467455E-02    0.1574518         6.351148    
 ten22                tensio       -0.7824340       -0.9751110        0.1926770         1.000000       -0.7824340       -0.9751110        0.1926770        0.1574518         6.351148    
 ten23                tensio       -0.7169920       -0.9185900        0.2015980         1.000000       -0.7169920       -0.9185900        0.2015980        0.1574518         6.351148    
 ten24                tensio       -0.7112514       -0.9150580        0.2038066         1.000000       -0.7112514       -0.9150580        0.2038066        0.1574518         6.351148    
 ten25                tensio       -0.7123995       -0.9150580        0.2026585         1.000000       -0.7123995       -0.9150580        0.2026585        0.1574518         6.351148    
 ten26                tensio       -0.7152698       -0.9150580        0.1997882         1.000000       -0.7152698       -0.9150580        0.1997882        0.1574518         6.351148    
 ten27                tensio       -0.7169920       -0.9185900        0.2015980         1.000000       -0.7169920       -0.9185900        0.2015980        0.1574518         6.351148    
 ten28                tensio       -0.7307692       -0.9185900        0.1878208         1.000000       -0.7307692       -0.9185900        0.1878208        0.1574518         6.351148    
 ten29                tensio       -0.7669346       -0.9185900        0.1516554         1.000000       -0.7669346       -0.9185900        0.1516554        0.1574518         6.351148    
 ten30                tensio       -0.7887486       -0.9185900        0.1298414         1.000000       -0.7887486       -0.9185900        0.1298414        0.1574518         6.351148    
 ten31                tensio       -0.8088404       -0.9221490        0.1133086         1.000000       -0.8088404       -0.9221490        0.1133086        0.1574518         6.351148    
 ten32                tensio       -0.8283582       -0.9221490        9.3790791E-02     1.000000       -0.8283582       -0.9221490        9.3790791E-02    0.1574518         6.351148    
 ten33                tensio       -0.8467279       -0.9221490        7.5421101E-02     1.000000       -0.8467279       -0.9221490        7.5421101E-02    0.1574518         6.351148    
 ten34                tensio       -0.8639495       -0.9257360        6.1786517E-02     1.000000       -0.8639495       -0.9257360        6.1786517E-02    0.1574518         6.351148    
 ten35                tensio       -0.8828932       -0.9257360        4.2842774E-02     1.000000       -0.8828932       -0.9257360        4.2842774E-02    0.1574518         6.351148    
 ten36                tensio       -0.8960964       -0.9257360        2.9639559E-02     1.000000       -0.8960964       -0.9257360        2.9639559E-02    0.1574518         6.351148    
 ten37                tensio       -0.9064294       -0.9293520        2.2922608E-02     1.000000       -0.9064294       -0.9293520        2.2922608E-02    0.1574518         6.351148    
 ten38                tensio       -0.9173364       -0.9293520        1.2015605E-02     1.000000       -0.9173364       -0.9293520        1.2015605E-02    0.1574518         6.351148    
 ten39                tensio       -0.9282434       -0.9293520        1.1086016E-03     1.000000       -0.9282434       -0.9293520        1.1086016E-03    0.1574518         6.351148    
 ten40                tensio       -0.9380023       -0.9329970       -5.0052962E-03     1.000000       -0.9380023       -0.9329970       -5.0052962E-03    0.1574518         6.351148    
 ten41                tensio       -0.9477612       -0.9329970       -1.4764194E-02     1.000000       -0.9477612       -0.9329970       -1.4764194E-02    0.1574518         6.351148    
 ten42                tensio       -0.9552239       -0.9366710       -1.8552881E-02     1.000000       -0.9552239       -0.9366710       -1.8552881E-02    0.1574518         6.351148    
 ten43                tensio       -0.9632606       -0.9366710       -2.6589620E-02     1.000000       -0.9632606       -0.9366710       -2.6589620E-02    0.1574518         6.351148    
 ten44                tensio       -0.9712974       -0.9366710       -3.4626359E-02     1.000000       -0.9712974       -0.9366710       -3.4626359E-02    0.1574518         6.351148    
 ten45                tensio       -0.9799082       -0.9403740       -3.9534152E-02     1.000000       -0.9799082       -0.9403740       -3.9534152E-02    0.1574518         6.351148    
 ten46                tensio       -0.9862227       -0.9403740       -4.5848732E-02     1.000000       -0.9862227       -0.9403740       -4.5848732E-02    0.1574518         6.351148    
 ten47                tensio       -0.9936854       -0.9441080       -4.9577419E-02     1.000000       -0.9936854       -0.9441080       -4.9577419E-02    0.1574518         6.351148    
 ten48                tensio        -1.000574       -0.9441080       -5.6466053E-02     1.000000        -1.000574       -0.9441080       -5.6466053E-02    0.1574518         6.351148    
 ten49                tensio        -1.006889       -0.9478730       -5.9015634E-02     1.000000        -1.006889       -0.9478730       -5.9015634E-02    0.1574518         6.351148    
 ten50                tensio        -1.013203       -0.9478730       -6.5330215E-02     1.000000        -1.013203       -0.9478730       -6.5330215E-02    0.1574518         6.351148    
 ten51                tensio        -1.020092       -0.9516680       -6.8423848E-02     1.000000        -1.020092       -0.9516680       -6.8423848E-02    0.1574518         6.351148    
 ten52                tensio        -1.025832       -0.9593520       -6.6480377E-02     1.000000        -1.025832       -0.9593520       -6.6480377E-02    0.1574518         6.351148    
 ten53                tensio        -1.030999       -0.9671650       -6.3833852E-02     1.000000        -1.030999       -0.9671650       -6.3833852E-02    0.1574518         6.351148    
 ten54                tensio        -1.035591       -0.9751110       -6.0480274E-02     1.000000        -1.035591       -0.9751110       -6.0480274E-02    0.1574518         6.351148    
 ten55                tensio        -1.039610       -0.9831920       -5.6417644E-02     1.000000        -1.039610       -0.9831920       -5.6417644E-02    0.1574518         6.351148    
 ten56                tensio        -1.044202       -0.9872840       -5.6918067E-02     1.000000        -1.044202       -0.9872840       -5.6918067E-02    0.1574518         6.351148    
 ten57                tensio        -1.049943       -0.9955760       -5.4366595E-02     1.000000        -1.049943       -0.9955760       -5.4366595E-02    0.1574518         6.351148    
 ten58                tensio        -1.052813       -0.9997760       -5.3036859E-02     1.000000        -1.052813       -0.9997760       -5.3036859E-02    0.1574518         6.351148    
 ten59                tensio        -1.056257        -1.008287       -4.7970176E-02     1.000000        -1.056257        -1.008287       -4.7970176E-02    0.1574518         6.351148    
 ten60                tensio        -1.060850        -1.012600       -4.8249598E-02     1.000000        -1.060850        -1.012600       -4.8249598E-02    0.1574518         6.351148    
 ten61                tensio        -1.063720        -1.021341       -4.2378862E-02     1.000000        -1.063720        -1.021341       -4.2378862E-02    0.1574518         6.351148    
 ten62                tensio        -1.068312        -1.025770       -4.2542285E-02     1.000000        -1.068312        -1.025770       -4.2542285E-02    0.1574518         6.351148    
 ten63                tensio        -1.072331        -1.034750       -3.7580654E-02     1.000000        -1.072331        -1.034750       -3.7580654E-02    0.1574518         6.351148    
 ten64                tensio        -1.075775        -1.039302       -3.6472971E-02     1.000000        -1.075775        -1.039302       -3.6472971E-02    0.1574518         6.351148    
 ten65                tensio        -1.078071        -1.043896       -3.4175183E-02     1.000000        -1.078071        -1.043896       -3.4175183E-02    0.1574518         6.351148    
 ten66                tensio        -1.082090        -1.048533       -3.3556552E-02     1.000000        -1.082090        -1.048533       -3.3556552E-02    0.1574518         6.351148    
 ten67                tensio        -1.085534        -1.053212       -3.2321869E-02     1.000000        -1.085534        -1.053212       -3.2321869E-02    0.1574518         6.351148    
 ten68                tensio        -1.088404        -1.062704       -2.5700133E-02     1.000000        -1.088404        -1.062704       -2.5700133E-02    0.1574518         6.351148    
 ten69                tensio        -1.091274        -1.067518       -2.3756397E-02     1.000000        -1.091274        -1.067518       -2.3756397E-02    0.1574518         6.351148    
 ten70                tensio        -1.092423        -1.072377       -2.0045503E-02     1.000000        -1.092423        -1.072377       -2.0045503E-02    0.1574518         6.351148    
 ten71                tensio        -1.097015        -1.077284       -1.9730925E-02     1.000000        -1.097015        -1.077284       -1.9730925E-02    0.1574518         6.351148    
 ten72                tensio        -1.100459        -1.082237       -1.8222242E-02     1.000000        -1.100459        -1.082237       -1.8222242E-02    0.1574518         6.351148    
 ten73                tensio        -1.102181        -1.087239       -1.4942401E-02     1.000000        -1.102181        -1.087239       -1.4942401E-02    0.1574518         6.351148    
 ten74                tensio        -1.105052        -1.092290       -1.2761665E-02     1.000000        -1.105052        -1.092290       -1.2761665E-02    0.1574518         6.351148    
 ten75                tensio        -1.107348        -1.097390       -9.9578760E-03     1.000000        -1.107348        -1.097390       -9.9578760E-03    0.1574518         6.351148    
 ten76                tensio        -1.109644        -1.097390       -1.2254087E-02     1.000000        -1.109644        -1.097390       -1.2254087E-02    0.1574518         6.351148    
 ten77                tensio        -1.113088        -1.102541       -1.0547404E-02     1.000000        -1.113088        -1.102541       -1.0547404E-02    0.1574518         6.351148    
 ten78                tensio        -1.114237        -1.107743       -6.4935098E-03     1.000000        -1.114237        -1.107743       -6.4935098E-03    0.1574518         6.351148    
 ten79                tensio        -1.117107        -1.112997       -4.1097738E-03     1.000000        -1.117107        -1.112997       -4.1097738E-03    0.1574518         6.351148    
 ten80                tensio        -1.120551        -1.118304       -2.2470907E-03     1.000000        -1.120551        -1.118304       -2.2470907E-03    0.1574518         6.351148    
 ten81                tensio        -1.122847        -1.123664        8.1669805E-04     1.000000        -1.122847        -1.123664        8.1669805E-04    0.1574518         6.351148    
 ten82                tensio        -1.125144        -1.123664       -1.4795132E-03     1.000000        -1.125144        -1.123664       -1.4795132E-03    0.1574518         6.351148    
 ten83                tensio        -1.128014        -1.129080        1.0662227E-03     1.000000        -1.128014        -1.129080        1.0662227E-03    0.1574518         6.351148    
 ten84                tensio        -1.130310        -1.134551        4.2410115E-03     1.000000        -1.130310        -1.134551        4.2410115E-03    0.1574518         6.351148    
 ten85                tensio        -1.131458        -1.140078        8.6199059E-03     1.000000        -1.131458        -1.140078        8.6199059E-03    0.1574518         6.351148    
 ten86                tensio        -1.135476        -1.140078        4.6015362E-03     1.000000        -1.135476        -1.140078        4.6015362E-03    0.1574518         6.351148    
 ten87                tensio        -1.137199        -1.145663        8.4643777E-03     1.000000        -1.137199        -1.145663        8.4643777E-03    0.1574518         6.351148    
 ten88                tensio        -1.137773        -1.151306        1.3533325E-02     1.000000        -1.137773        -1.151306        1.3533325E-02    0.1574518         6.351148    
 ten89                tensio        -1.139495        -1.151306        1.1811166E-02     1.000000        -1.139495        -1.151306        1.1811166E-02    0.1574518         6.351148    
 ten90                tensio        -1.142939        -1.157008        1.4068850E-02     1.000000        -1.142939        -1.157008        1.4068850E-02    0.1574518         6.351148    
 ten91                tensio        -1.144661        -1.162771        1.8109691E-02     1.000000        -1.144661        -1.162771        1.8109691E-02    0.1574518         6.351148    
 ten92                tensio        -1.146958        -1.162771        1.5813480E-02     1.000000        -1.146958        -1.162771        1.5813480E-02    0.1574518         6.351148    
 ten93                tensio        -1.148106        -1.168596        2.0490374E-02     1.000000        -1.148106        -1.168596        2.0490374E-02    0.1574518         6.351148    
 ten94                tensio        -1.150402        -1.168596        1.8194163E-02     1.000000        -1.150402        -1.168596        1.8194163E-02    0.1574518         6.351148    
 ten95                tensio        -1.157290        -1.174482        1.7191529E-02     1.000000        -1.157290        -1.174482        1.7191529E-02    0.1574518         6.351148    
 ten96                tensio        -1.153846        -1.180432        2.6585846E-02     1.000000        -1.153846        -1.180432        2.6585846E-02    0.1574518         6.351148    
