 Name                 Group          Measured         Modelled         Residual         Weight       Weight*Measured    Weight*Modelled  Weight*Residual  Measurement_sd   Natural_weight
 ten1                 tensio        -1.464409        -1.741508        0.2770993         1.000000        -1.464409        -1.741508        0.2770993        0.1581374         6.323615    
 ten2                 tensio        -1.460964        -1.741508        0.2805436         1.000000        -1.460964        -1.741508        0.2805436        0.1581374         6.323615    
 ten3                 tensio        -1.458668        -1.741508        0.2828398         1.000000        -1.458668        -1.741508        0.2828398        0.1581374         6.323615    
 ten4                 tensio        -1.459816        -1.741508        0.2816917         1.000000        -1.459816        -1.741508        0.2816917        0.1581374         6.323615    
 ten5                 tensio        -1.456946        -1.741508        0.2845620         1.000000        -1.456946        -1.741508        0.2845620        0.1581374         6.323615    
 ten6                 tensio        -1.461538        -1.741508        0.2799695         1.000000        -1.461538        -1.741508        0.2799695        0.1581374         6.323615    
 ten7                 tensio        -1.460390        -1.741508        0.2811176         1.000000        -1.460390        -1.741508        0.2811176        0.1581374         6.323615    
 ten8                 tensio        -1.458668        -1.741508        0.2828398         1.000000        -1.458668        -1.741508        0.2828398        0.1581374         6.323615    
 ten9                 tensio        -1.462113        -1.741508        0.2793955         1.000000        -1.462113        -1.741508        0.2793955        0.1581374         6.323615    
 ten10                tensio        -1.453502        -1.741508        0.2880063         1.000000        -1.453502        -1.741508        0.2880063        0.1581374         6.323615    
 ten11                tensio        -1.454076        -1.741508        0.2874322         1.000000        -1.454076        -1.741508        0.2874322        0.1581374         6.323615    
 ten12                tensio        -1.451780        -1.741508        0.2897284         1.000000        -1.451780        -1.741508        0.2897284        0.1581374         6.323615    
 ten13                tensio        -1.452354        -1.741508        0.2891544         1.000000        -1.452354        -1.741508        0.2891544        0.1581374         6.323615    
 ten14                tensio        -1.458668        -1.741508        0.2828398         1.000000        -1.458668        -1.741508        0.2828398        0.1581374         6.323615    
 ten15                tensio        -1.452354        -1.741508        0.2891544         1.000000        -1.452354        -1.741508        0.2891544        0.1581374         6.323615    
 ten16                tensio        -1.448909        -1.741508        0.2925987         1.000000        -1.448909        -1.741508        0.2925987        0.1581374         6.323615    
 ten17                tensio        -1.449483        -1.741508        0.2920246         1.000000        -1.449483        -1.741508        0.2920246        0.1581374         6.323615    
 ten18                tensio        -1.430540        -1.741508        0.3109684         1.000000        -1.430540        -1.741508        0.3109684        0.1581374         6.323615    
 ten19                tensio        -1.404133        -1.741508        0.3373748         1.000000        -1.404133        -1.741508        0.3373748        0.1581374         6.323615    
 ten20                tensio        -1.320321        -1.741508        0.4211865         1.000000        -1.320321        -1.741508        0.4211865        0.1581374         6.323615    
 ten21                tensio        -1.060276        -1.109529        4.9253455E-02     1.000000        -1.060276        -1.109529        4.9253455E-02    0.1581374         6.323615    
 ten22                tensio       -0.7824340       -0.9914370        0.2090030         1.000000       -0.7824340       -0.9914370        0.2090030        0.1581374         6.323615    
 ten23                tensio       -0.7169920       -0.9344870        0.2174950         1.000000       -0.7169920       -0.9344870        0.2174950        0.1581374         6.323615    
 ten24                tensio       -0.7112514       -0.9344870        0.2232356         1.000000       -0.7112514       -0.9344870        0.2232356        0.1581374         6.323615    
 ten25                tensio       -0.7123995       -0.9344870        0.2220875         1.000000       -0.7123995       -0.9344870        0.2220875        0.1581374         6.323615    
 ten26                tensio       -0.7152698       -0.9344870        0.2192172         1.000000       -0.7152698       -0.9344870        0.2192172        0.1581374         6.323615    
 ten27                tensio       -0.7169920       -0.9380730        0.2210810         1.000000       -0.7169920       -0.9380730        0.2210810        0.1581374         6.323615    
 ten28                tensio       -0.7307692       -0.9380730        0.2073038         1.000000       -0.7307692       -0.9380730        0.2073038        0.1581374         6.323615    
 ten29                tensio       -0.7669346       -0.9380730        0.1711384         1.000000       -0.7669346       -0.9380730        0.1711384        0.1581374         6.323615    
 ten30                tensio       -0.7887486       -0.9416880        0.1529394         1.000000       -0.7887486       -0.9416880        0.1529394        0.1581374         6.323615    
 ten31                tensio       -0.8088404       -0.9416880        0.1328476         1.000000       -0.8088404       -0.9416880        0.1328476        0.1581374         6.323615    
 ten32                tensio       -0.8283582       -0.9416880        0.1133298         1.000000       -0.8283582       -0.9416880        0.1133298        0.1581374         6.323615    
 ten33                tensio       -0.8467279       -0.9416880        9.4960101E-02     1.000000       -0.8467279       -0.9416880        9.4960101E-02    0.1581374         6.323615    
 ten34                tensio       -0.8639495       -0.9453310        8.1381517E-02     1.000000       -0.8639495       -0.9453310        8.1381517E-02    0.1581374         6.323615    
 ten35                tensio       -0.8828932       -0.9453310        6.2437774E-02     1.000000       -0.8828932       -0.9453310        6.2437774E-02    0.1581374         6.323615    
 ten36                tensio       -0.8960964       -0.9453310        4.9234559E-02     1.000000       -0.8960964       -0.9453310        4.9234559E-02    0.1581374         6.323615    
 ten37                tensio       -0.9064294       -0.9490030        4.2573608E-02     1.000000       -0.9064294       -0.9490030        4.2573608E-02    0.1581374         6.323615    
 ten38                tensio       -0.9173364       -0.9490030        3.1666605E-02     1.000000       -0.9173364       -0.9490030        3.1666605E-02    0.1581374         6.323615    
 ten39                tensio       -0.9282434       -0.9527050        2.4461602E-02     1.000000       -0.9282434       -0.9527050        2.4461602E-02    0.1581374         6.323615    
 ten40                tensio       -0.9380023       -0.9527050        1.4702704E-02     1.000000       -0.9380023       -0.9527050        1.4702704E-02    0.1581374         6.323615    
 ten41                tensio       -0.9477612       -0.9527050        4.9438060E-03     1.000000       -0.9477612       -0.9527050        4.9438060E-03    0.1581374         6.323615    
 ten42                tensio       -0.9552239       -0.9564370        1.2131194E-03     1.000000       -0.9552239       -0.9564370        1.2131194E-03    0.1581374         6.323615    
 ten43                tensio       -0.9632606       -0.9564370       -6.8236200E-03     1.000000       -0.9632606       -0.9564370       -6.8236200E-03    0.1581374         6.323615    
 ten44                tensio       -0.9712974       -0.9601990       -1.1098359E-02     1.000000       -0.9712974       -0.9601990       -1.1098359E-02    0.1581374         6.323615    
 ten45                tensio       -0.9799082       -0.9601990       -1.9709152E-02     1.000000       -0.9799082       -0.9601990       -1.9709152E-02    0.1581374         6.323615    
 ten46                tensio       -0.9862227       -0.9601990       -2.6023732E-02     1.000000       -0.9862227       -0.9601990       -2.6023732E-02    0.1581374         6.323615    
 ten47                tensio       -0.9936854       -0.9639920       -2.9693419E-02     1.000000       -0.9936854       -0.9639920       -2.9693419E-02    0.1581374         6.323615    
 ten48                tensio        -1.000574       -0.9639920       -3.6582053E-02     1.000000        -1.000574       -0.9639920       -3.6582053E-02    0.1581374         6.323615    
 ten49                tensio        -1.006889       -0.9678160       -3.9072634E-02     1.000000        -1.006889       -0.9678160       -3.9072634E-02    0.1581374         6.323615    
 ten50                tensio        -1.013203       -0.9678160       -4.5387215E-02     1.000000        -1.013203       -0.9678160       -4.5387215E-02    0.1581374         6.323615    
 ten51                tensio        -1.020092       -0.9716710       -4.8420848E-02     1.000000        -1.020092       -0.9716710       -4.8420848E-02    0.1581374         6.323615    
 ten52                tensio        -1.025832       -0.9794790       -4.6353377E-02     1.000000        -1.025832       -0.9794790       -4.6353377E-02    0.1581374         6.323615    
 ten53                tensio        -1.030999       -0.9874170       -4.3581852E-02     1.000000        -1.030999       -0.9874170       -4.3581852E-02    0.1581374         6.323615    
 ten54                tensio        -1.035591       -0.9954910       -4.0100274E-02     1.000000        -1.035591       -0.9954910       -4.0100274E-02    0.1581374         6.323615    
 ten55                tensio        -1.039610        -1.003704       -3.5905644E-02     1.000000        -1.039610        -1.003704       -3.5905644E-02    0.1581374         6.323615    
 ten56                tensio        -1.044202        -1.007863       -3.6339067E-02     1.000000        -1.044202        -1.007863       -3.6339067E-02    0.1581374         6.323615    
 ten57                tensio        -1.049943        -1.016291       -3.3651595E-02     1.000000        -1.049943        -1.016291       -3.3651595E-02    0.1581374         6.323615    
 ten58                tensio        -1.052813        -1.024868       -2.7944859E-02     1.000000        -1.052813        -1.024868       -2.7944859E-02    0.1581374         6.323615    
 ten59                tensio        -1.056257        -1.029214       -2.7043176E-02     1.000000        -1.056257        -1.029214       -2.7043176E-02    0.1581374         6.323615    
 ten60                tensio        -1.060850        -1.038022       -2.2827598E-02     1.000000        -1.060850        -1.038022       -2.2827598E-02    0.1581374         6.323615    
 ten61                tensio        -1.063720        -1.042486       -2.1233862E-02     1.000000        -1.063720        -1.042486       -2.1233862E-02    0.1581374         6.323615    
 ten62                tensio        -1.068312        -1.046990       -2.1322285E-02     1.000000        -1.068312        -1.046990       -2.1322285E-02    0.1581374         6.323615    
 ten63                tensio        -1.072331        -1.056123       -1.6207654E-02     1.000000        -1.072331        -1.056123       -1.6207654E-02    0.1581374         6.323615    
 ten64                tensio        -1.075775        -1.060753       -1.5021971E-02     1.000000        -1.075775        -1.060753       -1.5021971E-02    0.1581374         6.323615    
 ten65                tensio        -1.078071        -1.065426       -1.2645183E-02     1.000000        -1.078071        -1.065426       -1.2645183E-02    0.1581374         6.323615    
 ten66                tensio        -1.082090        -1.070142       -1.1947552E-02     1.000000        -1.082090        -1.070142       -1.1947552E-02    0.1581374         6.323615    
 ten67                tensio        -1.085534        -1.074903       -1.0630869E-02     1.000000        -1.085534        -1.074903       -1.0630869E-02    0.1581374         6.323615    
 ten68                tensio        -1.088404        -1.084560       -3.8441332E-03     1.000000        -1.088404        -1.084560       -3.8441332E-03    0.1581374         6.323615    
 ten69                tensio        -1.091274        -1.089458       -1.8163972E-03     1.000000        -1.091274        -1.089458       -1.8163972E-03    0.1581374         6.323615    
 ten70                tensio        -1.092423        -1.094403        1.9804971E-03     1.000000        -1.092423        -1.094403        1.9804971E-03    0.1581374         6.323615    
 ten71                tensio        -1.097015        -1.099396        2.3810746E-03     1.000000        -1.097015        -1.099396        2.3810746E-03    0.1581374         6.323615    
 ten72                tensio        -1.100459        -1.104438        3.9787578E-03     1.000000        -1.100459        -1.104438        3.9787578E-03    0.1581374         6.323615    
 ten73                tensio        -1.102181        -1.109529        7.3475993E-03     1.000000        -1.102181        -1.109529        7.3475993E-03    0.1581374         6.323615    
 ten74                tensio        -1.105052        -1.109529        4.4773353E-03     1.000000        -1.105052        -1.109529        4.4773353E-03    0.1581374         6.323615    
 ten75                tensio        -1.107348        -1.114670        7.3221240E-03     1.000000        -1.107348        -1.114670        7.3221240E-03    0.1581374         6.323615    
 ten76                tensio        -1.109644        -1.119862        1.0217913E-02     1.000000        -1.109644        -1.119862        1.0217913E-02    0.1581374         6.323615    
 ten77                tensio        -1.113088        -1.125106        1.2017596E-02     1.000000        -1.113088        -1.125106        1.2017596E-02    0.1581374         6.323615    
 ten78                tensio        -1.114237        -1.130403        1.6166490E-02     1.000000        -1.114237        -1.130403        1.6166490E-02    0.1581374         6.323615    
 ten79                tensio        -1.117107        -1.135753        1.8646226E-02     1.000000        -1.117107        -1.135753        1.8646226E-02    0.1581374         6.323615    
 ten80                tensio        -1.120551        -1.141158        2.0606909E-02     1.000000        -1.120551        -1.141158        2.0606909E-02    0.1581374         6.323615    
 ten81                tensio        -1.122847        -1.141158        1.8310698E-02     1.000000        -1.122847        -1.141158        1.8310698E-02    0.1581374         6.323615    
 ten82                tensio        -1.125144        -1.146617        2.1473487E-02     1.000000        -1.125144        -1.146617        2.1473487E-02    0.1581374         6.323615    
 ten83                tensio        -1.128014        -1.152133        2.4119223E-02     1.000000        -1.128014        -1.152133        2.4119223E-02    0.1581374         6.323615    
 ten84                tensio        -1.130310        -1.157706        2.7396011E-02     1.000000        -1.130310        -1.157706        2.7396011E-02    0.1581374         6.323615    
 ten85                tensio        -1.131458        -1.157706        2.6247906E-02     1.000000        -1.131458        -1.157706        2.6247906E-02    0.1581374         6.323615    
 ten86                tensio        -1.135476        -1.163337        2.7860536E-02     1.000000        -1.135476        -1.163337        2.7860536E-02    0.1581374         6.323615    
 ten87                tensio        -1.137199        -1.169028        3.1829378E-02     1.000000        -1.137199        -1.169028        3.1829378E-02    0.1581374         6.323615    
 ten88                tensio        -1.137773        -1.169028        3.1255325E-02     1.000000        -1.137773        -1.169028        3.1255325E-02    0.1581374         6.323615    
 ten89                tensio        -1.139495        -1.174778        3.5283166E-02     1.000000        -1.139495        -1.174778        3.5283166E-02    0.1581374         6.323615    
 ten90                tensio        -1.142939        -1.180589        3.7649850E-02     1.000000        -1.142939        -1.180589        3.7649850E-02    0.1581374         6.323615    
 ten91                tensio        -1.144661        -1.180589        3.5927691E-02     1.000000        -1.144661        -1.180589        3.5927691E-02    0.1581374         6.323615    
 ten92                tensio        -1.146958        -1.186462        3.9504480E-02     1.000000        -1.146958        -1.186462        3.9504480E-02    0.1581374         6.323615    
 ten93                tensio        -1.148106        -1.192399        4.4293374E-02     1.000000        -1.148106        -1.192399        4.4293374E-02    0.1581374         6.323615    
 ten94                tensio        -1.150402        -1.192399        4.1997163E-02     1.000000        -1.150402        -1.192399        4.1997163E-02    0.1581374         6.323615    
 ten95                tensio        -1.157290        -1.198399        4.1108529E-02     1.000000        -1.157290        -1.198399        4.1108529E-02    0.1581374         6.323615    
 ten96                tensio        -1.153846        -1.198399        4.4552846E-02     1.000000        -1.153846        -1.198399        4.4552846E-02    0.1581374         6.323615    
