 Name                 Group          Measured         Modelled         Residual         Weight       Weight*Measured    Weight*Modelled  Weight*Residual  Measurement_sd   Natural_weight
 ten1                 tensio        -1.464409        -1.736680        0.2722713         1.000000        -1.464409        -1.736680        0.2722713        0.1530179         6.535185    
 ten2                 tensio        -1.460964        -1.736680        0.2757156         1.000000        -1.460964        -1.736680        0.2757156        0.1530179         6.535185    
 ten3                 tensio        -1.458668        -1.736680        0.2780118         1.000000        -1.458668        -1.736680        0.2780118        0.1530179         6.535185    
 ten4                 tensio        -1.459816        -1.736680        0.2768637         1.000000        -1.459816        -1.736680        0.2768637        0.1530179         6.535185    
 ten5                 tensio        -1.456946        -1.736680        0.2797340         1.000000        -1.456946        -1.736680        0.2797340        0.1530179         6.535185    
 ten6                 tensio        -1.461538        -1.736680        0.2751415         1.000000        -1.461538        -1.736680        0.2751415        0.1530179         6.535185    
 ten7                 tensio        -1.460390        -1.736680        0.2762896         1.000000        -1.460390        -1.736680        0.2762896        0.1530179         6.535185    
 ten8                 tensio        -1.458668        -1.736680        0.2780118         1.000000        -1.458668        -1.736680        0.2780118        0.1530179         6.535185    
 ten9                 tensio        -1.462113        -1.736680        0.2745675         1.000000        -1.462113        -1.736680        0.2745675        0.1530179         6.535185    
 ten10                tensio        -1.453502        -1.736680        0.2831783         1.000000        -1.453502        -1.736680        0.2831783        0.1530179         6.535185    
 ten11                tensio        -1.454076        -1.736680        0.2826042         1.000000        -1.454076        -1.736680        0.2826042        0.1530179         6.535185    
 ten12                tensio        -1.451780        -1.736680        0.2849004         1.000000        -1.451780        -1.736680        0.2849004        0.1530179         6.535185    
 ten13                tensio        -1.452354        -1.736680        0.2843264         1.000000        -1.452354        -1.736680        0.2843264        0.1530179         6.535185    
 ten14                tensio        -1.458668        -1.736680        0.2780118         1.000000        -1.458668        -1.736680        0.2780118        0.1530179         6.535185    
 ten15                tensio        -1.452354        -1.736680        0.2843264         1.000000        -1.452354        -1.736680        0.2843264        0.1530179         6.535185    
 ten16                tensio        -1.448909        -1.736680        0.2877707         1.000000        -1.448909        -1.736680        0.2877707        0.1530179         6.535185    
 ten17                tensio        -1.449483        -1.736680        0.2871966         1.000000        -1.449483        -1.736680        0.2871966        0.1530179         6.535185    
 ten18                tensio        -1.430540        -1.736680        0.3061404         1.000000        -1.430540        -1.736680        0.3061404        0.1530179         6.535185    
 ten19                tensio        -1.404133        -1.736680        0.3325468         1.000000        -1.404133        -1.736680        0.3325468        0.1530179         6.535185    
 ten20                tensio        -1.320321        -1.736680        0.4163585         1.000000        -1.320321        -1.736680        0.4163585        0.1530179         6.535185    
 ten21                tensio        -1.060276        -1.060448        1.7245465E-04     1.000000        -1.060276        -1.060448        1.7245465E-04    0.1530179         6.535185    
 ten22                tensio       -0.7824340       -0.9280750        0.1456410         1.000000       -0.7824340       -0.9280750        0.1456410        0.1530179         6.535185    
 ten23                tensio       -0.7169920       -0.8753790        0.1583870         1.000000       -0.7169920       -0.8753790        0.1583870        0.1530179         6.535185    
 ten24                tensio       -0.7112514       -0.8753790        0.1641276         1.000000       -0.7112514       -0.8753790        0.1641276        0.1530179         6.535185    
 ten25                tensio       -0.7123995       -0.8753790        0.1629795         1.000000       -0.7123995       -0.8753790        0.1629795        0.1530179         6.535185    
 ten26                tensio       -0.7152698       -0.8753790        0.1601092         1.000000       -0.7152698       -0.8753790        0.1601092        0.1530179         6.535185    
 ten27                tensio       -0.7169920       -0.8787050        0.1617130         1.000000       -0.7169920       -0.8787050        0.1617130        0.1530179         6.535185    
 ten28                tensio       -0.7307692       -0.8787050        0.1479358         1.000000       -0.7307692       -0.8787050        0.1479358        0.1530179         6.535185    
 ten29                tensio       -0.7669346       -0.8787050        0.1117704         1.000000       -0.7669346       -0.8787050        0.1117704        0.1530179         6.535185    
 ten30                tensio       -0.7887486       -0.8820560        9.3307435E-02     1.000000       -0.7887486       -0.8820560        9.3307435E-02    0.1530179         6.535185    
 ten31                tensio       -0.8088404       -0.8820560        7.3215587E-02     1.000000       -0.8088404       -0.8820560        7.3215587E-02    0.1530179         6.535185    
 ten32                tensio       -0.8283582       -0.8820560        5.3697791E-02     1.000000       -0.8283582       -0.8820560        5.3697791E-02    0.1530179         6.535185    
 ten33                tensio       -0.8467279       -0.8854320        3.8704101E-02     1.000000       -0.8467279       -0.8854320        3.8704101E-02    0.1530179         6.535185    
 ten34                tensio       -0.8639495       -0.8854320        2.1482517E-02     1.000000       -0.8639495       -0.8854320        2.1482517E-02    0.1530179         6.535185    
 ten35                tensio       -0.8828932       -0.8854320        2.5387738E-03     1.000000       -0.8828932       -0.8854320        2.5387738E-03    0.1530179         6.535185    
 ten36                tensio       -0.8960964       -0.8888350       -7.2614409E-03     1.000000       -0.8960964       -0.8888350       -7.2614409E-03    0.1530179         6.535185    
 ten37                tensio       -0.9064294       -0.8888350       -1.7594392E-02     1.000000       -0.9064294       -0.8888350       -1.7594392E-02    0.1530179         6.535185    
 ten38                tensio       -0.9173364       -0.8922640       -2.5072395E-02     1.000000       -0.9173364       -0.8922640       -2.5072395E-02    0.1530179         6.535185    
 ten39                tensio       -0.9282434       -0.8922640       -3.5979398E-02     1.000000       -0.9282434       -0.8922640       -3.5979398E-02    0.1530179         6.535185    
 ten40                tensio       -0.9380023       -0.8922640       -4.5738296E-02     1.000000       -0.9380023       -0.8922640       -4.5738296E-02    0.1530179         6.535185    
 ten41                tensio       -0.9477612       -0.8957190       -5.2042194E-02     1.000000       -0.9477612       -0.8957190       -5.2042194E-02    0.1530179         6.535185    
 ten42                tensio       -0.9552239       -0.8957190       -5.9504881E-02     1.000000       -0.9552239       -0.8957190       -5.9504881E-02    0.1530179         6.535185    
 ten43                tensio       -0.9632606       -0.8992020       -6.4058620E-02     1.000000       -0.9632606       -0.8992020       -6.4058620E-02    0.1530179         6.535185    
 ten44                tensio       -0.9712974       -0.8992020       -7.2095359E-02     1.000000       -0.9712974       -0.8992020       -7.2095359E-02    0.1530179         6.535185    
 ten45                tensio       -0.9799082       -0.9027110       -7.7197152E-02     1.000000       -0.9799082       -0.9027110       -7.7197152E-02    0.1530179         6.535185    
 ten46                tensio       -0.9862227       -0.9027110       -8.3511732E-02     1.000000       -0.9862227       -0.9027110       -8.3511732E-02    0.1530179         6.535185    
 ten47                tensio       -0.9936854       -0.9062490       -8.7436419E-02     1.000000       -0.9936854       -0.9062490       -8.7436419E-02    0.1530179         6.535185    
 ten48                tensio        -1.000574       -0.9062490       -9.4325053E-02     1.000000        -1.000574       -0.9062490       -9.4325053E-02    0.1530179         6.535185    
 ten49                tensio        -1.006889       -0.9098140       -9.7074634E-02     1.000000        -1.006889       -0.9098140       -9.7074634E-02    0.1530179         6.535185    
 ten50                tensio        -1.013203       -0.9170310       -9.6172215E-02     1.000000        -1.013203       -0.9170310       -9.6172215E-02    0.1530179         6.535185    
 ten51                tensio        -1.020092       -0.9243640       -9.5727848E-02     1.000000        -1.020092       -0.9243640       -9.5727848E-02    0.1530179         6.535185    
 ten52                tensio        -1.025832       -0.9355890       -9.0243377E-02     1.000000        -1.025832       -0.9355890       -9.0243377E-02    0.1530179         6.535185    
 ten53                tensio        -1.030999       -0.9432280       -8.7770852E-02     1.000000        -1.030999       -0.9432280       -8.7770852E-02    0.1530179         6.535185    
 ten54                tensio        -1.035591       -0.9470940       -8.8497274E-02     1.000000        -1.035591       -0.9470940       -8.8497274E-02    0.1530179         6.535185    
 ten55                tensio        -1.039610       -0.9549260       -8.4683644E-02     1.000000        -1.039610       -0.9549260       -8.4683644E-02    0.1530179         6.535185    
 ten56                tensio        -1.044202       -0.9628900       -8.1312067E-02     1.000000        -1.044202       -0.9628900       -8.1312067E-02    0.1530179         6.535185    
 ten57                tensio        -1.049943       -0.9709920       -7.8950595E-02     1.000000        -1.049943       -0.9709920       -7.8950595E-02    0.1530179         6.535185    
 ten58                tensio        -1.052813       -0.9750950       -7.7717859E-02     1.000000        -1.052813       -0.9750950       -7.7717859E-02    0.1530179         6.535185    
 ten59                tensio        -1.056257       -0.9834080       -7.2849176E-02     1.000000        -1.056257       -0.9834080       -7.2849176E-02    0.1530179         6.535185    
 ten60                tensio        -1.060850       -0.9876200       -7.3229598E-02     1.000000        -1.060850       -0.9876200       -7.3229598E-02    0.1530179         6.535185    
 ten61                tensio        -1.063720       -0.9961550       -6.7564862E-02     1.000000        -1.063720       -0.9961550       -6.7564862E-02    0.1530179         6.535185    
 ten62                tensio        -1.068312        -1.000480       -6.7832285E-02     1.000000        -1.068312        -1.000480       -6.7832285E-02    0.1530179         6.535185    
 ten63                tensio        -1.072331        -1.004843       -6.7487654E-02     1.000000        -1.072331        -1.004843       -6.7487654E-02    0.1530179         6.535185    
 ten64                tensio        -1.075775        -1.013689       -6.2085971E-02     1.000000        -1.075775        -1.013689       -6.2085971E-02    0.1530179         6.535185    
 ten65                tensio        -1.078071        -1.018172       -5.9899183E-02     1.000000        -1.078071        -1.018172       -5.9899183E-02    0.1530179         6.535185    
 ten66                tensio        -1.082090        -1.022697       -5.9392552E-02     1.000000        -1.082090        -1.022697       -5.9392552E-02    0.1530179         6.535185    
 ten67                tensio        -1.085534        -1.027263       -5.8270869E-02     1.000000        -1.085534        -1.027263       -5.8270869E-02    0.1530179         6.535185    
 ten68                tensio        -1.088404        -1.036523       -5.1881133E-02     1.000000        -1.088404        -1.036523       -5.1881133E-02    0.1530179         6.535185    
 ten69                tensio        -1.091274        -1.041218       -5.0056397E-02     1.000000        -1.091274        -1.041218       -5.0056397E-02    0.1530179         6.535185    
 ten70                tensio        -1.092423        -1.045958       -4.6464503E-02     1.000000        -1.092423        -1.045958       -4.6464503E-02    0.1530179         6.535185    
 ten71                tensio        -1.097015        -1.050742       -4.6272925E-02     1.000000        -1.097015        -1.050742       -4.6272925E-02    0.1530179         6.535185    
 ten72                tensio        -1.100459        -1.055572       -4.4887242E-02     1.000000        -1.100459        -1.055572       -4.4887242E-02    0.1530179         6.535185    
 ten73                tensio        -1.102181        -1.060448       -4.1733401E-02     1.000000        -1.102181        -1.060448       -4.1733401E-02    0.1530179         6.535185    
 ten74                tensio        -1.105052        -1.065372       -3.9679665E-02     1.000000        -1.105052        -1.065372       -3.9679665E-02    0.1530179         6.535185    
 ten75                tensio        -1.107348        -1.070343       -3.7004876E-02     1.000000        -1.107348        -1.070343       -3.7004876E-02    0.1530179         6.535185    
 ten76                tensio        -1.109644        -1.075362       -3.4282087E-02     1.000000        -1.109644        -1.075362       -3.4282087E-02    0.1530179         6.535185    
 ten77                tensio        -1.113088        -1.075362       -3.7726404E-02     1.000000        -1.113088        -1.075362       -3.7726404E-02    0.1530179         6.535185    
 ten78                tensio        -1.114237        -1.080431       -3.3805510E-02     1.000000        -1.114237        -1.080431       -3.3805510E-02    0.1530179         6.535185    
 ten79                tensio        -1.117107        -1.085550       -3.1556774E-02     1.000000        -1.117107        -1.085550       -3.1556774E-02    0.1530179         6.535185    
 ten80                tensio        -1.120551        -1.090720       -2.9831091E-02     1.000000        -1.120551        -1.090720       -2.9831091E-02    0.1530179         6.535185    
 ten81                tensio        -1.122847        -1.095942       -2.6905302E-02     1.000000        -1.122847        -1.095942       -2.6905302E-02    0.1530179         6.535185    
 ten82                tensio        -1.125144        -1.101216       -2.3927513E-02     1.000000        -1.125144        -1.101216       -2.3927513E-02    0.1530179         6.535185    
 ten83                tensio        -1.128014        -1.101216       -2.6797777E-02     1.000000        -1.128014        -1.101216       -2.6797777E-02    0.1530179         6.535185    
 ten84                tensio        -1.130310        -1.106543       -2.3766989E-02     1.000000        -1.130310        -1.106543       -2.3766989E-02    0.1530179         6.535185    
 ten85                tensio        -1.131458        -1.111925       -1.9533094E-02     1.000000        -1.131458        -1.111925       -1.9533094E-02    0.1530179         6.535185    
 ten86                tensio        -1.135476        -1.117362       -1.8114464E-02     1.000000        -1.135476        -1.117362       -1.8114464E-02    0.1530179         6.535185    
 ten87                tensio        -1.137199        -1.117362       -1.9836622E-02     1.000000        -1.137199        -1.117362       -1.9836622E-02    0.1530179         6.535185    
 ten88                tensio        -1.137773        -1.122855       -1.4917675E-02     1.000000        -1.137773        -1.122855       -1.4917675E-02    0.1530179         6.535185    
 ten89                tensio        -1.139495        -1.128404       -1.1090834E-02     1.000000        -1.139495        -1.128404       -1.1090834E-02    0.1530179         6.535185    
 ten90                tensio        -1.142939        -1.128404       -1.4535150E-02     1.000000        -1.142939        -1.128404       -1.4535150E-02    0.1530179         6.535185    
 ten91                tensio        -1.144661        -1.134012       -1.0649309E-02     1.000000        -1.144661        -1.134012       -1.0649309E-02    0.1530179         6.535185    
 ten92                tensio        -1.146958        -1.139678       -7.2795201E-03     1.000000        -1.146958        -1.139678       -7.2795201E-03    0.1530179         6.535185    
 ten93                tensio        -1.148106        -1.139678       -8.4276257E-03     1.000000        -1.148106        -1.139678       -8.4276257E-03    0.1530179         6.535185    
 ten94                tensio        -1.150402        -1.145405       -4.9968370E-03     1.000000        -1.150402        -1.145405       -4.9968370E-03    0.1530179         6.535185    
 ten95                tensio        -1.157290        -1.145405       -1.1885471E-02     1.000000        -1.157290        -1.145405       -1.1885471E-02    0.1530179         6.535185    
 ten96                tensio        -1.153846        -1.151192       -2.6541539E-03     1.000000        -1.153846        -1.151192       -2.6541539E-03    0.1530179         6.535185    
