 Name                 Group          Measured         Modelled         Residual         Weight       Weight*Measured    Weight*Modelled  Weight*Residual  Measurement_sd   Natural_weight
 ten1                 tensio        -1.464409        -1.753815        0.2894063         1.000000        -1.464409        -1.753815        0.2894063        0.1653460         6.047924    
 ten2                 tensio        -1.460964        -1.753815        0.2928506         1.000000        -1.460964        -1.753815        0.2928506        0.1653460         6.047924    
 ten3                 tensio        -1.458668        -1.753815        0.2951468         1.000000        -1.458668        -1.753815        0.2951468        0.1653460         6.047924    
 ten4                 tensio        -1.459816        -1.753815        0.2939987         1.000000        -1.459816        -1.753815        0.2939987        0.1653460         6.047924    
 ten5                 tensio        -1.456946        -1.753815        0.2968690         1.000000        -1.456946        -1.753815        0.2968690        0.1653460         6.047924    
 ten6                 tensio        -1.461538        -1.753815        0.2922765         1.000000        -1.461538        -1.753815        0.2922765        0.1653460         6.047924    
 ten7                 tensio        -1.460390        -1.753815        0.2934246         1.000000        -1.460390        -1.753815        0.2934246        0.1653460         6.047924    
 ten8                 tensio        -1.458668        -1.753815        0.2951468         1.000000        -1.458668        -1.753815        0.2951468        0.1653460         6.047924    
 ten9                 tensio        -1.462113        -1.753815        0.2917025         1.000000        -1.462113        -1.753815        0.2917025        0.1653460         6.047924    
 ten10                tensio        -1.453502        -1.753815        0.3003133         1.000000        -1.453502        -1.753815        0.3003133        0.1653460         6.047924    
 ten11                tensio        -1.454076        -1.753815        0.2997392         1.000000        -1.454076        -1.753815        0.2997392        0.1653460         6.047924    
 ten12                tensio        -1.451780        -1.753815        0.3020354         1.000000        -1.451780        -1.753815        0.3020354        0.1653460         6.047924    
 ten13                tensio        -1.452354        -1.753815        0.3014614         1.000000        -1.452354        -1.753815        0.3014614        0.1653460         6.047924    
 ten14                tensio        -1.458668        -1.753815        0.2951468         1.000000        -1.458668        -1.753815        0.2951468        0.1653460         6.047924    
 ten15                tensio        -1.452354        -1.753815        0.3014614         1.000000        -1.452354        -1.753815        0.3014614        0.1653460         6.047924    
 ten16                tensio        -1.448909        -1.753815        0.3049057         1.000000        -1.448909        -1.753815        0.3049057        0.1653460         6.047924    
 ten17                tensio        -1.449483        -1.753815        0.3043316         1.000000        -1.449483        -1.753815        0.3043316        0.1653460         6.047924    
 ten18                tensio        -1.430540        -1.753815        0.3232754         1.000000        -1.430540        -1.753815        0.3232754        0.1653460         6.047924    
 ten19                tensio        -1.404133        -1.753815        0.3496818         1.000000        -1.404133        -1.753815        0.3496818        0.1653460         6.047924    
 ten20                tensio        -1.320321        -1.753815        0.4334935         1.000000        -1.320321        -1.753815        0.4334935        0.1653460         6.047924    
 ten21                tensio        -1.060276        -1.124481        6.4205455E-02     1.000000        -1.060276        -1.124481        6.4205455E-02    0.1653460         6.047924    
 ten22                tensio       -0.7824340        -1.000870        0.2184360         1.000000       -0.7824340        -1.000870        0.2184360        0.1653460         6.047924    
 ten23                tensio       -0.7169920       -0.9473390        0.2303470         1.000000       -0.7169920       -0.9473390        0.2303470        0.1653460         6.047924    
 ten24                tensio       -0.7112514       -0.9437410        0.2324896         1.000000       -0.7112514       -0.9437410        0.2324896        0.1653460         6.047924    
 ten25                tensio       -0.7123995       -0.9437410        0.2313415         1.000000       -0.7123995       -0.9437410        0.2313415        0.1653460         6.047924    
 ten26                tensio       -0.7152698       -0.9437410        0.2284712         1.000000       -0.7152698       -0.9437410        0.2284712        0.1653460         6.047924    
 ten27                tensio       -0.7169920       -0.9473390        0.2303470         1.000000       -0.7169920       -0.9473390        0.2303470        0.1653460         6.047924    
 ten28                tensio       -0.7307692       -0.9473390        0.2165698         1.000000       -0.7307692       -0.9473390        0.2165698        0.1653460         6.047924    
 ten29                tensio       -0.7669346       -0.9473390        0.1804044         1.000000       -0.7669346       -0.9473390        0.1804044        0.1653460         6.047924    
 ten30                tensio       -0.7887486       -0.9509650        0.1622164         1.000000       -0.7887486       -0.9509650        0.1622164        0.1653460         6.047924    
 ten31                tensio       -0.8088404       -0.9509650        0.1421246         1.000000       -0.8088404       -0.9509650        0.1421246        0.1653460         6.047924    
 ten32                tensio       -0.8283582       -0.9509650        0.1226068         1.000000       -0.8283582       -0.9509650        0.1226068        0.1653460         6.047924    
 ten33                tensio       -0.8467279       -0.9546190        0.1078911         1.000000       -0.8467279       -0.9546190        0.1078911        0.1653460         6.047924    
 ten34                tensio       -0.8639495       -0.9546190        9.0669517E-02     1.000000       -0.8639495       -0.9546190        9.0669517E-02    0.1653460         6.047924    
 ten35                tensio       -0.8828932       -0.9546190        7.1725774E-02     1.000000       -0.8828932       -0.9546190        7.1725774E-02    0.1653460         6.047924    
 ten36                tensio       -0.8960964       -0.9583030        6.2206559E-02     1.000000       -0.8960964       -0.9583030        6.2206559E-02    0.1653460         6.047924    
 ten37                tensio       -0.9064294       -0.9583030        5.1873608E-02     1.000000       -0.9064294       -0.9583030        5.1873608E-02    0.1653460         6.047924    
 ten38                tensio       -0.9173364       -0.9583030        4.0966605E-02     1.000000       -0.9173364       -0.9583030        4.0966605E-02    0.1653460         6.047924    
 ten39                tensio       -0.9282434       -0.9620170        3.3773602E-02     1.000000       -0.9282434       -0.9620170        3.3773602E-02    0.1653460         6.047924    
 ten40                tensio       -0.9380023       -0.9620170        2.4014704E-02     1.000000       -0.9380023       -0.9620170        2.4014704E-02    0.1653460         6.047924    
 ten41                tensio       -0.9477612       -0.9620170        1.4255806E-02     1.000000       -0.9477612       -0.9620170        1.4255806E-02    0.1653460         6.047924    
 ten42                tensio       -0.9552239       -0.9657610        1.0537119E-02     1.000000       -0.9552239       -0.9657610        1.0537119E-02    0.1653460         6.047924    
 ten43                tensio       -0.9632606       -0.9657610        2.5003800E-03     1.000000       -0.9632606       -0.9657610        2.5003800E-03    0.1653460         6.047924    
 ten44                tensio       -0.9712974       -0.9695350       -1.7623594E-03     1.000000       -0.9712974       -0.9695350       -1.7623594E-03    0.1653460         6.047924    
 ten45                tensio       -0.9799082       -0.9695350       -1.0373152E-02     1.000000       -0.9799082       -0.9695350       -1.0373152E-02    0.1653460         6.047924    
 ten46                tensio       -0.9862227       -0.9733390       -1.2883732E-02     1.000000       -0.9862227       -0.9733390       -1.2883732E-02    0.1653460         6.047924    
 ten47                tensio       -0.9936854       -0.9733390       -2.0346419E-02     1.000000       -0.9936854       -0.9733390       -2.0346419E-02    0.1653460         6.047924    
 ten48                tensio        -1.000574       -0.9733390       -2.7235053E-02     1.000000        -1.000574       -0.9733390       -2.7235053E-02    0.1653460         6.047924    
 ten49                tensio        -1.006889       -0.9771750       -2.9713634E-02     1.000000        -1.006889       -0.9771750       -2.9713634E-02    0.1653460         6.047924    
 ten50                tensio        -1.013203       -0.9771750       -3.6028215E-02     1.000000        -1.013203       -0.9771750       -3.6028215E-02    0.1653460         6.047924    
 ten51                tensio        -1.020092       -0.9849420       -3.5149848E-02     1.000000        -1.020092       -0.9849420       -3.5149848E-02    0.1653460         6.047924    
 ten52                tensio        -1.025832       -0.9928400       -3.2992377E-02     1.000000        -1.025832       -0.9928400       -3.2992377E-02    0.1653460         6.047924    
 ten53                tensio        -1.030999        -1.000870       -3.0128852E-02     1.000000        -1.030999        -1.000870       -3.0128852E-02    0.1653460         6.047924    
 ten54                tensio        -1.035591        -1.009038       -2.6553274E-02     1.000000        -1.035591        -1.009038       -2.6553274E-02    0.1653460         6.047924    
 ten55                tensio        -1.039610        -1.013175       -2.6434644E-02     1.000000        -1.039610        -1.013175       -2.6434644E-02    0.1653460         6.047924    
 ten56                tensio        -1.044202        -1.021556       -2.2646067E-02     1.000000        -1.044202        -1.021556       -2.2646067E-02    0.1653460         6.047924    
 ten57                tensio        -1.049943        -1.030084       -1.9858595E-02     1.000000        -1.049943        -1.030084       -1.9858595E-02    0.1653460         6.047924    
 ten58                tensio        -1.052813        -1.034404       -1.8408859E-02     1.000000        -1.052813        -1.034404       -1.8408859E-02    0.1653460         6.047924    
 ten59                tensio        -1.056257        -1.043161       -1.3096176E-02     1.000000        -1.056257        -1.043161       -1.3096176E-02    0.1653460         6.047924    
 ten60                tensio        -1.060850        -1.047598       -1.3251598E-02     1.000000        -1.060850        -1.047598       -1.3251598E-02    0.1653460         6.047924    
 ten61                tensio        -1.063720        -1.056594       -7.1258622E-03     1.000000        -1.063720        -1.056594       -7.1258622E-03    0.1653460         6.047924    
 ten62                tensio        -1.068312        -1.061154       -7.1582847E-03     1.000000        -1.068312        -1.061154       -7.1582847E-03    0.1653460         6.047924    
 ten63                tensio        -1.072331        -1.065755       -6.5756544E-03     1.000000        -1.072331        -1.065755       -6.5756544E-03    0.1653460         6.047924    
 ten64                tensio        -1.075775        -1.070399       -5.3759713E-03     1.000000        -1.075775        -1.070399       -5.3759713E-03    0.1653460         6.047924    
 ten65                tensio        -1.078071        -1.079817        1.7458175E-03     1.000000        -1.078071        -1.079817        1.7458175E-03    0.1653460         6.047924    
 ten66                tensio        -1.082090        -1.084592        2.5024478E-03     1.000000        -1.082090        -1.084592        2.5024478E-03    0.1653460         6.047924    
 ten67                tensio        -1.085534        -1.089413        3.8791309E-03     1.000000        -1.085534        -1.089413        3.8791309E-03    0.1653460         6.047924    
 ten68                tensio        -1.088404        -1.094279        5.8748668E-03     1.000000        -1.088404        -1.094279        5.8748668E-03    0.1653460         6.047924    
 ten69                tensio        -1.091274        -1.099192        7.9176028E-03     1.000000        -1.091274        -1.099192        7.9176028E-03    0.1653460         6.047924    
 ten70                tensio        -1.092423        -1.104152        1.1729497E-02     1.000000        -1.092423        -1.104152        1.1729497E-02    0.1653460         6.047924    
 ten71                tensio        -1.097015        -1.109161        1.2146075E-02     1.000000        -1.097015        -1.109161        1.2146075E-02    0.1653460         6.047924    
 ten72                tensio        -1.100459        -1.114218        1.3758758E-02     1.000000        -1.100459        -1.114218        1.3758758E-02    0.1653460         6.047924    
 ten73                tensio        -1.102181        -1.119324        1.7142599E-02     1.000000        -1.102181        -1.119324        1.7142599E-02    0.1653460         6.047924    
 ten74                tensio        -1.105052        -1.124481        1.9429335E-02     1.000000        -1.105052        -1.124481        1.9429335E-02    0.1653460         6.047924    
 ten75                tensio        -1.107348        -1.129690        2.2342124E-02     1.000000        -1.107348        -1.129690        2.2342124E-02    0.1653460         6.047924    
 ten76                tensio        -1.109644        -1.134950        2.5305913E-02     1.000000        -1.109644        -1.134950        2.5305913E-02    0.1653460         6.047924    
 ten77                tensio        -1.113088        -1.140263        2.7174596E-02     1.000000        -1.113088        -1.140263        2.7174596E-02    0.1653460         6.047924    
 ten78                tensio        -1.114237        -1.145629        3.1392490E-02     1.000000        -1.114237        -1.145629        3.1392490E-02    0.1653460         6.047924    
 ten79                tensio        -1.117107        -1.145629        2.8522226E-02     1.000000        -1.117107        -1.145629        2.8522226E-02    0.1653460         6.047924    
 ten80                tensio        -1.120551        -1.151051        3.0499909E-02     1.000000        -1.120551        -1.151051        3.0499909E-02    0.1653460         6.047924    
 ten81                tensio        -1.122847        -1.156527        3.3679698E-02     1.000000        -1.122847        -1.156527        3.3679698E-02    0.1653460         6.047924    
 ten82                tensio        -1.125144        -1.162060        3.6916487E-02     1.000000        -1.125144        -1.162060        3.6916487E-02    0.1653460         6.047924    
 ten83                tensio        -1.128014        -1.162060        3.4046223E-02     1.000000        -1.128014        -1.162060        3.4046223E-02    0.1653460         6.047924    
 ten84                tensio        -1.130310        -1.167651        3.7341011E-02     1.000000        -1.130310        -1.167651        3.7341011E-02    0.1653460         6.047924    
 ten85                tensio        -1.131458        -1.173299        4.1840906E-02     1.000000        -1.131458        -1.173299        4.1840906E-02    0.1653460         6.047924    
 ten86                tensio        -1.135476        -1.179007        4.3530536E-02     1.000000        -1.135476        -1.179007        4.3530536E-02    0.1653460         6.047924    
 ten87                tensio        -1.137199        -1.179007        4.1808378E-02     1.000000        -1.137199        -1.179007        4.1808378E-02    0.1653460         6.047924    
 ten88                tensio        -1.137773        -1.184775        4.7002325E-02     1.000000        -1.137773        -1.184775        4.7002325E-02    0.1653460         6.047924    
 ten89                tensio        -1.139495        -1.190605        5.1110166E-02     1.000000        -1.139495        -1.190605        5.1110166E-02    0.1653460         6.047924    
 ten90                tensio        -1.142939        -1.190605        4.7665850E-02     1.000000        -1.142939        -1.190605        4.7665850E-02    0.1653460         6.047924    
 ten91                tensio        -1.144661        -1.196497        5.1835691E-02     1.000000        -1.144661        -1.196497        5.1835691E-02    0.1653460         6.047924    
 ten92                tensio        -1.146958        -1.196497        4.9539480E-02     1.000000        -1.146958        -1.196497        4.9539480E-02    0.1653460         6.047924    
 ten93                tensio        -1.148106        -1.202452        5.4346374E-02     1.000000        -1.148106        -1.202452        5.4346374E-02    0.1653460         6.047924    
 ten94                tensio        -1.150402        -1.208472        5.8070163E-02     1.000000        -1.150402        -1.208472        5.8070163E-02    0.1653460         6.047924    
 ten95                tensio        -1.157290        -1.208472        5.1181529E-02     1.000000        -1.157290        -1.208472        5.1181529E-02    0.1653460         6.047924    
 ten96                tensio        -1.153846        -1.214557        6.0710846E-02     1.000000        -1.153846        -1.214557        6.0710846E-02    0.1653460         6.047924    
