 Name                 Group          Measured         Modelled         Residual         Weight       Weight*Measured    Weight*Modelled  Weight*Residual  Measurement_sd   Natural_weight
 ten1                 tensio        -1.464409        -1.752950        0.2885413         1.000000        -1.464409        -1.752950        0.2885413        0.1681990         5.945340    
 ten2                 tensio        -1.460964        -1.752950        0.2919856         1.000000        -1.460964        -1.752950        0.2919856        0.1681990         5.945340    
 ten3                 tensio        -1.458668        -1.752950        0.2942818         1.000000        -1.458668        -1.752950        0.2942818        0.1681990         5.945340    
 ten4                 tensio        -1.459816        -1.752950        0.2931337         1.000000        -1.459816        -1.752950        0.2931337        0.1681990         5.945340    
 ten5                 tensio        -1.456946        -1.752950        0.2960040         1.000000        -1.456946        -1.752950        0.2960040        0.1681990         5.945340    
 ten6                 tensio        -1.461538        -1.752950        0.2914115         1.000000        -1.461538        -1.752950        0.2914115        0.1681990         5.945340    
 ten7                 tensio        -1.460390        -1.752950        0.2925596         1.000000        -1.460390        -1.752950        0.2925596        0.1681990         5.945340    
 ten8                 tensio        -1.458668        -1.752950        0.2942818         1.000000        -1.458668        -1.752950        0.2942818        0.1681990         5.945340    
 ten9                 tensio        -1.462113        -1.752950        0.2908375         1.000000        -1.462113        -1.752950        0.2908375        0.1681990         5.945340    
 ten10                tensio        -1.453502        -1.752950        0.2994483         1.000000        -1.453502        -1.752950        0.2994483        0.1681990         5.945340    
 ten11                tensio        -1.454076        -1.752950        0.2988742         1.000000        -1.454076        -1.752950        0.2988742        0.1681990         5.945340    
 ten12                tensio        -1.451780        -1.752950        0.3011704         1.000000        -1.451780        -1.752950        0.3011704        0.1681990         5.945340    
 ten13                tensio        -1.452354        -1.752950        0.3005964         1.000000        -1.452354        -1.752950        0.3005964        0.1681990         5.945340    
 ten14                tensio        -1.458668        -1.752950        0.2942818         1.000000        -1.458668        -1.752950        0.2942818        0.1681990         5.945340    
 ten15                tensio        -1.452354        -1.752950        0.3005964         1.000000        -1.452354        -1.752950        0.3005964        0.1681990         5.945340    
 ten16                tensio        -1.448909        -1.752950        0.3040407         1.000000        -1.448909        -1.752950        0.3040407        0.1681990         5.945340    
 ten17                tensio        -1.449483        -1.752950        0.3034666         1.000000        -1.449483        -1.752950        0.3034666        0.1681990         5.945340    
 ten18                tensio        -1.430540        -1.752950        0.3224104         1.000000        -1.430540        -1.752950        0.3224104        0.1681990         5.945340    
 ten19                tensio        -1.404133        -1.752950        0.3488168         1.000000        -1.404133        -1.752950        0.3488168        0.1681990         5.945340    
 ten20                tensio        -1.320321        -1.752950        0.4326285         1.000000        -1.320321        -1.752950        0.4326285        0.1681990         5.945340    
 ten21                tensio        -1.060276        -1.128981        6.8705455E-02     1.000000        -1.060276        -1.128981        6.8705455E-02    0.1681990         5.945340    
 ten22                tensio       -0.7824340        -1.014156        0.2317220         1.000000       -0.7824340        -1.014156        0.2317220        0.1681990         5.945340    
 ten23                tensio       -0.7169920       -0.9563400        0.2393480         1.000000       -0.7169920       -0.9563400        0.2393480        0.1681990         5.945340    
 ten24                tensio       -0.7112514       -0.9563400        0.2450886         1.000000       -0.7112514       -0.9563400        0.2450886        0.1681990         5.945340    
 ten25                tensio       -0.7123995       -0.9563400        0.2439405         1.000000       -0.7123995       -0.9563400        0.2439405        0.1681990         5.945340    
 ten26                tensio       -0.7152698       -0.9563400        0.2410702         1.000000       -0.7152698       -0.9563400        0.2410702        0.1681990         5.945340    
 ten27                tensio       -0.7169920       -0.9599790        0.2429870         1.000000       -0.7169920       -0.9599790        0.2429870        0.1681990         5.945340    
 ten28                tensio       -0.7307692       -0.9599790        0.2292098         1.000000       -0.7307692       -0.9599790        0.2292098        0.1681990         5.945340    
 ten29                tensio       -0.7669346       -0.9599790        0.1930444         1.000000       -0.7669346       -0.9599790        0.1930444        0.1681990         5.945340    
 ten30                tensio       -0.7887486       -0.9636480        0.1748994         1.000000       -0.7887486       -0.9636480        0.1748994        0.1681990         5.945340    
 ten31                tensio       -0.8088404       -0.9636480        0.1548076         1.000000       -0.8088404       -0.9636480        0.1548076        0.1681990         5.945340    
 ten32                tensio       -0.8283582       -0.9636480        0.1352898         1.000000       -0.8283582       -0.9636480        0.1352898        0.1681990         5.945340    
 ten33                tensio       -0.8467279       -0.9673460        0.1206181         1.000000       -0.8467279       -0.9673460        0.1206181        0.1681990         5.945340    
 ten34                tensio       -0.8639495       -0.9673460        0.1033965         1.000000       -0.8639495       -0.9673460        0.1033965        0.1681990         5.945340    
 ten35                tensio       -0.8828932       -0.9673460        8.4452774E-02     1.000000       -0.8828932       -0.9673460        8.4452774E-02    0.1681990         5.945340    
 ten36                tensio       -0.8960964       -0.9710740        7.4977559E-02     1.000000       -0.8960964       -0.9710740        7.4977559E-02    0.1681990         5.945340    
 ten37                tensio       -0.9064294       -0.9710740        6.4644608E-02     1.000000       -0.9064294       -0.9710740        6.4644608E-02    0.1681990         5.945340    
 ten38                tensio       -0.9173364       -0.9710740        5.3737605E-02     1.000000       -0.9173364       -0.9710740        5.3737605E-02    0.1681990         5.945340    
 ten39                tensio       -0.9282434       -0.9748310        4.6587602E-02     1.000000       -0.9282434       -0.9748310        4.6587602E-02    0.1681990         5.945340    
 ten40                tensio       -0.9380023       -0.9748310        3.6828704E-02     1.000000       -0.9380023       -0.9748310        3.6828704E-02    0.1681990         5.945340    
 ten41                tensio       -0.9477612       -0.9748310        2.7069806E-02     1.000000       -0.9477612       -0.9748310        2.7069806E-02    0.1681990         5.945340    
 ten42                tensio       -0.9552239       -0.9786200        2.3396119E-02     1.000000       -0.9552239       -0.9786200        2.3396119E-02    0.1681990         5.945340    
 ten43                tensio       -0.9632606       -0.9786200        1.5359380E-02     1.000000       -0.9632606       -0.9786200        1.5359380E-02    0.1681990         5.945340    
 ten44                tensio       -0.9712974       -0.9824390        1.1141641E-02     1.000000       -0.9712974       -0.9824390        1.1141641E-02    0.1681990         5.945340    
 ten45                tensio       -0.9799082       -0.9824390        2.5308484E-03     1.000000       -0.9799082       -0.9824390        2.5308484E-03    0.1681990         5.945340    
 ten46                tensio       -0.9862227       -0.9824390       -3.7837325E-03     1.000000       -0.9862227       -0.9824390       -3.7837325E-03    0.1681990         5.945340    
 ten47                tensio       -0.9936854       -0.9862890       -7.3964191E-03     1.000000       -0.9936854       -0.9862890       -7.3964191E-03    0.1681990         5.945340    
 ten48                tensio        -1.000574       -0.9862890       -1.4285053E-02     1.000000        -1.000574       -0.9862890       -1.4285053E-02    0.1681990         5.945340    
 ten49                tensio        -1.006889       -0.9901710       -1.6717634E-02     1.000000        -1.006889       -0.9901710       -1.6717634E-02    0.1681990         5.945340    
 ten50                tensio        -1.013203       -0.9901710       -2.3032215E-02     1.000000        -1.013203       -0.9901710       -2.3032215E-02    0.1681990         5.945340    
 ten51                tensio        -1.020092       -0.9940860       -2.6005848E-02     1.000000        -1.020092       -0.9940860       -2.6005848E-02    0.1681990         5.945340    
 ten52                tensio        -1.025832        -1.006026       -1.9806377E-02     1.000000        -1.025832        -1.006026       -1.9806377E-02    0.1681990         5.945340    
 ten53                tensio        -1.030999        -1.010074       -2.0924852E-02     1.000000        -1.030999        -1.010074       -2.0924852E-02    0.1681990         5.945340    
 ten54                tensio        -1.035591        -1.018272       -1.7319274E-02     1.000000        -1.035591        -1.018272       -1.7319274E-02    0.1681990         5.945340    
 ten55                tensio        -1.039610        -1.026613       -1.2996644E-02     1.000000        -1.039610        -1.026613       -1.2996644E-02    0.1681990         5.945340    
 ten56                tensio        -1.044202        -1.035099       -9.1030666E-03     1.000000        -1.044202        -1.035099       -9.1030666E-03    0.1681990         5.945340    
 ten57                tensio        -1.049943        -1.039398       -1.0544595E-02     1.000000        -1.049943        -1.039398       -1.0544595E-02    0.1681990         5.945340    
 ten58                tensio        -1.052813        -1.048110       -4.7028588E-03     1.000000        -1.052813        -1.048110       -4.7028588E-03    0.1681990         5.945340    
 ten59                tensio        -1.056257        -1.052525       -3.7321757E-03     1.000000        -1.056257        -1.052525       -3.7321757E-03    0.1681990         5.945340    
 ten60                tensio        -1.060850        -1.061474        6.2440184E-04     1.000000        -1.060850        -1.061474        6.2440184E-04    0.1681990         5.945340    
 ten61                tensio        -1.063720        -1.066009        2.2891378E-03     1.000000        -1.063720        -1.066009        2.2891378E-03    0.1681990         5.945340    
 ten62                tensio        -1.068312        -1.075205        6.8927153E-03     1.000000        -1.068312        -1.075205        6.8927153E-03    0.1681990         5.945340    
 ten63                tensio        -1.072331        -1.079867        7.5363456E-03     1.000000        -1.072331        -1.079867        7.5363456E-03    0.1681990         5.945340    
 ten64                tensio        -1.075775        -1.084572        8.7970287E-03     1.000000        -1.075775        -1.084572        8.7970287E-03    0.1681990         5.945340    
 ten65                tensio        -1.078071        -1.089321        1.1249817E-02     1.000000        -1.078071        -1.089321        1.1249817E-02    0.1681990         5.945340    
 ten66                tensio        -1.082090        -1.098953        1.6863448E-02     1.000000        -1.082090        -1.098953        1.6863448E-02    0.1681990         5.945340    
 ten67                tensio        -1.085534        -1.103838        1.8304131E-02     1.000000        -1.085534        -1.103838        1.8304131E-02    0.1681990         5.945340    
 ten68                tensio        -1.088404        -1.108770        2.0365867E-02     1.000000        -1.088404        -1.108770        2.0365867E-02    0.1681990         5.945340    
 ten69                tensio        -1.091274        -1.113750        2.2475603E-02     1.000000        -1.091274        -1.113750        2.2475603E-02    0.1681990         5.945340    
 ten70                tensio        -1.092423        -1.118778        2.6355497E-02     1.000000        -1.092423        -1.118778        2.6355497E-02    0.1681990         5.945340    
 ten71                tensio        -1.097015        -1.123854        2.6839075E-02     1.000000        -1.097015        -1.123854        2.6839075E-02    0.1681990         5.945340    
 ten72                tensio        -1.100459        -1.128981        2.8521758E-02     1.000000        -1.100459        -1.128981        2.8521758E-02    0.1681990         5.945340    
 ten73                tensio        -1.102181        -1.134158        3.1976599E-02     1.000000        -1.102181        -1.134158        3.1976599E-02    0.1681990         5.945340    
 ten74                tensio        -1.105052        -1.139386        3.4334335E-02     1.000000        -1.105052        -1.139386        3.4334335E-02    0.1681990         5.945340    
 ten75                tensio        -1.107348        -1.144667        3.7319124E-02     1.000000        -1.107348        -1.144667        3.7319124E-02    0.1681990         5.945340    
 ten76                tensio        -1.109644        -1.144667        3.5022913E-02     1.000000        -1.109644        -1.144667        3.5022913E-02    0.1681990         5.945340    
 ten77                tensio        -1.113088        -1.150001        3.6912596E-02     1.000000        -1.113088        -1.150001        3.6912596E-02    0.1681990         5.945340    
 ten78                tensio        -1.114237        -1.155389        4.1152490E-02     1.000000        -1.114237        -1.155389        4.1152490E-02    0.1681990         5.945340    
 ten79                tensio        -1.117107        -1.160831        4.3724226E-02     1.000000        -1.117107        -1.160831        4.3724226E-02    0.1681990         5.945340    
 ten80                tensio        -1.120551        -1.166330        4.5778909E-02     1.000000        -1.120551        -1.166330        4.5778909E-02    0.1681990         5.945340    
 ten81                tensio        -1.122847        -1.171885        4.9037698E-02     1.000000        -1.122847        -1.171885        4.9037698E-02    0.1681990         5.945340    
 ten82                tensio        -1.125144        -1.171885        4.6741487E-02     1.000000        -1.125144        -1.171885        4.6741487E-02    0.1681990         5.945340    
 ten83                tensio        -1.128014        -1.177497        4.9483223E-02     1.000000        -1.128014        -1.177497        4.9483223E-02    0.1681990         5.945340    
 ten84                tensio        -1.130310        -1.183169        5.2859011E-02     1.000000        -1.130310        -1.183169        5.2859011E-02    0.1681990         5.945340    
 ten85                tensio        -1.131458        -1.183169        5.1710906E-02     1.000000        -1.131458        -1.183169        5.1710906E-02    0.1681990         5.945340    
 ten86                tensio        -1.135476        -1.188899        5.3422536E-02     1.000000        -1.135476        -1.188899        5.3422536E-02    0.1681990         5.945340    
 ten87                tensio        -1.137199        -1.194691        5.7492378E-02     1.000000        -1.137199        -1.194691        5.7492378E-02    0.1681990         5.945340    
 ten88                tensio        -1.137773        -1.194691        5.6918325E-02     1.000000        -1.137773        -1.194691        5.6918325E-02    0.1681990         5.945340    
 ten89                tensio        -1.139495        -1.200544        6.1049166E-02     1.000000        -1.139495        -1.200544        6.1049166E-02    0.1681990         5.945340    
 ten90                tensio        -1.142939        -1.206460        6.3520850E-02     1.000000        -1.142939        -1.206460        6.3520850E-02    0.1681990         5.945340    
 ten91                tensio        -1.144661        -1.206460        6.1798691E-02     1.000000        -1.144661        -1.206460        6.1798691E-02    0.1681990         5.945340    
 ten92                tensio        -1.146958        -1.212439        6.5481480E-02     1.000000        -1.146958        -1.212439        6.5481480E-02    0.1681990         5.945340    
 ten93                tensio        -1.148106        -1.218483        7.0377374E-02     1.000000        -1.148106        -1.218483        7.0377374E-02    0.1681990         5.945340    
 ten94                tensio        -1.150402        -1.218483        6.8081163E-02     1.000000        -1.150402        -1.218483        6.8081163E-02    0.1681990         5.945340    
 ten95                tensio        -1.157290        -1.224594        6.7303529E-02     1.000000        -1.157290        -1.224594        6.7303529E-02    0.1681990         5.945340    
 ten96                tensio        -1.153846        -1.224594        7.0747846E-02     1.000000        -1.153846        -1.224594        7.0747846E-02    0.1681990         5.945340    
